step,loss,cumulative_loss_sum
1,4.23828125,4.23828125
2,4.23828125,8.4765625
3,4.23828125,12.71484375
4,4.23828125,16.953125
5,4.23828125,21.19140625
6,4.23828125,25.4296875
7,4.08203125,29.51171875
8,3.947265625,33.458984375
9,3.80078125,37.259765625
10,3.666015625,40.92578125
11,3.521484375,44.447265625
12,3.375,47.822265625
13,3.234375,51.056640625
14,3.078125,54.134765625
15,2.93359375,57.068359375
16,2.796875,59.865234375
17,2.677734375,62.54296875
18,2.55859375,65.1015625
19,2.396484375,67.498046875
20,2.2734375,69.771484375
21,2.123046875,71.89453125
22,1.9697265625,73.8642578125
23,1.8291015625,75.693359375
24,1.71875,77.412109375
25,1.5947265625,79.0068359375
26,1.4833984375,80.490234375
27,1.3818359375,81.8720703125
28,1.2958984375,83.16796875
29,1.2021484375,84.3701171875
30,1.09765625,85.4677734375
31,0.99658203125,86.46435546875
32,0.90625,87.37060546875
33,0.80078125,88.17138671875
34,0.72119140625,88.892578125
35,0.63427734375,89.52685546875
36,0.5703125,90.09716796875
37,0.51806640625,90.615234375
38,0.46484375,91.080078125
39,0.417724609375,91.497802734375
40,0.373779296875,91.87158203125
41,0.3330078125,92.20458984375
42,0.300537109375,92.505126953125
43,0.2724609375,92.777587890625
44,0.2471923828125,93.0247802734375
45,0.2220458984375,93.246826171875
46,0.2003173828125,93.4471435546875
47,0.181884765625,93.6290283203125
48,0.16259765625,93.7916259765625
49,0.147216796875,93.9388427734375
50,0.132080078125,94.0709228515625
51,0.12030029296875,94.19122314453125
52,0.10845947265625,94.2996826171875
53,0.0986328125,94.3983154296875
54,0.08917236328125,94.48748779296875
55,0.081298828125,94.56878662109375
56,0.07427978515625,94.64306640625
57,0.06829833984375,94.71136474609375
58,0.06207275390625,94.7734375
59,0.056793212890625,94.83023071289062
60,0.0518798828125,94.88211059570312
61,0.047027587890625,94.92913818359375
62,0.04278564453125,94.971923828125
63,0.038787841796875,95.01071166992188
64,0.034912109375,95.04562377929688
65,0.03173828125,95.07736206054688
66,0.0287933349609375,95.10615539550781
67,0.0260467529296875,95.1322021484375
68,0.023590087890625,95.15579223632812
69,0.021514892578125,95.17730712890625
70,0.0195159912109375,95.19682312011719
71,0.0178375244140625,95.21466064453125
72,0.0161285400390625,95.23078918457031
73,0.01468658447265625,95.24547576904297
74,0.01348876953125,95.25896453857422
75,0.01239776611328125,95.2713623046875
76,0.01120758056640625,95.2825698852539
77,0.0103302001953125,95.29290008544922
78,0.0094146728515625,95.30231475830078
79,0.00864410400390625,95.31095886230469
80,0.00806427001953125,95.31902313232422
81,0.007434844970703125,95.32645797729492
82,0.00696563720703125,95.33342361450195
83,0.006580352783203125,95.34000396728516
84,0.006153106689453125,95.34615707397461
85,0.005870819091796875,95.3520278930664
86,0.0055999755859375,95.35762786865234
87,0.005344390869140625,95.36297225952148
88,0.00511932373046875,95.36809158325195
89,0.00487518310546875,95.37296676635742
90,0.00466156005859375,95.37762832641602
91,0.004474639892578125,95.3821029663086
92,0.004268646240234375,95.38637161254883
93,0.004108428955078125,95.3904800415039
94,0.003978729248046875,95.39445877075195
95,0.0038166046142578125,95.39827537536621
96,0.0036773681640625,95.40195274353027
97,0.0035381317138671875,95.40549087524414
98,0.00342559814453125,95.40891647338867
99,0.0033111572265625,95.41222763061523
100,0.0031986236572265625,95.41542625427246
101,0.003116607666015625,95.41854286193848
102,0.0030269622802734375,95.42156982421875
103,0.0029392242431640625,95.42450904846191
104,0.0028820037841796875,95.4273910522461
105,0.002811431884765625,95.43020248413086
106,0.0027313232421875,95.43293380737305
107,0.0026416778564453125,95.43557548522949
108,0.0025959014892578125,95.43817138671875
109,0.0025177001953125,95.44068908691406
110,0.002445220947265625,95.44313430786133
111,0.00238800048828125,95.44552230834961
112,0.00235748291015625,95.44787979125977
113,0.0023059844970703125,95.45018577575684
114,0.0022487640380859375,95.45243453979492
115,0.0022029876708984375,95.45463752746582
116,0.002170562744140625,95.45680809020996
117,0.0021190643310546875,95.45892715454102
118,0.0020771026611328125,95.46100425720215
119,0.002048492431640625,95.46305274963379
120,0.0020084381103515625,95.46506118774414
121,0.001983642578125,95.46704483032227
122,0.00194549560546875,95.46899032592773
123,0.001895904541015625,95.47088623046875
124,0.0018787384033203125,95.47276496887207
125,0.001834869384765625,95.47459983825684
126,0.001819610595703125,95.47641944885254
127,0.0017795562744140625,95.47819900512695
128,0.0017461776733398438,95.4799451828003
129,0.001720428466796875,95.48166561126709
130,0.0017004013061523438,95.48336601257324
131,0.0016603469848632812,95.4850263595581
132,0.0016450881958007812,95.4866714477539
133,0.0016164779663085938,95.48828792572021
134,0.0015954971313476562,95.48988342285156
135,0.0015707015991210938,95.49145412445068
136,0.0015497207641601562,95.49300384521484
137,0.0015316009521484375,95.49453544616699
138,0.0015087127685546875,95.49604415893555
139,0.0014801025390625,95.49752426147461
140,0.001468658447265625,95.49899291992188
141,0.0014371871948242188,95.5004301071167
142,0.0014200210571289062,95.50185012817383
143,0.0014009475708007812,95.50325107574463
144,0.0013942718505859375,95.50464534759521
145,0.001377105712890625,95.5060224533081
146,0.0013551712036132812,95.50737762451172
147,0.0013399124145507812,95.50871753692627
148,0.0013113021850585938,95.51002883911133
149,0.0013036727905273438,95.51133251190186
150,0.0012807846069335938,95.51261329650879
151,0.0012598037719726562,95.51387310028076
152,0.001251220703125,95.51512432098389
153,0.0012378692626953125,95.51636219024658
154,0.0012226104736328125,95.51758480072021
155,0.00119781494140625,95.51878261566162
156,0.001194000244140625,95.51997661590576
157,0.0011796951293945312,95.52115631103516
158,0.001171112060546875,95.5223274230957
159,0.00115203857421875,95.52347946166992
160,0.001140594482421875,95.52462005615234
161,0.0011281967163085938,95.52574825286865
162,0.001117706298828125,95.52686595916748
163,0.0011014938354492188,95.52796745300293
164,0.0010890960693359375,95.52905654907227
165,0.0010805130004882812,95.53013706207275
166,0.001071929931640625,95.5312089920044
167,0.0010538101196289062,95.53226280212402
168,0.0010547637939453125,95.53331756591797
169,0.0010347366333007812,95.53435230255127
170,0.0010242462158203125,95.53537654876709
171,0.0010223388671875,95.53639888763428
172,0.001010894775390625,95.53740978240967
173,0.001007080078125,95.5384168624878
174,0.0009946823120117188,95.5394115447998
