step,loss,cumulative_loss_sum
1,3.677734375,3.677734375
2,3.677734375,7.35546875
3,3.677734375,11.033203125
4,3.677734375,14.7109375
5,3.677734375,18.388671875
6,3.677734375,22.06640625
7,3.46875,25.53515625
8,3.275390625,28.810546875
9,3.115234375,31.92578125
10,2.9453125,34.87109375
11,2.77734375,37.6484375
12,2.619140625,40.267578125
13,2.46875,42.736328125
14,2.34765625,45.083984375
15,2.212890625,47.296875
16,2.08984375,49.38671875
17,1.9853515625,51.3720703125
18,1.8759765625,53.248046875
19,1.7734375,55.021484375
20,1.689453125,56.7109375
21,1.6044921875,58.3154296875
22,1.5234375,59.8388671875
23,1.4462890625,61.28515625
24,1.36328125,62.6484375
25,1.2939453125,63.9423828125
26,1.2255859375,65.16796875
27,1.1640625,66.33203125
28,1.0927734375,67.4248046875
29,1.03515625,68.4599609375
30,0.98095703125,69.44091796875
31,0.943359375,70.38427734375
32,0.89111328125,71.275390625
33,0.86279296875,72.13818359375
34,0.8125,72.95068359375
35,0.77197265625,73.72265625
36,0.728515625,74.451171875
37,0.693359375,75.14453125
38,0.666015625,75.810546875
39,0.63720703125,76.44775390625
40,0.6044921875,77.05224609375
41,0.5732421875,77.62548828125
42,0.53857421875,78.1640625
43,0.5126953125,78.6767578125
44,0.486328125,79.1630859375
45,0.4609375,79.6240234375
46,0.43505859375,80.05908203125
47,0.406982421875,80.466064453125
48,0.3828125,80.848876953125
49,0.361083984375,81.2099609375
50,0.336669921875,81.546630859375
51,0.31494140625,81.861572265625
52,0.293212890625,82.15478515625
53,0.274658203125,82.429443359375
54,0.2578125,82.687255859375
55,0.241455078125,82.9287109375
56,0.2261962890625,83.1549072265625
57,0.2115478515625,83.366455078125
58,0.192138671875,83.55859375
59,0.1832275390625,83.7418212890625
60,0.170654296875,83.9124755859375
61,0.160400390625,84.0728759765625
62,0.150146484375,84.2230224609375
63,0.1390380859375,84.362060546875
64,0.13134765625,84.493408203125
65,0.122314453125,84.61572265625
66,0.11663818359375,84.73236083984375
67,0.10833740234375,84.8406982421875
68,0.102783203125,84.9434814453125
69,0.09423828125,85.0377197265625
70,0.08990478515625,85.12762451171875
71,0.0830078125,85.21063232421875
72,0.07958984375,85.29022216796875
73,0.073974609375,85.36419677734375
74,0.06927490234375,85.4334716796875
75,0.064697265625,85.4981689453125
76,0.06085205078125,85.55902099609375
77,0.056915283203125,85.61593627929688
78,0.05322265625,85.66915893554688
79,0.050384521484375,85.71954345703125
80,0.047149658203125,85.76669311523438
81,0.043975830078125,85.8106689453125
82,0.041778564453125,85.85244750976562
83,0.03857421875,85.89102172851562
84,0.0360107421875,85.92703247070312
85,0.034210205078125,85.96124267578125
86,0.031890869140625,85.99313354492188
87,0.0293426513671875,86.02247619628906
88,0.0274505615234375,86.0499267578125
89,0.025909423828125,86.07583618164062
90,0.0247344970703125,86.10057067871094
91,0.02301025390625,86.12358093261719
92,0.021453857421875,86.14503479003906
93,0.0203399658203125,86.16537475585938
94,0.019378662109375,86.18475341796875
95,0.0182952880859375,86.20304870605469
96,0.0172882080078125,86.2203369140625
97,0.0165863037109375,86.23692321777344
98,0.01561737060546875,86.2525405883789
99,0.0147705078125,86.2673110961914
100,0.0135345458984375,86.28084564208984
101,0.01285552978515625,86.293701171875
102,0.012237548828125,86.30593872070312
103,0.01180267333984375,86.31774139404297
104,0.0109405517578125,86.32868194580078
105,0.0101470947265625,86.33882904052734
106,0.0094757080078125,86.34830474853516
107,0.0088653564453125,86.35717010498047
108,0.00841522216796875,86.36558532714844
109,0.0077667236328125,86.37335205078125
110,0.007305145263671875,86.38065719604492
111,0.00693511962890625,86.38759231567383
112,0.0063629150390625,86.39395523071289
113,0.00604248046875,86.39999771118164
114,0.00560760498046875,86.40560531616211
115,0.005313873291015625,86.41091918945312
116,0.00505828857421875,86.41597747802734
117,0.00485992431640625,86.42083740234375
118,0.00460052490234375,86.4254379272461
119,0.004413604736328125,86.42985153198242
120,0.004199981689453125,86.43405151367188
121,0.004070281982421875,86.4381217956543
122,0.003910064697265625,86.44203186035156
123,0.003757476806640625,86.4457893371582
124,0.003650665283203125,86.4494400024414
125,0.0035152435302734375,86.45295524597168
126,0.0033588409423828125,86.45631408691406
127,0.0032901763916015625,86.45960426330566
128,0.0031147003173828125,86.46271896362305
129,0.00301361083984375,86.46573257446289
130,0.0028743743896484375,86.46860694885254
131,0.0027942657470703125,86.47140121459961
132,0.0027141571044921875,86.4741153717041
133,0.0026454925537109375,86.47676086425781
134,0.00255584716796875,86.47931671142578
135,0.0025196075439453125,86.48183631896973
136,0.0024089813232421875,86.48424530029297
137,0.0023326873779296875,86.4865779876709
138,0.0022945404052734375,86.48887252807617
139,0.0022220611572265625,86.4910945892334
140,0.00218963623046875,86.49328422546387
141,0.0021209716796875,86.49540519714355
142,0.00208282470703125,86.49748802185059
143,0.002025604248046875,86.49951362609863
144,0.0019893646240234375,86.50150299072266
145,0.0019407272338867188,86.50344371795654
146,0.0018939971923828125,86.50533771514893
147,0.0018663406372070312,86.50720405578613
148,0.0018291473388671875,86.509033203125
149,0.0018024444580078125,86.51083564758301
150,0.0017576217651367188,86.51259326934814
151,0.0017232894897460938,86.51431655883789
152,0.0017004013061523438,86.51601696014404
153,0.0016679763793945312,86.51768493652344
154,0.0016307830810546875,86.51931571960449
155,0.0016155242919921875,86.52093124389648
156,0.0015964508056640625,86.52252769470215
157,0.00156402587890625,86.52409172058105
158,0.0015230178833007812,86.52561473846436
159,0.0014925003051757812,86.52710723876953
160,0.0014781951904296875,86.52858543395996
161,0.00145721435546875,86.53004264831543
162,0.0014438629150390625,86.53148651123047
163,0.0014181137084960938,86.53290462493896
164,0.0014047622680664062,86.53430938720703
165,0.001377105712890625,86.53568649291992
166,0.0013666152954101562,86.53705310821533
167,0.0013532638549804688,86.53840637207031
168,0.0013294219970703125,86.53973579406738
169,0.001300811767578125,86.54103660583496
170,0.0012912750244140625,86.54232788085938
171,0.001277923583984375,86.54360580444336
172,0.0012693405151367188,86.5448751449585
173,0.0012378692626953125,86.54611301422119
174,0.0012264251708984375,86.54733943939209
175,0.0012044906616210938,86.54854393005371
176,0.0012025833129882812,86.5497465133667
177,0.001163482666015625,86.55090999603271
178,0.0011701583862304688,86.55208015441895
179,0.0011568069458007812,86.55323696136475
180,0.0011510848999023438,86.55438804626465
181,0.0011348724365234375,86.55552291870117
182,0.0011167526245117188,86.55663967132568
183,0.0011072158813476562,86.55774688720703
184,0.00109100341796875,86.558837890625
185,0.0010843276977539062,86.55992221832275
186,0.001068115234375,86.56099033355713
187,0.0010499954223632812,86.56204032897949
188,0.0010547637939453125,86.56309509277344
189,0.001041412353515625,86.56413650512695
190,0.0010271072387695312,86.56516361236572
191,0.00101470947265625,86.56617832183838
192,0.001007080078125,86.5671854019165
193,0.0009984970092773438,86.56818389892578
