step,loss,cumulative_loss_sum
1,3.02734375,3.02734375
2,3.02734375,6.0546875
3,3.02734375,9.08203125
4,3.02734375,12.109375
5,3.02734375,15.13671875
6,3.02734375,18.1640625
7,2.865234375,21.029296875
8,2.7109375,23.740234375
9,2.583984375,26.32421875
10,2.439453125,28.763671875
11,2.341796875,31.10546875
12,2.216796875,33.322265625
13,2.103515625,35.42578125
14,1.9853515625,37.4111328125
15,1.8740234375,39.28515625
16,1.7705078125,41.0556640625
17,1.6591796875,42.71484375
18,1.5576171875,44.2724609375
19,1.451171875,45.7236328125
20,1.345703125,47.0693359375
21,1.2548828125,48.32421875
22,1.166015625,49.490234375
23,1.091796875,50.58203125
24,1.0166015625,51.5986328125
25,0.9599609375,52.55859375
26,0.89697265625,53.45556640625
27,0.83984375,54.29541015625
28,0.7890625,55.08447265625
29,0.740234375,55.82470703125
30,0.689453125,56.51416015625
31,0.6533203125,57.16748046875
32,0.61328125,57.78076171875
33,0.578125,58.35888671875
34,0.54541015625,58.904296875
35,0.5126953125,59.4169921875
36,0.485107421875,59.902099609375
37,0.451416015625,60.353515625
38,0.4228515625,60.7763671875
39,0.39892578125,61.17529296875
40,0.37353515625,61.548828125
41,0.347900390625,61.896728515625
42,0.32421875,62.220947265625
43,0.301513671875,62.5224609375
44,0.2802734375,62.802734375
45,0.2607421875,63.0634765625
46,0.2445068359375,63.3079833984375
47,0.2265625,63.5345458984375
48,0.2108154296875,63.745361328125
49,0.1962890625,63.941650390625
50,0.1820068359375,64.1236572265625
51,0.168212890625,64.2918701171875
52,0.1580810546875,64.449951171875
53,0.1470947265625,64.5970458984375
54,0.1376953125,64.7347412109375
55,0.1282958984375,64.863037109375
56,0.11895751953125,64.98199462890625
57,0.11199951171875,65.093994140625
58,0.10357666015625,65.19757080078125
59,0.0958251953125,65.29339599609375
60,0.08843994140625,65.3818359375
61,0.0826416015625,65.4644775390625
62,0.07666015625,65.5411376953125
63,0.0709228515625,65.612060546875
64,0.06671142578125,65.67877197265625
65,0.0628662109375,65.74163818359375
66,0.058074951171875,65.79971313476562
67,0.053955078125,65.85366821289062
68,0.05035400390625,65.90402221679688
69,0.046630859375,65.95065307617188
70,0.04278564453125,65.99343872070312
71,0.039337158203125,66.03277587890625
72,0.035491943359375,66.06826782226562
73,0.032196044921875,66.1004638671875
74,0.0289306640625,66.12939453125
75,0.0263214111328125,66.15571594238281
76,0.02392578125,66.17964172363281
77,0.0217437744140625,66.20138549804688
78,0.0196990966796875,66.22108459472656
79,0.01788330078125,66.23896789550781
80,0.016143798828125,66.25511169433594
81,0.014862060546875,66.26997375488281
82,0.013397216796875,66.28337097167969
83,0.012359619140625,66.29573059082031
84,0.01131439208984375,66.30704498291016
85,0.01044464111328125,66.31748962402344
86,0.009613037109375,66.32710266113281
87,0.0088958740234375,66.33599853515625
88,0.00814056396484375,66.3441390991211
89,0.00750732421875,66.35164642333984
90,0.007022857666015625,66.35866928100586
91,0.0067138671875,66.36538314819336
92,0.006320953369140625,66.3717041015625
93,0.005985260009765625,66.37768936157227
94,0.005718231201171875,66.38340759277344
95,0.005458831787109375,66.38886642456055
96,0.0052490234375,66.39411544799805
97,0.00507354736328125,66.39918899536133
98,0.00490570068359375,66.40409469604492
99,0.00470733642578125,66.4088020324707
100,0.0045623779296875,66.41336441040039
101,0.004375457763671875,66.41773986816406
102,0.004261016845703125,66.42200088500977
103,0.004077911376953125,66.42607879638672
104,0.00395965576171875,66.43003845214844
105,0.003879547119140625,66.43391799926758
106,0.0037994384765625,66.43771743774414
107,0.0036830902099609375,66.4414005279541
108,0.00360107421875,66.44500160217285
109,0.00351715087890625,66.44851875305176
110,0.003406524658203125,66.45192527770996
111,0.003353118896484375,66.45527839660645
112,0.0032901763916015625,66.45856857299805
113,0.0031986236572265625,66.46176719665527
114,0.003147125244140625,66.46491432189941
115,0.0030918121337890625,66.4680061340332
116,0.00299072265625,66.47099685668945
117,0.0029468536376953125,66.47394371032715
118,0.0028934478759765625,66.47683715820312
119,0.0028285980224609375,66.47966575622559
120,0.002773284912109375,66.4824390411377
121,0.0027313232421875,66.48517036437988
122,0.0026950836181640625,66.48786544799805
123,0.0026378631591796875,66.49050331115723
124,0.002590179443359375,66.49309349060059
125,0.0025577545166015625,66.49565124511719
126,0.00251007080078125,66.49816131591797
127,0.002460479736328125,66.5006217956543
128,0.0024089813232421875,66.50303077697754
129,0.00238800048828125,66.50541877746582
130,0.002338409423828125,66.50775718688965
131,0.002315521240234375,66.51007270812988
132,0.0022869110107421875,66.51235961914062
133,0.0022754669189453125,66.51463508605957
134,0.002227783203125,66.5168628692627
135,0.0021953582763671875,66.51905822753906
136,0.002166748046875,66.52122497558594
137,0.002132415771484375,66.52335739135742
138,0.0021038055419921875,66.52546119689941
139,0.0021038055419921875,66.5275650024414
140,0.0020618438720703125,66.52962684631348
141,0.002033233642578125,66.53166007995605
142,0.002017974853515625,66.53367805480957
143,0.00199127197265625,66.53566932678223
144,0.00197601318359375,66.53764533996582
145,0.001949310302734375,66.53959465026855
146,0.0019054412841796875,66.54150009155273
147,0.001918792724609375,66.54341888427734
148,0.001880645751953125,66.5452995300293
149,0.00185394287109375,66.54715347290039
150,0.00183868408203125,66.54899215698242
151,0.0018253326416015625,66.55081748962402
152,0.0018148422241210938,66.55263233184814
153,0.0017871856689453125,66.55441951751709
154,0.001766204833984375,66.55618572235107
155,0.0017642974853515625,66.55795001983643
156,0.0017299652099609375,66.55967998504639
157,0.0017261505126953125,66.56140613555908
158,0.0017070770263671875,66.56311321258545
159,0.0016908645629882812,66.56480407714844
160,0.00167083740234375,66.56647491455078
161,0.0016603469848632812,66.56813526153564
162,0.0016412734985351562,66.56977653503418
163,0.0016355514526367188,66.57141208648682
164,0.001613616943359375,66.57302570343018
165,0.0015993118286132812,66.57462501525879
166,0.00157928466796875,66.57620429992676
167,0.0015649795532226562,66.57776927947998
168,0.0015468597412109375,66.57931613922119
169,0.001529693603515625,66.5808458328247
170,0.0015325546264648438,66.58237838745117
171,0.0015134811401367188,66.58389186859131
172,0.0015048980712890625,66.5853967666626
173,0.0014905929565429688,66.58688735961914
174,0.0014781951904296875,66.58836555480957
175,0.0014600753784179688,66.58982563018799
176,0.0014600753784179688,66.5912857055664
177,0.001430511474609375,66.59271621704102
178,0.0014209747314453125,66.59413719177246
179,0.0014181137084960938,66.59555530548096
180,0.00140380859375,66.5969591140747
181,0.001399993896484375,66.59835910797119
182,0.001384735107421875,66.59974384307861
183,0.0013723373413085938,66.60111618041992
184,0.0013484954833984375,66.60246467590332
185,0.0013475418090820312,66.6038122177124
186,0.0013399124145507812,66.60515213012695
187,0.0013341903686523438,66.6064863204956
188,0.0013246536254882812,66.6078109741211
189,0.001316070556640625,66.60912704467773
190,0.0012998580932617188,66.610426902771
191,0.0012903213500976562,66.6117172241211
192,0.0012922286987304688,66.61300945281982
193,0.001277923583984375,66.61428737640381
194,0.0012693405151367188,66.61555671691895
195,0.0012664794921875,66.61682319641113
196,0.0012416839599609375,66.6180648803711
197,0.0012407302856445312,66.61930561065674
198,0.0012388229370117188,66.62054443359375
199,0.0012216567993164062,66.62176609039307
200,0.0012216567993164062,66.62298774719238
201,0.0012044906616210938,66.624192237854
202,0.0012073516845703125,66.62539958953857
203,0.0011949539184570312,66.62659454345703
204,0.0011882781982421875,66.62778282165527
205,0.0011768341064453125,66.62895965576172
206,0.0011720657348632812,66.63013172149658
207,0.0011501312255859375,66.63128185272217
208,0.0011568069458007812,66.63243865966797
209,0.0011529922485351562,66.6335916519165
210,0.001140594482421875,66.63473224639893
211,0.00113677978515625,66.63586902618408
212,0.001132965087890625,66.63700199127197
213,0.001125335693359375,66.63812732696533
214,0.001110076904296875,66.63923740386963
215,0.0011014938354492188,66.64033889770508
216,0.0011081695556640625,66.64144706726074
217,0.0010938644409179688,66.64254093170166
218,0.001087188720703125,66.64362812042236
219,0.001079559326171875,66.64470767974854
220,0.0010709762573242188,66.64577865600586
221,0.0010671615600585938,66.64684581756592
222,0.0010633468627929688,66.64790916442871
223,0.0010547637939453125,66.64896392822266
224,0.0010509490966796875,66.65001487731934
225,0.0010423660278320312,66.65105724334717
226,0.00104522705078125,66.65210247039795
227,0.0010271072387695312,66.65312957763672
228,0.0010290145874023438,66.65415859222412
229,0.0010194778442382812,66.65517807006836
230,0.0010156631469726562,66.65619373321533
231,0.001007080078125,66.65720081329346
232,0.0010013580322265625,66.65820217132568
233,0.0009984970092773438,66.65920066833496
