step,loss,cumulative_loss_sum
1,5.66796875,5.66796875
2,5.66796875,11.3359375
3,5.66796875,17.00390625
4,5.66796875,22.671875
5,5.66796875,28.33984375
6,5.66796875,34.0078125
7,5.53125,39.5390625
8,5.37890625,44.91796875
9,5.1875,50.10546875
10,4.9765625,55.08203125
11,4.73046875,59.8125
12,4.5,64.3125
13,4.265625,68.578125
14,4.265625,72.84375
15,4.1171875,76.9609375
16,3.9296875,80.890625
17,3.74609375,84.63671875
18,3.580078125,88.216796875
19,3.41796875,91.634765625
20,3.244140625,94.87890625
21,3.080078125,97.958984375
22,2.90234375,100.861328125
23,2.716796875,103.578125
24,2.544921875,106.123046875
25,2.365234375,108.48828125
26,2.212890625,110.701171875
27,2.06640625,112.767578125
28,1.943359375,114.7109375
29,1.8203125,116.53125
30,1.7099609375,118.2412109375
31,1.6083984375,119.849609375
32,1.48828125,121.337890625
33,1.365234375,122.703125
34,1.2509765625,123.9541015625
35,1.16015625,125.1142578125
36,1.078125,126.1923828125
37,0.9912109375,127.18359375
38,0.91650390625,128.10009765625
39,0.849609375,128.94970703125
40,0.8095703125,129.75927734375
41,0.7587890625,130.51806640625
42,0.716796875,131.23486328125
43,0.6630859375,131.89794921875
44,0.626953125,132.52490234375
45,0.58935546875,133.1142578125
46,0.55078125,133.6650390625
47,0.50390625,134.1689453125
48,0.46923828125,134.63818359375
49,0.44287109375,135.0810546875
50,0.4150390625,135.49609375
51,0.3896484375,135.8857421875
52,0.364990234375,136.250732421875
53,0.345947265625,136.5966796875
54,0.3251953125,136.921875
55,0.3134765625,137.2353515625
56,0.29443359375,137.52978515625
57,0.2744140625,137.80419921875
58,0.259765625,138.06396484375
59,0.248779296875,138.312744140625
60,0.23193359375,138.544677734375
61,0.2208251953125,138.7655029296875
62,0.213623046875,138.9791259765625
63,0.2030029296875,139.18212890625
64,0.19677734375,139.37890625
65,0.1856689453125,139.5645751953125
66,0.16845703125,139.7330322265625
67,0.1602783203125,139.893310546875
68,0.1514892578125,140.0447998046875
69,0.146240234375,140.1910400390625
70,0.13525390625,140.3262939453125
71,0.1318359375,140.4581298828125
72,0.12408447265625,140.58221435546875
73,0.11956787109375,140.7017822265625
74,0.11236572265625,140.81414794921875
75,0.10626220703125,140.92041015625
76,0.10321044921875,141.02362060546875
77,0.10101318359375,141.1246337890625
78,0.09368896484375,141.21832275390625
79,0.09368896484375,141.31201171875
80,0.08795166015625,141.39996337890625
81,0.084716796875,141.48468017578125
82,0.0838623046875,141.56854248046875
83,0.0810546875,141.64959716796875
84,0.07769775390625,141.727294921875
85,0.076171875,141.803466796875
86,0.07354736328125,141.87701416015625
87,0.07269287109375,141.94970703125
88,0.07073974609375,142.02044677734375
89,0.06915283203125,142.089599609375
90,0.066650390625,142.15625
91,0.06414794921875,142.22039794921875
92,0.06201171875,142.28240966796875
93,0.060699462890625,142.34310913085938
94,0.05987548828125,142.40298461914062
95,0.0582275390625,142.46121215820312
96,0.056671142578125,142.51788330078125
97,0.055389404296875,142.57327270507812
98,0.054229736328125,142.62750244140625
99,0.052276611328125,142.67977905273438
100,0.049896240234375,142.72967529296875
101,0.04852294921875,142.7781982421875
102,0.04852294921875,142.82672119140625
103,0.047760009765625,142.87448120117188
104,0.04608154296875,142.92056274414062
105,0.046173095703125,142.96673583984375
106,0.0445556640625,143.01129150390625
107,0.043060302734375,143.05435180664062
108,0.04290771484375,143.09725952148438
109,0.041351318359375,143.13861083984375
110,0.04046630859375,143.1790771484375
111,0.039337158203125,143.21841430664062
112,0.0379638671875,143.25637817382812
113,0.036895751953125,143.29327392578125
114,0.035858154296875,143.32913208007812
115,0.035308837890625,143.36444091796875
116,0.03424072265625,143.398681640625
117,0.03350830078125,143.43218994140625
118,0.032623291015625,143.46481323242188
119,0.03167724609375,143.49649047851562
120,0.0307464599609375,143.52723693847656
121,0.0291748046875,143.55641174316406
122,0.02862548828125,143.5850372314453
123,0.0279541015625,143.6129913330078
124,0.0272979736328125,143.64028930664062
125,0.0267333984375,143.66702270507812
126,0.026458740234375,143.6934814453125
127,0.0259552001953125,143.7194366455078
128,0.02557373046875,143.74501037597656
129,0.02435302734375,143.7693634033203
130,0.02392578125,143.7932891845703
131,0.0232391357421875,143.8165283203125
132,0.0225677490234375,143.83909606933594
133,0.0218048095703125,143.86090087890625
134,0.0215301513671875,143.88243103027344
135,0.021087646484375,143.9035186767578
136,0.020477294921875,143.9239959716797
137,0.020172119140625,143.9441680908203
138,0.0198516845703125,143.96401977539062
139,0.019317626953125,143.98333740234375
140,0.01922607421875,144.0025634765625
141,0.0182952880859375,144.02085876464844
142,0.01812744140625,144.0389862060547
143,0.0174407958984375,144.05642700195312
144,0.017181396484375,144.0736083984375
145,0.0166473388671875,144.0902557373047
146,0.01641845703125,144.10667419433594
147,0.016021728515625,144.12269592285156
148,0.0157012939453125,144.13839721679688
149,0.01517486572265625,144.15357208251953
150,0.0150909423828125,144.16866302490234
151,0.01458740234375,144.1832504272461
152,0.01433563232421875,144.1975860595703
153,0.01399993896484375,144.21158599853516
154,0.01378631591796875,144.22537231445312
155,0.01336669921875,144.23873901367188
156,0.01300048828125,144.25173950195312
157,0.01284027099609375,144.26457977294922
158,0.01255035400390625,144.27713012695312
159,0.01224517822265625,144.28937530517578
160,0.011993408203125,144.3013687133789
161,0.0115203857421875,144.3128890991211
162,0.0109100341796875,144.32379913330078
163,0.01129150390625,144.33509063720703
164,0.0106201171875,144.34571075439453
165,0.0106658935546875,144.35637664794922
166,0.01004791259765625,144.36642456054688
167,0.010040283203125,144.37646484375
168,0.0097198486328125,144.3861846923828
169,0.00943756103515625,144.39562225341797
170,0.0092315673828125,144.40485382080078
171,0.0089569091796875,144.41381072998047
172,0.00876617431640625,144.42257690429688
173,0.0084381103515625,144.43101501464844
174,0.00829315185546875,144.4393081665039
175,0.00809478759765625,144.44740295410156
176,0.007801055908203125,144.45520401000977
177,0.00771331787109375,144.46291732788086
178,0.00756072998046875,144.47047805786133
179,0.00734710693359375,144.47782516479492
180,0.007289886474609375,144.48511505126953
181,0.007015228271484375,144.49213027954102
182,0.007030487060546875,144.49916076660156
183,0.00664520263671875,144.50580596923828
184,0.006740570068359375,144.51254653930664
185,0.0063934326171875,144.51893997192383
186,0.00635528564453125,144.52529525756836
187,0.006008148193359375,144.53130340576172
188,0.0060577392578125,144.53736114501953
189,0.0057220458984375,144.54308319091797
190,0.005802154541015625,144.54888534545898
191,0.005428314208984375,144.55431365966797
192,0.005245208740234375,144.5595588684082
193,0.005542755126953125,144.56510162353516
194,0.005222320556640625,144.5703239440918
195,0.00499725341796875,144.57532119750977
196,0.00507354736328125,144.58039474487305
197,0.004730224609375,144.58512496948242
198,0.004611968994140625,144.58973693847656
199,0.00455474853515625,144.59429168701172
200,0.004657745361328125,144.59894943237305
201,0.004302978515625,144.60325241088867
202,0.004230499267578125,144.60748291015625
203,0.00435638427734375,144.6118392944336
204,0.004245758056640625,144.61608505249023
205,0.003971099853515625,144.62005615234375
206,0.0038738250732421875,144.623929977417
207,0.00391387939453125,144.62784385681152
208,0.00399017333984375,144.63183403015137
209,0.003635406494140625,144.6354694366455
210,0.0035400390625,144.639009475708
211,0.003681182861328125,144.64269065856934
212,0.0037288665771484375,144.64641952514648
213,0.00339508056640625,144.6498146057129
214,0.0033206939697265625,144.65313529968262
215,0.00322723388671875,144.65636253356934
216,0.0031833648681640625,144.6595458984375
217,0.00315093994140625,144.6626968383789
218,0.0030956268310546875,144.66579246520996
219,0.0030422210693359375,144.6688346862793
220,0.003009796142578125,144.67184448242188
221,0.0029773712158203125,144.6748218536377
222,0.00296783447265625,144.67778968811035
223,0.002910614013671875,144.68070030212402
224,0.002864837646484375,144.6835651397705
225,0.0028476715087890625,144.6864128112793
226,0.00281524658203125,144.68922805786133
227,0.0027713775634765625,144.6919994354248
228,0.002727508544921875,144.69472694396973
229,0.00267791748046875,144.6974048614502
230,0.0026378631591796875,144.70004272460938
231,0.002605438232421875,144.7026481628418
232,0.0025653839111328125,144.70521354675293
233,0.00254058837890625,144.70775413513184
234,0.0025119781494140625,144.71026611328125
235,0.0024204254150390625,144.7126865386963
236,0.00238037109375,144.71506690979004
237,0.002368927001953125,144.717435836792
238,0.0023326873779296875,144.71976852416992
239,0.0022869110107421875,144.72205543518066
240,0.002262115478515625,144.72431755065918
241,0.0022373199462890625,144.72655487060547
242,0.0022125244140625,144.72876739501953
243,0.0021800994873046875,144.73094749450684
244,0.002155303955078125,144.7331027984619
245,0.0021228790283203125,144.73522567749023
246,0.002094268798828125,144.73731994628906
247,0.0020923614501953125,144.73941230773926
248,0.0020465850830078125,144.74145889282227
249,0.00202178955078125,144.74348068237305
250,0.00200653076171875,144.74548721313477
251,0.0019817352294921875,144.74746894836426
252,0.001964569091796875,144.74943351745605
253,0.0019330978393554688,144.7513666152954
254,0.0019435882568359375,144.75331020355225
255,0.001903533935546875,144.7552137374878
256,0.00189208984375,144.75710582733154
257,0.001861572265625,144.75896739959717
258,0.0018367767333984375,144.76080417633057
259,0.0018177032470703125,144.76262187957764
260,0.001796722412109375,144.76441860198975
261,0.001773834228515625,144.76619243621826
262,0.0017652511596679688,144.76795768737793
263,0.0017538070678710938,144.7697114944458
264,0.0017223358154296875,144.77143383026123
265,0.0016927719116210938,144.77312660217285
266,0.0016765594482421875,144.7748031616211
267,0.0016736984252929688,144.7764768600464
268,0.00164031982421875,144.7781171798706
269,0.0016126632690429688,144.77972984313965
270,0.0016031265258789062,144.78133296966553
271,0.0015840530395507812,144.78291702270508
272,0.001560211181640625,144.78447723388672
273,0.0015401840209960938,144.78601741790771
274,0.0015497207641601562,144.78756713867188
275,0.0015192031860351562,144.7890863418579
276,0.001514434814453125,144.79060077667236
277,0.0014820098876953125,144.79208278656006
278,0.0014753341674804688,144.79355812072754
279,0.001461029052734375,144.79501914978027
280,0.0014600753784179688,144.7964792251587
281,0.001445770263671875,144.79792499542236
282,0.001422882080078125,144.79934787750244
283,0.0014162063598632812,144.8007640838623
284,0.0013856887817382812,144.80214977264404
285,0.0013818740844726562,144.80353164672852
286,0.0013599395751953125,144.8048915863037
287,0.0013551712036132812,144.80624675750732
288,0.0013303756713867188,144.8075771331787
289,0.00131988525390625,144.80889701843262
290,0.0013151168823242188,144.81021213531494
291,0.001300811767578125,144.81151294708252
292,0.001285552978515625,144.81279850006104
293,0.00127410888671875,144.81407260894775
294,0.0012617111206054688,144.81533432006836
295,0.0012502670288085938,144.81658458709717
296,0.0012531280517578125,144.81783771514893
297,0.001232147216796875,144.81906986236572
298,0.00122833251953125,144.82029819488525
299,0.0012187957763671875,144.82151699066162
300,0.001201629638671875,144.8227186203003
301,0.001194000244140625,144.82391262054443
302,0.001186370849609375,144.82509899139404
303,0.0011692047119140625,144.82626819610596
304,0.0011816024780273438,144.82744979858398
305,0.0011701583862304688,144.82861995697021
306,0.0011463165283203125,144.82976627349854
307,0.0011472702026367188,144.83091354370117
308,0.0011339187622070312,144.83204746246338
309,0.0011224746704101562,144.8331699371338
310,0.0011186599731445312,144.83428859710693
311,0.0011053085327148438,144.83539390563965
312,0.001094818115234375,144.83648872375488
313,0.0010852813720703125,144.83757400512695
314,0.0010766983032226562,144.83865070343018
315,0.0010671615600585938,144.83971786499023
316,0.0010738372802734375,144.8407917022705
317,0.0010538101196289062,144.84184551239014
318,0.0010528564453125,144.84289836883545
319,0.00104522705078125,144.84394359588623
320,0.0010385513305664062,144.8449821472168
321,0.0010271072387695312,144.84600925445557
322,0.0010271072387695312,144.84703636169434
323,0.0010166168212890625,144.84805297851562
324,0.0010175704956054688,144.84907054901123
325,0.0009975433349609375,144.8500680923462
