step,loss,cumulative_loss_sum
1,1.9091796875,1.9091796875
2,1.9091796875,3.818359375
3,1.9091796875,5.7275390625
4,1.9091796875,7.63671875
5,1.9091796875,9.5458984375
6,1.9091796875,11.455078125
7,1.9091796875,13.3642578125
8,1.9091796875,15.2734375
9,1.568359375,16.841796875
10,1.37890625,18.220703125
11,1.2001953125,19.4208984375
12,1.072265625,20.4931640625
13,0.96240234375,21.45556640625
14,0.8583984375,22.31396484375
15,0.783203125,23.09716796875
16,0.72509765625,23.822265625
17,0.67236328125,24.49462890625
18,0.62890625,25.12353515625
19,0.5849609375,25.70849609375
20,0.54541015625,26.25390625
21,0.513671875,26.767578125
22,0.5068359375,27.2744140625
23,0.478515625,27.7529296875
24,0.4638671875,28.216796875
25,0.440185546875,28.656982421875
26,0.420654296875,29.07763671875
27,0.398681640625,29.476318359375
28,0.388427734375,29.86474609375
29,0.3701171875,30.23486328125
30,0.35595703125,30.5908203125
31,0.340087890625,30.930908203125
32,0.328125,31.259033203125
33,0.320556640625,31.57958984375
34,0.311279296875,31.890869140625
35,0.2998046875,32.190673828125
36,0.29248046875,32.483154296875
37,0.281494140625,32.7646484375
38,0.2685546875,33.033203125
39,0.258544921875,33.291748046875
40,0.25341796875,33.545166015625
41,0.2459716796875,33.7911376953125
42,0.237548828125,34.0286865234375
43,0.23046875,34.2591552734375
44,0.2259521484375,34.485107421875
45,0.2161865234375,34.7012939453125
46,0.2144775390625,34.915771484375
47,0.205322265625,35.12109375
48,0.201416015625,35.322509765625
49,0.1932373046875,35.5157470703125
50,0.1907958984375,35.70654296875
51,0.180908203125,35.887451171875
52,0.1790771484375,36.0665283203125
53,0.172119140625,36.2386474609375
54,0.170654296875,36.4093017578125
55,0.162841796875,36.5721435546875
56,0.1627197265625,36.73486328125
57,0.15478515625,36.8896484375
58,0.153076171875,37.042724609375
59,0.1461181640625,37.1888427734375
60,0.146240234375,37.3350830078125
61,0.13818359375,37.4732666015625
62,0.13671875,37.6099853515625
63,0.131103515625,37.7410888671875
64,0.1307373046875,37.871826171875
65,0.12408447265625,37.99591064453125
66,0.1231689453125,38.11907958984375
67,0.11822509765625,38.2373046875
68,0.1165771484375,38.3538818359375
69,0.111572265625,38.4654541015625
70,0.1082763671875,38.57373046875
71,0.10577392578125,38.67950439453125
72,0.103515625,38.78302001953125
73,0.09869384765625,38.8817138671875
74,0.09674072265625,38.97845458984375
75,0.09246826171875,39.0709228515625
76,0.08935546875,39.1602783203125
77,0.0855712890625,39.245849609375
78,0.08392333984375,39.32977294921875
79,0.08038330078125,39.41015625
80,0.077880859375,39.488037109375
81,0.075927734375,39.56396484375
82,0.07281494140625,39.63677978515625
83,0.07086181640625,39.7076416015625
84,0.06884765625,39.7764892578125
85,0.0662841796875,39.8427734375
86,0.0654296875,39.908203125
87,0.06304931640625,39.97125244140625
88,0.06201171875,40.03326416015625
89,0.060211181640625,40.093475341796875
90,0.058929443359375,40.15240478515625
91,0.05718994140625,40.2095947265625
92,0.055419921875,40.2650146484375
93,0.0533447265625,40.318359375
94,0.052337646484375,40.370697021484375
95,0.050628662109375,40.42132568359375
96,0.04937744140625,40.470703125
97,0.048095703125,40.518798828125
98,0.0465087890625,40.5653076171875
99,0.04498291015625,40.61029052734375
100,0.044281005859375,40.654571533203125
101,0.042144775390625,40.69671630859375
102,0.041229248046875,40.737945556640625
103,0.03936767578125,40.777313232421875
104,0.038330078125,40.815643310546875
105,0.037445068359375,40.85308837890625
106,0.0364990234375,40.88958740234375
107,0.0352783203125,40.92486572265625
108,0.0343017578125,40.95916748046875
109,0.033203125,40.99237060546875
110,0.032257080078125,41.024627685546875
111,0.031341552734375,41.05596923828125
112,0.03070068359375,41.086669921875
113,0.0296783447265625,41.11634826660156
114,0.028778076171875,41.14512634277344
115,0.0281219482421875,41.173248291015625
116,0.0271148681640625,41.20036315917969
117,0.02667236328125,41.22703552246094
118,0.0254364013671875,41.252471923828125
119,0.02490234375,41.277374267578125
120,0.024200439453125,41.30157470703125
121,0.02337646484375,41.324951171875
122,0.0224761962890625,41.34742736816406
123,0.021697998046875,41.36912536621094
124,0.02142333984375,41.39054870605469
125,0.02081298828125,41.41136169433594
126,0.02008056640625,41.43144226074219
127,0.019561767578125,41.45100402832031
128,0.0188751220703125,41.469879150390625
129,0.018646240234375,41.488525390625
130,0.0181427001953125,41.50666809082031
131,0.017578125,41.52424621582031
132,0.017242431640625,41.54148864746094
133,0.01666259765625,41.55815124511719
134,0.016265869140625,41.57441711425781
135,0.0158843994140625,41.590301513671875
136,0.015533447265625,41.6058349609375
137,0.01511383056640625,41.620948791503906
138,0.0146942138671875,41.635643005371094
139,0.0142974853515625,41.649940490722656
140,0.01393890380859375,41.66387939453125
141,0.01363372802734375,41.677513122558594
142,0.01338958740234375,41.69090270996094
143,0.01300048828125,41.70390319824219
144,0.012664794921875,41.71656799316406
145,0.01226806640625,41.72883605957031
146,0.01213836669921875,41.74097442626953
147,0.01180267333984375,41.752777099609375
148,0.01146697998046875,41.764244079589844
149,0.011077880859375,41.77532196044922
150,0.01102447509765625,41.786346435546875
151,0.0104217529296875,41.79676818847656
152,0.01016998291015625,41.80693817138672
153,0.0098876953125,41.81682586669922
154,0.00978851318359375,41.82661437988281
155,0.0092620849609375,41.83587646484375
156,0.00908660888671875,41.84496307373047
157,0.00867462158203125,41.8536376953125
158,0.00860595703125,41.86224365234375
159,0.0082550048828125,41.87049865722656
160,0.008026123046875,41.87852478027344
161,0.007801055908203125,41.88632583618164
162,0.0075836181640625,41.8939094543457
163,0.00728607177734375,41.90119552612305
164,0.00713348388671875,41.908329010009766
165,0.006801605224609375,41.915130615234375
166,0.006679534912109375,41.921810150146484
167,0.006404876708984375,41.92821502685547
168,0.006259918212890625,41.93447494506836
169,0.006000518798828125,41.94047546386719
170,0.005828857421875,41.94630432128906
171,0.005645751953125,41.95195007324219
172,0.005462646484375,41.95741271972656
173,0.00534820556640625,41.96276092529297
174,0.005283355712890625,41.96804428100586
175,0.00511932373046875,41.97316360473633
176,0.005046844482421875,41.97821044921875
177,0.0049896240234375,41.98320007324219
178,0.004909515380859375,41.98810958862305
179,0.004833221435546875,41.992942810058594
180,0.004634857177734375,41.99757766723633
181,0.004444122314453125,42.00202178955078
182,0.0043182373046875,42.00634002685547
183,0.00428009033203125,42.0106201171875
184,0.00418853759765625,42.014808654785156
185,0.00411224365234375,42.0189208984375
186,0.004016876220703125,42.0229377746582
187,0.00396728515625,42.02690505981445
188,0.00392913818359375,42.03083419799805
189,0.0038356781005859375,42.03466987609863
190,0.003795623779296875,42.03846549987793
191,0.003711700439453125,42.04217720031738
192,0.003620147705078125,42.04579734802246
193,0.0035572052001953125,42.049354553222656
194,0.0034999847412109375,42.05285453796387
195,0.0034084320068359375,42.0562629699707
196,0.0033664703369140625,42.05962944030762
197,0.00331878662109375,42.06294822692871
198,0.0032672882080078125,42.06621551513672
199,0.0032024383544921875,42.06941795349121
200,0.0031337738037109375,42.07255172729492
201,0.0030765533447265625,42.07562828063965
202,0.0030460357666015625,42.07867431640625
203,0.00299072265625,42.0816650390625
204,0.0029430389404296875,42.08460807800293
205,0.0029296875,42.08753776550293
206,0.002864837646484375,42.090402603149414
207,0.0028438568115234375,42.09324645996094
208,0.002780914306640625,42.09602737426758
209,0.0027637481689453125,42.09879112243652
210,0.0027008056640625,42.101491928100586
211,0.0027065277099609375,42.10419845581055
212,0.002628326416015625,42.10682678222656
213,0.00258636474609375,42.109413146972656
214,0.0025157928466796875,42.111928939819336
215,0.0024929046630859375,42.11442184448242
216,0.0024623870849609375,42.11688423156738
217,0.00241851806640625,42.11930274963379
218,0.0023784637451171875,42.121681213378906
219,0.00235748291015625,42.12403869628906
220,0.002315521240234375,42.1263542175293
221,0.0022754669189453125,42.12862968444824
222,0.00226593017578125,42.13089561462402
223,0.0022411346435546875,42.13313674926758
224,0.0022144317626953125,42.13535118103027
225,0.0021820068359375,42.13753318786621
226,0.0021533966064453125,42.139686584472656
227,0.0021209716796875,42.141807556152344
228,0.002101898193359375,42.1439094543457
229,0.0020771026611328125,42.145986557006836
230,0.0020599365234375,42.14804649353027
231,0.0020351409912109375,42.150081634521484
232,0.0020084381103515625,42.152090072631836
233,0.0019855499267578125,42.154075622558594
234,0.00196075439453125,42.156036376953125
235,0.0019464492797851562,42.15798282623291
236,0.0019245147705078125,42.15990734100342
237,0.0019083023071289062,42.16181564331055
238,0.0018711090087890625,42.163686752319336
239,0.001861572265625,42.16554832458496
240,0.0018444061279296875,42.16739273071289
241,0.0018177032470703125,42.16921043395996
242,0.0018167495727539062,42.171027183532715
243,0.0017786026000976562,42.17280578613281
244,0.0017604827880859375,42.1745662689209
245,0.0017347335815429688,42.17630100250244
246,0.001720428466796875,42.17802143096924
247,0.001705169677734375,42.17972660064697
248,0.001682281494140625,42.18140888214111
249,0.0016775131225585938,42.18308639526367
250,0.00164794921875,42.18473434448242
251,0.001636505126953125,42.186370849609375
252,0.001628875732421875,42.1879997253418
253,0.0016069412231445312,42.18960666656494
254,0.0015916824340820312,42.19119834899902
255,0.0015869140625,42.19278526306152
256,0.0015668869018554688,42.19435214996338
257,0.0015401840209960938,42.195892333984375
258,0.0015325546264648438,42.19742488861084
259,0.0015268325805664062,42.198951721191406
260,0.0015106201171875,42.200462341308594
261,0.001495361328125,42.20195770263672
262,0.0014791488647460938,42.203436851501465
263,0.0014638900756835938,42.20490074157715
264,0.0014667510986328125,42.20636749267578
265,0.0014448165893554688,42.20781230926514
266,0.0014238357543945312,42.20923614501953
267,0.001407623291015625,42.21064376831055
268,0.0014047622680664062,42.21204853057861
269,0.0013895034790039062,42.21343803405762
270,0.0013799667358398438,42.21481800079346
271,0.0013704299926757812,42.21618843078613
272,0.0013551712036132812,42.217543601989746
273,0.0013513565063476562,42.218894958496094
274,0.0013332366943359375,42.22022819519043
275,0.0013256072998046875,42.221553802490234
276,0.0013103485107421875,42.22286415100098
277,0.0012903213500976562,42.224154472351074
278,0.0012836456298828125,42.22543811798096
279,0.0012760162353515625,42.22671413421631
280,0.0012655258178710938,42.22797966003418
281,0.001255035400390625,42.22923469543457
282,0.0012464523315429688,42.23048114776611
283,0.0012369155883789062,42.23171806335449
284,0.0012273788452148438,42.23294544219971
285,0.0012140274047851562,42.23415946960449
286,0.0011987686157226562,42.235358238220215
287,0.0011920928955078125,42.23655033111572
288,0.0011873245239257812,42.23773765563965
289,0.0011758804321289062,42.23891353607178
290,0.0011692047119140625,42.24008274078369
291,0.001163482666015625,42.24124622344971
292,0.00115203857421875,42.242398262023926
293,0.0011434555053710938,42.2435417175293
294,0.001129150390625,42.24467086791992
295,0.0011205673217773438,42.2457914352417
296,0.0011157989501953125,42.246907234191895
297,0.00110626220703125,42.248013496398926
298,0.0011005401611328125,42.24911403656006
299,0.00109100341796875,42.25020503997803
300,0.0010852813720703125,42.2512903213501
301,0.0010833740234375,42.252373695373535
302,0.0010786056518554688,42.25345230102539
303,0.0010633468627929688,42.254515647888184
304,0.0010652542114257812,42.25558090209961
305,0.0010595321655273438,42.25664043426514
306,0.0010528564453125,42.25769329071045
307,0.0010423660278320312,42.25873565673828
308,0.00104522705078125,42.25978088378906
309,0.0010356903076171875,42.26081657409668
310,0.0010232925415039062,42.261839866638184
311,0.0010194778442382812,42.26285934448242
312,0.001010894775390625,42.26387023925781
313,0.0009984970092773438,42.26486873626709
