step,loss,cumulative_loss_sum
1,7.68359375,7.68359375
2,7.68359375,15.3671875
3,7.68359375,23.05078125
4,7.68359375,30.734375
5,7.68359375,38.41796875
6,7.68359375,46.1015625
7,7.484375,53.5859375
8,7.30859375,60.89453125
9,7.14453125,68.0390625
10,7.0078125,75.046875
11,6.87890625,81.92578125
12,6.734375,88.66015625
13,6.58984375,95.25
14,6.4375,101.6875
15,6.2890625,107.9765625
16,6.14453125,114.12109375
17,5.9921875,120.11328125
18,5.8203125,125.93359375
19,5.6171875,131.55078125
20,5.44921875,137.0
21,5.25390625,142.25390625
22,5.0625,147.31640625
23,4.87890625,152.1953125
24,4.6875,156.8828125
25,4.50390625,161.38671875
26,4.3359375,165.72265625
27,4.171875,169.89453125
28,3.98046875,173.875
29,3.80078125,177.67578125
30,3.61328125,181.2890625
31,3.44140625,184.73046875
32,3.265625,187.99609375
33,3.107421875,191.103515625
34,2.939453125,194.04296875
35,2.7890625,196.83203125
36,2.654296875,199.486328125
37,2.517578125,202.00390625
38,2.369140625,204.373046875
39,2.2109375,206.583984375
40,2.0703125,208.654296875
41,1.9521484375,210.6064453125
42,1.828125,212.4345703125
43,1.7109375,214.1455078125
44,1.5888671875,215.734375
45,1.45703125,217.19140625
46,1.3486328125,218.5400390625
47,1.2265625,219.7666015625
48,1.1259765625,220.892578125
49,1.01953125,221.912109375
50,0.9326171875,222.8447265625
51,0.85693359375,223.70166015625
52,0.77880859375,224.48046875
53,0.703125,225.18359375
54,0.62744140625,225.81103515625
55,0.5703125,226.38134765625
56,0.50830078125,226.8896484375
57,0.45166015625,227.34130859375
58,0.41455078125,227.755859375
59,0.38232421875,228.13818359375
60,0.3427734375,228.48095703125
61,0.306396484375,228.787353515625
62,0.28271484375,229.070068359375
63,0.26123046875,229.331298828125
64,0.2333984375,229.564697265625
65,0.2166748046875,229.7813720703125
66,0.193115234375,229.9744873046875
67,0.1708984375,230.1453857421875
68,0.1607666015625,230.30615234375
69,0.150390625,230.45654296875
70,0.1417236328125,230.5982666015625
71,0.1358642578125,230.734130859375
72,0.1253662109375,230.8594970703125
73,0.123779296875,230.9832763671875
74,0.11248779296875,231.09576416015625
75,0.11279296875,231.20855712890625
76,0.10040283203125,231.3089599609375
77,0.1024169921875,231.411376953125
78,0.091064453125,231.50244140625
79,0.09088134765625,231.59332275390625
80,0.08135986328125,231.6746826171875
81,0.08233642578125,231.75701904296875
82,0.0743408203125,231.83135986328125
83,0.07391357421875,231.9052734375
84,0.0662841796875,231.9715576171875
85,0.06378173828125,232.03533935546875
86,0.0584716796875,232.09381103515625
87,0.057891845703125,232.15170288085938
88,0.05242919921875,232.20413208007812
89,0.050262451171875,232.25439453125
90,0.04632568359375,232.30072021484375
91,0.045806884765625,232.34652709960938
92,0.041595458984375,232.38812255859375
93,0.040618896484375,232.42874145507812
94,0.036834716796875,232.465576171875
95,0.03582763671875,232.50140380859375
96,0.0330810546875,232.53448486328125
97,0.03216552734375,232.566650390625
98,0.0294036865234375,232.59605407714844
99,0.0289459228515625,232.625
100,0.0266876220703125,232.6516876220703
101,0.0262908935546875,232.677978515625
102,0.0241546630859375,232.70213317871094
103,0.023406982421875,232.7255401611328
104,0.0218353271484375,232.74737548828125
105,0.0214385986328125,232.76881408691406
106,0.0200958251953125,232.78890991210938
107,0.019775390625,232.80868530273438
108,0.01806640625,232.82675170898438
109,0.0169219970703125,232.8436737060547
110,0.01568603515625,232.85935974121094
111,0.0148162841796875,232.87417602539062
112,0.01445770263671875,232.88863372802734
113,0.01380157470703125,232.90243530273438
114,0.0132598876953125,232.9156951904297
115,0.0126800537109375,232.92837524414062
116,0.01210784912109375,232.94048309326172
117,0.01157379150390625,232.95205688476562
118,0.01099395751953125,232.96305084228516
119,0.0107269287109375,232.9737777709961
120,0.01012420654296875,232.98390197753906
121,0.00982666015625,232.9937286376953
122,0.00937652587890625,233.00310516357422
123,0.00917816162109375,233.0122833251953
124,0.00862884521484375,233.02091217041016
125,0.00859832763671875,233.02951049804688
126,0.0078887939453125,233.0373992919922
127,0.0077972412109375,233.04519653320312
128,0.007419586181640625,233.05261611938477
129,0.00731658935546875,233.05993270874023
130,0.00689697265625,233.06682968139648
131,0.006778717041015625,233.0736083984375
132,0.006397247314453125,233.08000564575195
133,0.006378173828125,233.08638381958008
134,0.00592041015625,233.09230422973633
135,0.00574493408203125,233.09804916381836
136,0.00553131103515625,233.10358047485352
137,0.005558013916015625,233.10913848876953
138,0.00516510009765625,233.1143035888672
139,0.004962921142578125,233.11926651000977
140,0.004772186279296875,233.12403869628906
141,0.004627227783203125,233.12866592407227
142,0.0045623779296875,233.13322830200195
143,0.0044403076171875,233.13766860961914
144,0.004314422607421875,233.14198303222656
145,0.0042266845703125,233.14620971679688
146,0.004146575927734375,233.1503562927246
147,0.00402069091796875,233.15437698364258
148,0.003940582275390625,233.15831756591797
149,0.0038299560546875,233.16214752197266
150,0.0037822723388671875,233.16592979431152
151,0.0036716461181640625,233.1696014404297
152,0.00353240966796875,233.17313385009766
153,0.00347900390625,233.1766128540039
154,0.0033969879150390625,233.18000984191895
155,0.00336456298828125,233.18337440490723
156,0.0032958984375,233.18667030334473
157,0.0032138824462890625,233.18988418579102
158,0.003143310546875,233.1930274963379
159,0.0031223297119140625,233.1961498260498
160,0.0030841827392578125,233.19923400878906
161,0.0030040740966796875,233.20223808288574
162,0.0029468536376953125,233.20518493652344
163,0.002925872802734375,233.20811080932617
164,0.0028362274169921875,233.21094703674316
165,0.00281524658203125,233.2137622833252
166,0.002765655517578125,233.21652793884277
167,0.002685546875,233.21921348571777
168,0.0026645660400390625,233.2218780517578
169,0.0026092529296875,233.2244873046875
170,0.00255584716796875,233.22704315185547
171,0.0025234222412109375,233.22956657409668
172,0.002498626708984375,233.23206520080566
173,0.0024471282958984375,233.23451232910156
174,0.0024433135986328125,233.2369556427002
175,0.0023899078369140625,233.2393455505371
176,0.0023593902587890625,233.2417049407959
177,0.00231170654296875,233.24401664733887
178,0.00228118896484375,233.2462978363037
179,0.0022716522216796875,233.2485694885254
180,0.0022678375244140625,233.2508373260498
181,0.0022029876708984375,233.2530403137207
182,0.0021686553955078125,233.2552089691162
183,0.002147674560546875,233.25735664367676
184,0.002140045166015625,233.25949668884277
185,0.002086639404296875,233.26158332824707
186,0.0020732879638671875,233.26365661621094
187,0.0020542144775390625,233.26571083068848
188,0.0020294189453125,233.2677402496338
189,0.001987457275390625,233.26972770690918
190,0.001995086669921875,233.2717227935791
191,0.0019502639770507812,233.27367305755615
192,0.0019588470458984375,233.27563190460205
193,0.0019073486328125,233.27753925323486
194,0.0019140243530273438,233.2794532775879
195,0.0018625259399414062,233.28131580352783
196,0.0018472671508789062,233.2831630706787
197,0.0018358230590820312,233.2849988937378
198,0.0018281936645507812,233.28682708740234
199,0.0017747879028320312,233.28860187530518
200,0.0017757415771484375,233.29037761688232
201,0.0017614364624023438,233.29213905334473
202,0.0017461776733398438,233.29388523101807
203,0.0017223358154296875,233.2956075668335
204,0.0017156600952148438,233.2973232269287
205,0.00168609619140625,233.29900932312012
206,0.0016679763793945312,233.3006772994995
207,0.0016622543334960938,233.302339553833
208,0.0016450881958007812,233.3039846420288
209,0.0016355514526367188,233.30562019348145
210,0.0016241073608398438,233.30724430084229
211,0.0016031265258789062,233.30884742736816
212,0.0015974044799804688,233.31044483184814
213,0.0015583038330078125,233.31200313568115
214,0.0015535354614257812,233.31355667114258
215,0.0015354156494140625,233.315092086792
216,0.00152587890625,233.31661796569824
217,0.0015039443969726562,233.31812191009521
218,0.0015058517456054688,233.31962776184082
219,0.0014858245849609375,233.32111358642578
220,0.00147247314453125,233.3225860595703
221,0.0014562606811523438,233.32404232025146
222,0.0014495849609375,233.3254919052124
223,0.0014314651489257812,233.32692337036133
224,0.0014324188232421875,233.32835578918457
225,0.0014085769653320312,233.3297643661499
226,0.0014104843139648438,233.33117485046387
227,0.0013904571533203125,233.3325653076172
228,0.001392364501953125,233.33395767211914
229,0.0013608932495117188,233.33531856536865
230,0.00135040283203125,233.33666896820068
231,0.0013446807861328125,233.33801364898682
232,0.0013322830200195312,233.33934593200684
233,0.0013256072998046875,233.34067153930664
234,0.001312255859375,233.34198379516602
235,0.0013132095336914062,233.3432970046997
236,0.001293182373046875,233.34459018707275
237,0.0012874603271484375,233.3458776473999
238,0.0012826919555664062,233.34716033935547
239,0.0012693405151367188,233.3484296798706
240,0.0012578964233398438,233.34968757629395
241,0.0012493133544921875,233.35093688964844
242,0.0012331008911132812,233.35216999053955
243,0.0012273788452148438,233.35339736938477
244,0.001224517822265625,233.35462188720703
245,0.0012140274047851562,233.35583591461182
246,0.0012063980102539062,233.35704231262207
247,0.0012025833129882812,233.35824489593506
248,0.0011882781982421875,233.3594331741333
249,0.0011730194091796875,233.36060619354248
250,0.0011701583862304688,233.3617763519287
251,0.0011682510375976562,233.3629446029663
252,0.00115966796875,233.36410427093506
253,0.0011577606201171875,233.36526203155518
254,0.0011434555053710938,233.36640548706055
255,0.0011358261108398438,233.3675413131714
256,0.0011272430419921875,233.36866855621338
257,0.00112152099609375,233.36979007720947
258,0.0011167526245117188,233.37090682983398
259,0.0010976791381835938,233.37200450897217
260,0.0010986328125,233.37310314178467
261,0.0010967254638671875,233.37419986724854
262,0.0010766983032226562,233.37527656555176
263,0.0010728836059570312,233.37634944915771
264,0.0010776519775390625,233.37742710113525
265,0.0010728836059570312,233.3784999847412
266,0.0010519027709960938,233.3795518875122
267,0.0010585784912109375,233.38061046600342
268,0.0010423660278320312,233.38165283203125
269,0.00103759765625,233.3826904296875
270,0.0010366439819335938,233.38372707366943
271,0.00102996826171875,233.38475704193115
272,0.0010166168212890625,233.38577365875244
273,0.0010242462158203125,233.38679790496826
274,0.00101470947265625,233.38781261444092
275,0.0010080337524414062,233.38882064819336
276,0.0010013580322265625,233.3898220062256
277,0.0009965896606445312,233.39081859588623
