step,loss,cumulative_loss_sum
1,4.55859375,4.55859375
2,4.55859375,9.1171875
3,4.55859375,13.67578125
4,4.55859375,18.234375
5,4.55859375,22.79296875
6,4.55859375,27.3515625
7,4.55859375,31.91015625
8,4.171875,36.08203125
9,3.72265625,39.8046875
10,3.310546875,43.115234375
11,2.9453125,46.060546875
12,2.607421875,48.66796875
13,2.314453125,50.982421875
14,2.05078125,53.033203125
15,1.8720703125,54.9052734375
16,1.7236328125,56.62890625
17,1.5869140625,58.2158203125
18,1.4462890625,59.662109375
19,1.34375,61.005859375
20,1.23828125,62.244140625
21,1.15234375,63.396484375
22,1.0615234375,64.4580078125
23,0.96435546875,65.42236328125
24,0.8662109375,66.28857421875
25,0.7607421875,67.04931640625
26,0.6708984375,67.72021484375
27,0.59765625,68.31787109375
28,0.5224609375,68.84033203125
29,0.4501953125,69.29052734375
30,0.401611328125,69.692138671875
31,0.375244140625,70.0673828125
32,0.339111328125,70.406494140625
33,0.3125,70.718994140625
34,0.3017578125,71.020751953125
35,0.286865234375,71.3076171875
36,0.273681640625,71.581298828125
37,0.262451171875,71.84375
38,0.2529296875,72.0966796875
39,0.2452392578125,72.3419189453125
40,0.2315673828125,72.573486328125
41,0.2225341796875,72.7960205078125
42,0.2083740234375,73.00439453125
43,0.2015380859375,73.2059326171875
44,0.1900634765625,73.39599609375
45,0.18017578125,73.576171875
46,0.1724853515625,73.7486572265625
47,0.1685791015625,73.917236328125
48,0.1571044921875,74.0743408203125
49,0.149169921875,74.2235107421875
50,0.1409912109375,74.364501953125
51,0.1336669921875,74.4981689453125
52,0.12322998046875,74.62139892578125
53,0.113525390625,74.73492431640625
54,0.10821533203125,74.8431396484375
55,0.1031494140625,74.9462890625
56,0.09619140625,75.04248046875
57,0.0948486328125,75.1373291015625
58,0.08807373046875,75.22540283203125
59,0.08160400390625,75.3070068359375
60,0.07843017578125,75.38543701171875
61,0.07427978515625,75.459716796875
62,0.070068359375,75.52978515625
63,0.0665283203125,75.5963134765625
64,0.06146240234375,75.65777587890625
65,0.06060791015625,75.7183837890625
66,0.0550537109375,75.7734375
67,0.05328369140625,75.82672119140625
68,0.05059814453125,75.8773193359375
69,0.049591064453125,75.92691040039062
70,0.04620361328125,75.97311401367188
71,0.045379638671875,76.01849365234375
72,0.042633056640625,76.06112670898438
73,0.041656494140625,76.102783203125
74,0.039581298828125,76.14236450195312
75,0.03753662109375,76.17990112304688
76,0.03564453125,76.21554565429688
77,0.034515380859375,76.25006103515625
78,0.03271484375,76.28277587890625
79,0.031951904296875,76.31472778320312
80,0.0305023193359375,76.34523010253906
81,0.029052734375,76.37428283691406
82,0.027801513671875,76.40208435058594
83,0.026153564453125,76.42823791503906
84,0.025146484375,76.45338439941406
85,0.0238189697265625,76.47720336914062
86,0.02349853515625,76.50070190429688
87,0.02252197265625,76.52322387695312
88,0.0220794677734375,76.54530334472656
89,0.02105712890625,76.56636047363281
90,0.020751953125,76.58711242675781
91,0.0198516845703125,76.60696411132812
92,0.0197296142578125,76.62669372558594
93,0.0186614990234375,76.64535522460938
94,0.0185394287109375,76.66389465332031
95,0.017669677734375,76.68156433105469
96,0.0179595947265625,76.69952392578125
97,0.0168609619140625,76.71638488769531
98,0.0164794921875,76.73286437988281
99,0.01580810546875,76.74867248535156
100,0.01561737060546875,76.76428985595703
101,0.0150604248046875,76.77935028076172
102,0.0149688720703125,76.79431915283203
103,0.0142059326171875,76.80852508544922
104,0.0143890380859375,76.82291412353516
105,0.0135040283203125,76.83641815185547
106,0.01364898681640625,76.85006713867188
107,0.01277923583984375,76.86284637451172
108,0.01296234130859375,76.87580871582031
109,0.01212310791015625,76.88793182373047
110,0.0120697021484375,76.9000015258789
111,0.0113372802734375,76.91133880615234
112,0.0116119384765625,76.9229507446289
113,0.0107421875,76.9336929321289
114,0.0108795166015625,76.94457244873047
115,0.01018524169921875,76.95475769042969
116,0.01056671142578125,76.96532440185547
117,0.00981903076171875,76.97514343261719
118,0.00998687744140625,76.9851303100586
119,0.0093231201171875,76.99445343017578
120,0.0095367431640625,77.00399017333984
121,0.00896453857421875,77.01295471191406
122,0.00907135009765625,77.02202606201172
123,0.00852203369140625,77.03054809570312
124,0.00843048095703125,77.03897857666016
125,0.00811767578125,77.0470962524414
126,0.00811767578125,77.05521392822266
127,0.0078277587890625,77.06304168701172
128,0.007717132568359375,77.07075881958008
129,0.0072784423828125,77.07803726196289
130,0.007381439208984375,77.08541870117188
131,0.006923675537109375,77.09234237670898
132,0.0069732666015625,77.09931564331055
133,0.00659942626953125,77.10591506958008
134,0.006622314453125,77.1125373840332
135,0.006298065185546875,77.11883544921875
136,0.006320953369140625,77.12515640258789
137,0.005950927734375,77.13110733032227
138,0.006038665771484375,77.13714599609375
139,0.0056610107421875,77.14280700683594
140,0.00576019287109375,77.14856719970703
141,0.00537109375,77.15393829345703
142,0.00547027587890625,77.15940856933594
143,0.0051116943359375,77.16452026367188
144,0.0052337646484375,77.16975402832031
145,0.004894256591796875,77.17464828491211
146,0.004940032958984375,77.1795883178711
147,0.004642486572265625,77.18423080444336
148,0.0047760009765625,77.18900680541992
149,0.00438690185546875,77.19339370727539
150,0.004421234130859375,77.19781494140625
151,0.004180908203125,77.20199584960938
152,0.004291534423828125,77.2062873840332
153,0.0039825439453125,77.21026992797852
154,0.00392913818359375,77.21419906616211
155,0.0037479400634765625,77.21794700622559
156,0.00360870361328125,77.22155570983887
157,0.003505706787109375,77.22506141662598
158,0.003406524658203125,77.22846794128418
159,0.0033397674560546875,77.23180770874023
160,0.0032482147216796875,77.23505592346191
161,0.003154754638671875,77.23821067810059
162,0.0031108856201171875,77.2413215637207
163,0.0030651092529296875,77.24438667297363
164,0.002986907958984375,77.24737358093262
165,0.002895355224609375,77.25026893615723
166,0.002819061279296875,77.25308799743652
167,0.0027942657470703125,77.2558822631836
168,0.002735137939453125,77.25861740112305
169,0.0026721954345703125,77.26128959655762
170,0.0026340484619140625,77.26392364501953
171,0.0026187896728515625,77.26654243469238
172,0.00255584716796875,77.26909828186035
173,0.0025157928466796875,77.27161407470703
174,0.0024700164794921875,77.27408409118652
175,0.002429962158203125,77.27651405334473
176,0.0023822784423828125,77.27889633178711
177,0.002338409423828125,77.28123474121094
178,0.0023193359375,77.28355407714844
179,0.0022907257080078125,77.28584480285645
180,0.002239227294921875,77.28808403015137
181,0.0022029876708984375,77.29028701782227
182,0.00217437744140625,77.29246139526367
183,0.0021228790283203125,77.29458427429199
184,0.0021076202392578125,77.29669189453125
185,0.002094268798828125,77.29878616333008
186,0.002086639404296875,77.30087280273438
187,0.00202178955078125,77.30289459228516
188,0.00201416015625,77.3049087524414
189,0.0019893646240234375,77.30689811706543
190,0.001964569091796875,77.30886268615723
191,0.0019178390502929688,77.31078052520752
192,0.001895904541015625,77.31267642974854
193,0.0018329620361328125,77.31450939178467
194,0.0018186569213867188,77.31632804870605
195,0.0017910003662109375,77.31811904907227
196,0.00179290771484375,77.31991195678711
197,0.00176239013671875,77.32167434692383
198,0.0017480850219726562,77.3234224319458
199,0.0016946792602539062,77.32511711120605
200,0.00168609619140625,77.32680320739746
201,0.0016546249389648438,77.32845783233643
202,0.0016508102416992188,77.33010864257812
203,0.0016078948974609375,77.33171653747559
204,0.0015859603881835938,77.33330249786377
205,0.0015726089477539062,77.33487510681152
206,0.001556396484375,77.3364315032959
207,0.0015344619750976562,77.337965965271
208,0.0015163421630859375,77.33948230743408
209,0.0015020370483398438,77.34098434448242
210,0.0014896392822265625,77.34247398376465
211,0.001476287841796875,77.34395027160645
212,0.0014638900756835938,77.34541416168213
213,0.0014448165893554688,77.34685897827148
214,0.0014314651489257812,77.34829044342041
215,0.0014133453369140625,77.34970378875732
216,0.0013990402221679688,77.35110282897949
217,0.0013856887817382812,77.35248851776123
218,0.0013523101806640625,77.3538408279419
219,0.0013303756713867188,77.35517120361328
220,0.001323699951171875,77.35649490356445
221,0.0013036727905273438,77.35779857635498
222,0.0012922286987304688,77.35909080505371
223,0.0012836456298828125,77.3603744506836
224,0.001270294189453125,77.36164474487305
225,0.0012559890747070312,77.36290073394775
226,0.00124359130859375,77.36414432525635
227,0.0012302398681640625,77.36537456512451
228,0.0012197494506835938,77.3665943145752
229,0.0012140274047851562,77.36780834197998
230,0.0011911392211914062,77.36899948120117
231,0.0011911392211914062,77.37019062042236
232,0.0011768341064453125,77.37136745452881
233,0.001163482666015625,77.37253093719482
234,0.0011615753173828125,77.3736925125122
235,0.0011463165283203125,77.37483882904053
236,0.0011386871337890625,77.37597751617432
237,0.0011272430419921875,77.37710475921631
238,0.0011148452758789062,77.37821960449219
239,0.0010995864868164062,77.379319190979
240,0.0010976791381835938,77.38041687011719
241,0.0010881423950195312,77.3815050125122
242,0.0010833740234375,77.38258838653564
243,0.0010709762573242188,77.38365936279297
244,0.0010595321655273438,77.3847188949585
245,0.001049041748046875,77.38576793670654
246,0.0010471343994140625,77.38681507110596
247,0.0010356903076171875,77.38785076141357
248,0.0010309219360351562,77.38888168334961
249,0.0010223388671875,77.3899040222168
250,0.0010089874267578125,77.39091300964355
251,0.0010061264038085938,77.39191913604736
252,0.000995635986328125,77.39291477203369
