step,loss,cumulative_loss_sum
1,7.01953125,7.01953125
2,7.01953125,14.0390625
3,7.01953125,21.05859375
4,7.01953125,28.078125
5,7.01953125,35.09765625
6,7.01953125,42.1171875
7,6.828125,48.9453125
8,6.62890625,55.57421875
9,6.3984375,61.97265625
10,6.21875,68.19140625
11,6.0625,74.25390625
12,5.8984375,80.15234375
13,5.75390625,85.90625
14,5.62890625,91.53515625
15,5.51171875,97.046875
16,5.3828125,102.4296875
17,5.26953125,107.69921875
18,5.140625,112.83984375
19,5.0390625,117.87890625
20,4.91796875,122.796875
21,4.8359375,127.6328125
22,4.71875,132.3515625
23,4.609375,136.9609375
24,4.49609375,141.45703125
25,4.359375,145.81640625
26,4.2421875,150.05859375
27,4.11328125,154.171875
28,3.998046875,158.169921875
29,3.890625,162.060546875
30,3.765625,165.826171875
31,3.681640625,169.5078125
32,3.568359375,173.076171875
33,3.447265625,176.5234375
34,3.34765625,179.87109375
35,3.203125,183.07421875
36,3.091796875,186.166015625
37,2.966796875,189.1328125
38,2.837890625,191.970703125
39,2.728515625,194.69921875
40,2.6015625,197.30078125
41,2.51171875,199.8125
42,2.384765625,202.197265625
43,2.3046875,204.501953125
44,2.2109375,206.712890625
45,2.09765625,208.810546875
46,1.9853515625,210.7958984375
47,1.8623046875,212.658203125
48,1.76171875,214.419921875
49,1.65234375,216.072265625
50,1.537109375,217.609375
51,1.435546875,219.044921875
52,1.3427734375,220.3876953125
53,1.265625,221.6533203125
54,1.1826171875,222.8359375
55,1.107421875,223.943359375
56,1.05078125,224.994140625
57,0.97802734375,225.97216796875
58,0.9375,226.90966796875
59,0.880859375,227.79052734375
60,0.8330078125,228.62353515625
61,0.7822265625,229.40576171875
62,0.7333984375,230.13916015625
63,0.6982421875,230.83740234375
64,0.6513671875,231.48876953125
65,0.62109375,232.10986328125
66,0.580078125,232.68994140625
67,0.541015625,233.23095703125
68,0.50048828125,233.7314453125
69,0.471923828125,234.203369140625
70,0.44091796875,234.644287109375
71,0.4140625,235.058349609375
72,0.3896484375,235.447998046875
73,0.365966796875,235.81396484375
74,0.33740234375,236.1513671875
75,0.314453125,236.4658203125
76,0.292724609375,236.758544921875
77,0.275146484375,237.03369140625
78,0.259033203125,237.292724609375
79,0.2425537109375,237.5352783203125
80,0.2265625,237.7618408203125
81,0.2091064453125,237.970947265625
82,0.1947021484375,238.1656494140625
83,0.1854248046875,238.35107421875
84,0.17529296875,238.5263671875
85,0.1651611328125,238.6915283203125
86,0.156494140625,238.8480224609375
87,0.1474609375,238.9954833984375
88,0.13916015625,239.1346435546875
89,0.13232421875,239.2669677734375
90,0.1256103515625,239.392578125
91,0.1181640625,239.5107421875
92,0.112548828125,239.623291015625
93,0.10687255859375,239.73016357421875
94,0.1004638671875,239.83062744140625
95,0.093994140625,239.92462158203125
96,0.08984375,240.01446533203125
97,0.08587646484375,240.100341796875
98,0.07965087890625,240.17999267578125
99,0.075927734375,240.25592041015625
100,0.07080078125,240.32672119140625
101,0.066650390625,240.39337158203125
102,0.061920166015625,240.45529174804688
103,0.058441162109375,240.51373291015625
104,0.0545654296875,240.56829833984375
105,0.05133056640625,240.61962890625
106,0.0482177734375,240.6678466796875
107,0.0458984375,240.7137451171875
108,0.04315185546875,240.75689697265625
109,0.0411376953125,240.79803466796875
110,0.0389404296875,240.83697509765625
111,0.03753662109375,240.87451171875
112,0.03509521484375,240.90960693359375
113,0.033721923828125,240.94332885742188
114,0.03173828125,240.97506713867188
115,0.03045654296875,241.00552368164062
116,0.0287933349609375,241.03431701660156
117,0.0275115966796875,241.06182861328125
118,0.0258941650390625,241.0877227783203
119,0.0244140625,241.1121368408203
120,0.0233917236328125,241.13552856445312
121,0.0223541259765625,241.1578826904297
122,0.02099609375,241.1788787841797
123,0.0202178955078125,241.1990966796875
124,0.0186920166015625,241.21778869628906
125,0.0177001953125,241.23548889160156
126,0.016845703125,241.25233459472656
127,0.016265869140625,241.2686004638672
128,0.015289306640625,241.2838897705078
129,0.01467132568359375,241.2985610961914
130,0.0136566162109375,241.31221771240234
131,0.01319122314453125,241.32540893554688
132,0.01224517822265625,241.33765411376953
133,0.01171875,241.34937286376953
134,0.01096343994140625,241.36033630371094
135,0.01055145263671875,241.37088775634766
136,0.010009765625,241.38089752197266
137,0.00975799560546875,241.39065551757812
138,0.00905609130859375,241.39971160888672
139,0.00882720947265625,241.40853881835938
140,0.0082244873046875,241.41676330566406
141,0.00801849365234375,241.4247817993164
142,0.0075531005859375,241.43233489990234
143,0.007293701171875,241.43962860107422
144,0.0067901611328125,241.44641876220703
145,0.0065460205078125,241.45296478271484
146,0.00616455078125,241.4591293334961
147,0.0059051513671875,241.46503448486328
148,0.005702972412109375,241.4707374572754
149,0.0055084228515625,241.47624588012695
150,0.005298614501953125,241.4815444946289
151,0.005138397216796875,241.4866828918457
152,0.004955291748046875,241.49163818359375
153,0.0047149658203125,241.49635314941406
154,0.004650115966796875,241.50100326538086
155,0.0044708251953125,241.50547409057617
156,0.00440216064453125,241.5098762512207
157,0.0042724609375,241.5141487121582
158,0.00421905517578125,241.51836776733398
159,0.004039764404296875,241.52240753173828
160,0.003986358642578125,241.52639389038086
161,0.0038890838623046875,241.53028297424316
162,0.003757476806640625,241.5340404510498
163,0.00370025634765625,241.53774070739746
164,0.003566741943359375,241.54130744934082
165,0.0034770965576171875,241.54478454589844
166,0.0034503936767578125,241.5482349395752
167,0.003391265869140625,241.55162620544434
168,0.0033111572265625,241.5549373626709
169,0.003261566162109375,241.558198928833
170,0.003177642822265625,241.56137657165527
171,0.0030879974365234375,241.5644645690918
172,0.0030364990234375,241.56750106811523
173,0.0030040740966796875,241.5705051422119
174,0.002956390380859375,241.57346153259277
175,0.0029048919677734375,241.57636642456055
176,0.0028438568115234375,241.57921028137207
177,0.002796173095703125,241.58200645446777
178,0.0027618408203125,241.5847682952881
179,0.0027332305908203125,241.5875015258789
180,0.0026683807373046875,241.5901699066162
181,0.0026264190673828125,241.5927963256836
182,0.0025920867919921875,241.5953884124756
183,0.0025577545166015625,241.5979461669922
184,0.0025310516357421875,241.60047721862793
185,0.002468109130859375,241.6029453277588
186,0.00243377685546875,241.60537910461426
187,0.00240325927734375,241.6077823638916
188,0.0023860931396484375,241.61016845703125
189,0.002349853515625,241.61251831054688
190,0.0023193359375,241.61483764648438
191,0.002285003662109375,241.61712265014648
192,0.002254486083984375,241.61937713623047
193,0.0022335052490234375,241.6216106414795
194,0.002193450927734375,241.62380409240723
195,0.002170562744140625,241.62597465515137
196,0.00212860107421875,241.6281032562256
197,0.00211334228515625,241.63021659851074
198,0.0020999908447265625,241.63231658935547
199,0.002071380615234375,241.6343879699707
200,0.0020427703857421875,241.63643074035645
201,0.0020294189453125,241.63846015930176
202,0.001995086669921875,241.64045524597168
203,0.001987457275390625,241.64244270324707
204,0.0019407272338867188,241.64438343048096
205,0.0019273757934570312,241.6463108062744
206,0.00189971923828125,241.6482105255127
207,0.0018873214721679688,241.65009784698486
208,0.0018596649169921875,241.65195751190186
209,0.0018491744995117188,241.65380668640137
210,0.001834869384765625,241.65564155578613
211,0.00179290771484375,241.65743446350098
212,0.0017986297607421875,241.65923309326172
213,0.0017757415771484375,241.66100883483887
214,0.0017480850219726562,241.66275691986084
215,0.001720428466796875,241.66447734832764
216,0.0017147064208984375,241.66619205474854
217,0.0016965866088867188,241.66788864135742
218,0.0016832351684570312,241.66957187652588
219,0.0016651153564453125,241.67123699188232
220,0.0016498565673828125,241.6728868484497
221,0.0016317367553710938,241.67451858520508
222,0.0016164779663085938,241.6761350631714
223,0.0016040802001953125,241.67773914337158
224,0.0015707015991210938,241.6793098449707
225,0.0015687942504882812,241.6808786392212
226,0.0015516281127929688,241.68243026733398
227,0.0015401840209960938,241.68397045135498
228,0.0015268325805664062,241.68549728393555
229,0.0015172958374023438,241.68701457977295
230,0.0015001296997070312,241.68851470947266
231,0.0014905929565429688,241.6900053024292
232,0.0014772415161132812,241.6914825439453
233,0.0014657974243164062,241.69294834136963
234,0.0014581680297851562,241.6944065093994
235,0.0014371871948242188,241.69584369659424
236,0.0014314651489257812,241.69727516174316
237,0.0014190673828125,241.69869422912598
238,0.0014095306396484375,241.70010375976562
239,0.0013980865478515625,241.70150184631348
240,0.0013780593872070312,241.70287990570068
241,0.0013685226440429688,241.70424842834473
242,0.0013561248779296875,241.70560455322266
243,0.0013475418090820312,241.70695209503174
244,0.0013360977172851562,241.70828819274902
245,0.0013322830200195312,241.70962047576904
246,0.0013303756713867188,241.71095085144043
247,0.0013141632080078125,241.71226501464844
248,0.0013103485107421875,241.71357536315918
249,0.0012950897216796875,241.71487045288086
250,0.0012865066528320312,241.7161569595337
251,0.001270294189453125,241.71742725372314
252,0.0012598037719726562,241.71868705749512
253,0.0012502670288085938,241.71993732452393
254,0.0012493133544921875,241.72118663787842
255,0.0012426376342773438,241.7224292755127
256,0.0012292861938476562,241.72365856170654
257,0.0012197494506835938,241.72487831115723
258,0.00121307373046875,241.7260913848877
259,0.0012054443359375,241.72729682922363
260,0.0011911392211914062,241.72848796844482
261,0.0011949539184570312,241.72968292236328
262,0.0011806488037109375,241.730863571167
263,0.0011644363403320312,241.73202800750732
264,0.0011625289916992188,241.73319053649902
265,0.0011510848999023438,241.73434162139893
266,0.0011491775512695312,241.7354907989502
267,0.0011396408081054688,241.7366304397583
268,0.001125335693359375,241.73775577545166
269,0.0011243820190429688,241.7388801574707
270,0.0011091232299804688,241.73998928070068
271,0.0011110305786132812,241.7411003112793
272,0.001102447509765625,241.74220275878906
273,0.0010890960693359375,241.7432918548584
274,0.001087188720703125,241.7443790435791
275,0.0010728836059570312,241.74545192718506
276,0.0010709762573242188,241.74652290344238
277,0.0010633468627929688,241.74758625030518
278,0.0010528564453125,241.7486391067505
279,0.0010538101196289062,241.74969291687012
280,0.0010347366333007812,241.75072765350342
281,0.0010395050048828125,241.7517671585083
282,0.001026153564453125,241.75279331207275
283,0.0010242462158203125,241.75381755828857
284,0.0010213851928710938,241.75483894348145
285,0.0010118484497070312,241.75585079193115
286,0.0010051727294921875,241.75685596466064
287,0.0010051727294921875,241.75786113739014
288,0.0009927749633789062,241.75885391235352
