step,loss,cumulative_loss_sum
1,4.10546875,4.10546875
2,4.10546875,8.2109375
3,4.10546875,12.31640625
4,4.10546875,16.421875
5,4.10546875,20.52734375
6,4.10546875,24.6328125
7,3.927734375,28.560546875
8,3.740234375,32.30078125
9,3.33203125,35.6328125
10,3.33203125,38.96484375
11,3.33203125,42.296875
12,2.958984375,45.255859375
13,2.658203125,47.9140625
14,2.345703125,50.259765625
15,2.1015625,52.361328125
16,1.916015625,54.27734375
17,1.7763671875,56.0537109375
18,1.6748046875,57.728515625
19,1.5908203125,59.3193359375
20,1.5615234375,60.880859375
21,1.4814453125,62.3623046875
22,1.4248046875,63.787109375
23,1.3857421875,65.1728515625
24,1.3408203125,66.513671875
25,1.2734375,67.787109375
26,1.205078125,68.9921875
27,1.142578125,70.134765625
28,1.09375,71.228515625
29,1.0986328125,72.3271484375
30,1.0556640625,73.3828125
31,1.0654296875,74.4482421875
32,1.0009765625,75.44921875
33,1.017578125,76.466796875
34,0.9501953125,77.4169921875
35,0.95654296875,78.37353515625
36,0.89453125,79.26806640625
37,0.91015625,80.17822265625
38,0.84716796875,81.025390625
39,0.833984375,81.859375
40,0.81787109375,82.67724609375
41,0.8056640625,83.48291015625
42,0.79248046875,84.275390625
43,0.78076171875,85.05615234375
44,0.77001953125,85.826171875
45,0.7548828125,86.5810546875
46,0.75146484375,87.33251953125
47,0.728515625,88.06103515625
48,0.724609375,88.78564453125
49,0.69921875,89.48486328125
50,0.69384765625,90.1787109375
51,0.6796875,90.8583984375
52,0.66845703125,91.52685546875
53,0.6552734375,92.18212890625
54,0.64794921875,92.830078125
55,0.62841796875,93.45849609375
56,0.62548828125,94.083984375
57,0.60302734375,94.68701171875
58,0.6044921875,95.29150390625
59,0.591796875,95.88330078125
60,0.58447265625,96.4677734375
61,0.56396484375,97.03173828125
62,0.5654296875,97.59716796875
63,0.54443359375,98.1416015625
64,0.55029296875,98.69189453125
65,0.5283203125,99.22021484375
66,0.5341796875,99.75439453125
67,0.509765625,100.26416015625
68,0.5166015625,100.78076171875
69,0.492919921875,101.273681640625
70,0.49853515625,101.772216796875
71,0.4755859375,102.247802734375
72,0.47998046875,102.727783203125
73,0.46044921875,103.188232421875
74,0.46337890625,103.651611328125
75,0.44140625,104.093017578125
76,0.43798828125,104.531005859375
77,0.425537109375,104.95654296875
78,0.422119140625,105.378662109375
79,0.4111328125,105.789794921875
80,0.400634765625,106.1904296875
81,0.3876953125,106.578125
82,0.383056640625,106.961181640625
83,0.373779296875,107.3349609375
84,0.370849609375,107.705810546875
85,0.361572265625,108.0673828125
86,0.356689453125,108.424072265625
87,0.34521484375,108.769287109375
88,0.339599609375,109.10888671875
89,0.3291015625,109.43798828125
90,0.31689453125,109.7548828125
91,0.302734375,110.0576171875
92,0.29052734375,110.34814453125
93,0.2900390625,110.63818359375
94,0.274658203125,110.912841796875
95,0.27197265625,111.184814453125
96,0.257080078125,111.44189453125
97,0.255615234375,111.697509765625
98,0.2403564453125,111.9378662109375
99,0.243408203125,112.1812744140625
100,0.222900390625,112.4041748046875
101,0.223876953125,112.6280517578125
102,0.2037353515625,112.831787109375
103,0.2076416015625,113.0394287109375
104,0.1846923828125,113.22412109375
105,0.1759033203125,113.4000244140625
106,0.1771240234375,113.5771484375
107,0.1607666015625,113.7379150390625
108,0.154052734375,113.8919677734375
109,0.155517578125,114.0474853515625
110,0.1448974609375,114.1923828125
111,0.1446533203125,114.3370361328125
112,0.1375732421875,114.474609375
113,0.1290283203125,114.6036376953125
114,0.1282958984375,114.73193359375
115,0.11614990234375,114.84808349609375
116,0.11309814453125,114.961181640625
117,0.1036376953125,115.0648193359375
118,0.09954833984375,115.16436767578125
119,0.094970703125,115.25933837890625
120,0.09222412109375,115.3515625
121,0.08551025390625,115.43707275390625
122,0.08203125,115.51910400390625
123,0.07745361328125,115.5965576171875
124,0.07440185546875,115.67095947265625
125,0.0701904296875,115.74114990234375
126,0.06744384765625,115.80859375
127,0.0638427734375,115.8724365234375
128,0.059600830078125,115.93203735351562
129,0.05712890625,115.98916625976562
130,0.0537109375,116.04287719726562
131,0.052093505859375,116.094970703125
132,0.04913330078125,116.14410400390625
133,0.04742431640625,116.1915283203125
134,0.04638671875,116.2379150390625
135,0.04541015625,116.2833251953125
136,0.042236328125,116.3255615234375
137,0.041534423828125,116.36709594726562
138,0.03948974609375,116.40658569335938
139,0.038909912109375,116.44549560546875
140,0.0361328125,116.48162841796875
141,0.03564453125,116.51727294921875
142,0.033477783203125,116.55075073242188
143,0.0340576171875,116.58480834960938
144,0.031463623046875,116.61627197265625
145,0.0321044921875,116.64837646484375
146,0.029388427734375,116.67776489257812
147,0.02996826171875,116.70773315429688
148,0.027374267578125,116.735107421875
149,0.028106689453125,116.76321411132812
150,0.0256195068359375,116.78883361816406
151,0.0263671875,116.81520080566406
152,0.024322509765625,116.83952331542969
153,0.0244293212890625,116.86395263671875
154,0.02264404296875,116.8865966796875
155,0.0229034423828125,116.90950012207031
156,0.0210418701171875,116.9305419921875
157,0.0215606689453125,116.95210266113281
158,0.0197601318359375,116.97186279296875
159,0.0198516845703125,116.99171447753906
160,0.0184326171875,117.01014709472656
161,0.01885986328125,117.02900695800781
162,0.017059326171875,117.04606628417969
163,0.0176849365234375,117.06375122070312
164,0.01593017578125,117.07968139648438
165,0.0162811279296875,117.09596252441406
166,0.0147552490234375,117.1107177734375
167,0.01517486572265625,117.12589263916016
168,0.01375579833984375,117.1396484375
169,0.01444244384765625,117.15409088134766
170,0.0128631591796875,117.16695404052734
171,0.013427734375,117.18038177490234
172,0.0118865966796875,117.19226837158203
173,0.0124969482421875,117.20476531982422
174,0.011138916015625,117.21590423583984
175,0.01168060302734375,117.22758483886719
176,0.0102691650390625,117.23785400390625
177,0.01093292236328125,117.24878692626953
178,0.00965118408203125,117.25843811035156
179,0.01024627685546875,117.26868438720703
180,0.00904083251953125,117.27772521972656
181,0.0095977783203125,117.28732299804688
182,0.00846099853515625,117.29578399658203
183,0.0089263916015625,117.3047103881836
184,0.007785797119140625,117.31249618530273
185,0.00809478759765625,117.32059097290039
186,0.007427215576171875,117.32801818847656
187,0.00762939453125,117.33564758300781
188,0.00701904296875,117.34266662597656
189,0.007053375244140625,117.3497200012207
190,0.0064544677734375,117.35617446899414
191,0.006572723388671875,117.36274719238281
192,0.006069183349609375,117.36881637573242
193,0.00621795654296875,117.37503433227539
194,0.00566864013671875,117.38070297241211
195,0.0057525634765625,117.38645553588867
196,0.005290985107421875,117.3917465209961
197,0.0053253173828125,117.3970718383789
198,0.00495147705078125,117.40202331542969
199,0.004993438720703125,117.40701675415039
200,0.004695892333984375,117.41171264648438
201,0.00472259521484375,117.41643524169922
202,0.004383087158203125,117.42081832885742
203,0.004302978515625,117.42512130737305
204,0.0042266845703125,117.42934799194336
205,0.004138946533203125,117.43348693847656
206,0.003963470458984375,117.43745040893555
207,0.003963470458984375,117.44141387939453
208,0.003688812255859375,117.44510269165039
209,0.0034942626953125,117.4485969543457
210,0.0033702850341796875,117.45196723937988
211,0.0032596588134765625,117.45522689819336
212,0.00319671630859375,117.45842361450195
213,0.00311279296875,117.4615364074707
214,0.0030364990234375,117.46457290649414
215,0.0029544830322265625,117.46752738952637
216,0.00290679931640625,117.47043418884277
217,0.0027828216552734375,117.47321701049805
218,0.0027561187744140625,117.47597312927246
219,0.002666473388671875,117.47863960266113
220,0.0026397705078125,117.48127937316895
221,0.0025634765625,117.48384284973145
222,0.00251007080078125,117.48635292053223
223,0.0024662017822265625,117.48881912231445
224,0.0024280548095703125,117.49124717712402
225,0.0023708343505859375,117.49361801147461
226,0.0023326873779296875,117.49595069885254
227,0.0022563934326171875,117.49820709228516
228,0.002246856689453125,117.50045394897461
229,0.002201080322265625,117.50265502929688
230,0.002162933349609375,117.50481796264648
231,0.002124786376953125,117.50694274902344
232,0.0020885467529296875,117.50903129577637
233,0.002048492431640625,117.51107978820801
234,0.0020084381103515625,117.51308822631836
235,0.0019664764404296875,117.51505470275879
236,0.001934051513671875,117.51698875427246
237,0.0019025802612304688,117.51889133453369
238,0.0018558502197265625,117.52074718475342
239,0.0018339157104492188,117.52258110046387
240,0.00180816650390625,117.52438926696777
241,0.001781463623046875,117.52617073059082
242,0.0017595291137695312,117.52793025970459
243,0.0017328262329101562,117.5296630859375
244,0.0017080307006835938,117.53137111663818
245,0.0016679763793945312,117.53303909301758
246,0.0016412734985351562,117.53468036651611
247,0.0016298294067382812,117.53631019592285
248,0.0016117095947265625,117.53792190551758
249,0.0015821456909179688,117.5395040512085
250,0.0015764236450195312,117.54108047485352
251,0.0015392303466796875,117.5426197052002
252,0.001529693603515625,117.54414939880371
253,0.0015106201171875,117.5456600189209
254,0.0014829635620117188,117.54714298248291
255,0.001468658447265625,117.54861164093018
256,0.001445770263671875,117.55005741119385
257,0.0014190673828125,117.55147647857666
258,0.0014066696166992188,117.55288314819336
259,0.0013799667358398438,117.5542631149292
260,0.0013713836669921875,117.55563449859619
261,0.0013675689697265625,117.55700206756592
262,0.00135040283203125,117.55835247039795
263,0.0013418197631835938,117.55969429016113
264,0.00133514404296875,117.5610294342041
265,0.001316070556640625,117.56234550476074
266,0.0012941360473632812,117.5636396408081
267,0.001285552978515625,117.56492519378662
268,0.0012674331665039062,117.56619262695312
269,0.0012483596801757812,117.5674409866333
270,0.0012378692626953125,117.568678855896
271,0.0012197494506835938,117.56989860534668
272,0.0012140274047851562,117.57111263275146
273,0.00119781494140625,117.57231044769287
274,0.001186370849609375,117.57349681854248
275,0.0011692047119140625,117.5746660232544
276,0.0011644363403320312,117.57583045959473
277,0.0011568069458007812,117.57698726654053
278,0.0011472702026367188,117.57813453674316
279,0.0011301040649414062,117.5792646408081
280,0.0011205673217773438,117.58038520812988
281,0.0011053085327148438,117.5814905166626
282,0.0010957717895507812,117.58258628845215
283,0.0010852813720703125,117.58367156982422
284,0.0010671615600585938,117.58473873138428
285,0.0010576248168945312,117.58579635620117
286,0.0010471343994140625,117.58684349060059
287,0.0010442733764648438,117.58788776397705
288,0.0010223388671875,117.58891010284424
289,0.00102996826171875,117.58994007110596
290,0.0010013580322265625,117.59094142913818
291,0.0010051727294921875,117.59194660186768
292,0.0009946823120117188,117.59294128417969
