step,loss,cumulative_loss_sum
1,2.259765625,2.259765625
2,2.259765625,4.51953125
3,2.259765625,6.779296875
4,2.259765625,9.0390625
5,2.259765625,11.298828125
6,2.259765625,13.55859375
7,2.259765625,15.818359375
8,2.111328125,17.9296875
9,1.994140625,19.923828125
10,1.84765625,21.771484375
11,1.685546875,23.45703125
12,1.5302734375,24.9873046875
13,1.38671875,26.3740234375
14,1.2548828125,27.62890625
15,1.1474609375,28.7763671875
16,1.0537109375,29.830078125
17,0.96142578125,30.79150390625
18,0.880859375,31.67236328125
19,0.81787109375,32.490234375
20,0.75439453125,33.24462890625
21,0.70361328125,33.9482421875
22,0.646484375,34.5947265625
23,0.61181640625,35.20654296875
24,0.599609375,35.80615234375
25,0.56494140625,36.37109375
26,0.55908203125,36.93017578125
27,0.52490234375,37.455078125
28,0.52001953125,37.97509765625
29,0.49560546875,38.470703125
30,0.490234375,38.9609375
31,0.461181640625,39.422119140625
32,0.458740234375,39.880859375
33,0.43115234375,40.31201171875
34,0.42236328125,40.734375
35,0.39990234375,41.13427734375
36,0.386474609375,41.520751953125
37,0.36767578125,41.888427734375
38,0.3583984375,42.246826171875
39,0.33837890625,42.585205078125
40,0.33349609375,42.918701171875
41,0.309326171875,43.22802734375
42,0.294921875,43.52294921875
43,0.2763671875,43.79931640625
44,0.262451171875,44.061767578125
45,0.2509765625,44.312744140625
46,0.246826171875,44.5595703125
47,0.22900390625,44.78857421875
48,0.219482421875,45.008056640625
49,0.20458984375,45.212646484375
50,0.193115234375,45.40576171875
51,0.183837890625,45.589599609375
52,0.1756591796875,45.7652587890625
53,0.1685791015625,45.933837890625
54,0.1636962890625,46.0975341796875
55,0.156005859375,46.2535400390625
56,0.1492919921875,46.40283203125
57,0.1434326171875,46.5462646484375
58,0.1375732421875,46.683837890625
59,0.1326904296875,46.8165283203125
60,0.1298828125,46.9464111328125
61,0.123046875,47.0694580078125
62,0.11700439453125,47.18646240234375
63,0.11297607421875,47.2994384765625
64,0.107421875,47.4068603515625
65,0.103515625,47.5103759765625
66,0.10052490234375,47.61090087890625
67,0.09490966796875,47.705810546875
68,0.0909423828125,47.7967529296875
69,0.08648681640625,47.88323974609375
70,0.08489990234375,47.9681396484375
71,0.08050537109375,48.04864501953125
72,0.0777587890625,48.12640380859375
73,0.07354736328125,48.199951171875
74,0.07177734375,48.271728515625
75,0.06787109375,48.339599609375
76,0.0667724609375,48.4063720703125
77,0.06292724609375,48.46929931640625
78,0.0621337890625,48.53143310546875
79,0.058135986328125,48.589569091796875
80,0.0562744140625,48.645843505859375
81,0.0548095703125,48.700653076171875
82,0.05419921875,48.754852294921875
83,0.050811767578125,48.8056640625
84,0.049591064453125,48.855255126953125
85,0.047088623046875,48.90234375
86,0.04620361328125,48.94854736328125
87,0.043609619140625,48.992156982421875
88,0.0416259765625,49.033782958984375
89,0.041473388671875,49.07525634765625
90,0.03955078125,49.11480712890625
91,0.03802490234375,49.15283203125
92,0.03631591796875,49.18914794921875
93,0.034637451171875,49.223785400390625
94,0.03411865234375,49.257904052734375
95,0.03228759765625,49.290191650390625
96,0.031463623046875,49.3216552734375
97,0.029998779296875,49.351654052734375
98,0.02935791015625,49.381011962890625
99,0.0278778076171875,49.40888977050781
100,0.02691650390625,49.43580627441406
101,0.0262298583984375,49.4620361328125
102,0.0249786376953125,49.48701477050781
103,0.0244293212890625,49.511444091796875
104,0.0231781005859375,49.53462219238281
105,0.022064208984375,49.55668640136719
106,0.0207977294921875,49.577484130859375
107,0.0204010009765625,49.59788513183594
108,0.02020263671875,49.61808776855469
109,0.018768310546875,49.63685607910156
110,0.0181732177734375,49.655029296875
111,0.0173492431640625,49.67237854003906
112,0.017181396484375,49.68955993652344
113,0.0163421630859375,49.705902099609375
114,0.016326904296875,49.72222900390625
115,0.015228271484375,49.737457275390625
116,0.0145416259765625,49.75199890136719
117,0.0140838623046875,49.766082763671875
118,0.0136260986328125,49.77970886230469
119,0.01302337646484375,49.79273223876953
120,0.01259613037109375,49.805328369140625
121,0.01194000244140625,49.81726837158203
122,0.01168060302734375,49.828948974609375
123,0.01105499267578125,49.840003967285156
124,0.010772705078125,49.85077667236328
125,0.01009368896484375,49.860870361328125
126,0.00984954833984375,49.87071990966797
127,0.00919342041015625,49.879913330078125
128,0.008819580078125,49.88873291015625
129,0.00829315185546875,49.89702606201172
130,0.00838470458984375,49.90541076660156
131,0.00795745849609375,49.913368225097656
132,0.007404327392578125,49.920772552490234
133,0.00751495361328125,49.928287506103516
134,0.006988525390625,49.93527603149414
135,0.007068634033203125,49.942344665527344
136,0.006481170654296875,49.94882583618164
137,0.0066070556640625,49.9554328918457
138,0.0060272216796875,49.96146011352539
139,0.005840301513671875,49.96730041503906
140,0.005489349365234375,49.9727897644043
141,0.00531768798828125,49.97810745239258
142,0.00504302978515625,49.983150482177734
143,0.00489044189453125,49.988040924072266
144,0.004749298095703125,49.99279022216797
145,0.004833221435546875,49.997623443603516
146,0.0044403076171875,50.0020637512207
147,0.004276275634765625,50.00634002685547
148,0.00420379638671875,50.01054382324219
149,0.004032135009765625,50.01457595825195
150,0.003910064697265625,50.01848602294922
151,0.0038318634033203125,50.02231788635254
152,0.003765106201171875,50.02608299255371
153,0.0036907196044921875,50.0297737121582
154,0.003574371337890625,50.033348083496094
155,0.0035076141357421875,50.036855697631836
156,0.0034084320068359375,50.04026412963867
157,0.0033435821533203125,50.04360771179199
158,0.0033016204833984375,50.04690933227539
159,0.003215789794921875,50.05012512207031
160,0.0031452178955078125,50.05327033996582
161,0.0030956268310546875,50.056365966796875
162,0.003055572509765625,50.05942153930664
163,0.0029850006103515625,50.06240653991699
164,0.0029315948486328125,50.065338134765625
165,0.002880096435546875,50.06821823120117
166,0.0028285980224609375,50.07104682922363
167,0.0027828216552734375,50.073829650878906
168,0.00273895263671875,50.076568603515625
169,0.00269317626953125,50.079261779785156
170,0.0026397705078125,50.08190155029297
171,0.002593994140625,50.084495544433594
172,0.002567291259765625,50.08706283569336
173,0.002536773681640625,50.089599609375
174,0.0024967193603515625,50.09209632873535
175,0.0024623870849609375,50.09455871582031
176,0.0024166107177734375,50.096975326538086
177,0.002399444580078125,50.099374771118164
178,0.0023746490478515625,50.101749420166016
179,0.0023250579833984375,50.104074478149414
180,0.002300262451171875,50.106374740600586
181,0.00226593017578125,50.10864067077637
182,0.00223541259765625,50.11087608337402
183,0.0022220611572265625,50.11309814453125
184,0.00218963623046875,50.11528778076172
185,0.002178192138671875,50.11746597290039
186,0.002162933349609375,50.11962890625
187,0.002132415771484375,50.121761322021484
188,0.0021076202392578125,50.12386894226074
189,0.00208282470703125,50.12595176696777
190,0.0020599365234375,50.12801170349121
191,0.0020294189453125,50.13004112243652
192,0.0020236968994140625,50.13206481933594
193,0.0019969940185546875,50.13406181335449
194,0.0019664764404296875,50.13602828979492
195,0.001949310302734375,50.137977600097656
196,0.0019330978393554688,50.13991069793701
197,0.0019073486328125,50.141818046569824
198,0.0018939971923828125,50.14371204376221
199,0.001873016357421875,50.14558506011963
200,0.0018558502197265625,50.147440910339355
201,0.0018281936645507812,50.149269104003906
202,0.0018205642700195312,50.151089668273926
203,0.0017948150634765625,50.1528844833374
204,0.0017862319946289062,50.15467071533203
205,0.0017728805541992188,50.15644359588623
206,0.00174713134765625,50.15819072723389
207,0.0017299652099609375,50.15992069244385
208,0.0017147064208984375,50.161635398864746
209,0.001697540283203125,50.16333293914795
210,0.0016994476318359375,50.165032386779785
211,0.001682281494140625,50.166714668273926
212,0.0016613006591796875,50.168375968933105
213,0.0016498565673828125,50.17002582550049
214,0.0016345977783203125,50.17166042327881
215,0.0016164779663085938,50.17327690124512
216,0.0016117095947265625,50.174888610839844
217,0.001590728759765625,50.17647933959961
218,0.0015926361083984375,50.17807197570801
219,0.0015735626220703125,50.17964553833008
220,0.0015659332275390625,50.18121147155762
221,0.00154876708984375,50.18276023864746
222,0.0015430450439453125,50.184303283691406
223,0.0015211105346679688,50.185824394226074
224,0.0015077590942382812,50.18733215332031
225,0.001506805419921875,50.188838958740234
226,0.001491546630859375,50.190330505371094
227,0.0014781951904296875,50.19180870056152
228,0.001476287841796875,50.19328498840332
229,0.0014619827270507812,50.19474697113037
230,0.0014505386352539062,50.196197509765625
231,0.0014543533325195312,50.197651863098145
232,0.001438140869140625,50.199090003967285
233,0.0014238357543945312,50.20051383972168
234,0.0014181137084960938,50.201931953430176
235,0.00140380859375,50.203335762023926
236,0.0013933181762695312,50.204729080200195
237,0.0013790130615234375,50.20610809326172
238,0.0013704299926757812,50.207478523254395
239,0.001369476318359375,50.208847999572754
240,0.0013570785522460938,50.210205078125
241,0.0013408660888671875,50.21154594421387
242,0.0013341903686523438,50.21288013458252
243,0.0013284683227539062,50.21420860290527
244,0.0013170242309570312,50.21552562713623
245,0.0013141632080078125,50.21683979034424
246,0.001312255859375,50.21815204620361
247,0.0012969970703125,50.219449043273926
248,0.001285552978515625,50.22073459625244
249,0.0012683868408203125,50.22200298309326
250,0.0012693405151367188,50.2232723236084
251,0.001255035400390625,50.22452735900879
252,0.001255035400390625,50.22578239440918
253,0.0012388229370117188,50.22702121734619
254,0.0012378692626953125,50.22825908660889
255,0.0012302398681640625,50.22948932647705
256,0.001224517822265625,50.230713844299316
257,0.0012121200561523438,50.23192596435547
258,0.0012073516845703125,50.23313331604004
259,0.0012063980102539062,50.23433971405029
260,0.0011987686157226562,50.235538482666016
261,0.001186370849609375,50.236724853515625
262,0.00118255615234375,50.23790740966797
263,0.0011758804321289062,50.2390832901001
264,0.0011739730834960938,50.240257263183594
265,0.0011692047119140625,50.24142646789551
266,0.001148223876953125,50.24257469177246
267,0.0011501312255859375,50.24372482299805
268,0.0011377334594726562,50.24486255645752
269,0.0011434555053710938,50.24600601196289
270,0.0011262893676757812,50.247132301330566
271,0.0011234283447265625,50.24825572967529
272,0.001117706298828125,50.24937343597412
273,0.001110076904296875,50.25048351287842
274,0.0011005401611328125,50.25158405303955
275,0.0010862350463867188,50.25267028808594
276,0.0010919570922851562,50.25376224517822
277,0.0010776519775390625,50.25483989715576
278,0.0010766983032226562,50.255916595458984
279,0.0010709762573242188,50.25698757171631
280,0.001064300537109375,50.25805187225342
281,0.00106048583984375,50.25911235809326
282,0.0010519027709960938,50.26016426086426
283,0.0010480880737304688,50.26121234893799
284,0.0010433197021484375,50.26225566864014
285,0.0010347366333007812,50.26329040527344
286,0.0010356903076171875,50.264326095581055
287,0.0010194778442382812,50.26534557342529
288,0.0010223388671875,50.26636791229248
289,0.001007080078125,50.267374992370605
290,0.0010089874267578125,50.26838397979736
291,0.0009975433349609375,50.269381523132324
