step,loss,cumulative_loss_sum
1,2.328125,2.328125
2,2.328125,4.65625
3,2.328125,6.984375
4,2.328125,9.3125
5,2.328125,11.640625
6,2.328125,13.96875
7,2.328125,16.296875
8,1.9853515625,18.2822265625
9,1.7724609375,20.0546875
10,1.7724609375,21.8271484375
11,1.5771484375,23.404296875
12,1.37890625,24.783203125
13,1.205078125,25.98828125
14,1.0625,27.05078125
15,0.95166015625,28.00244140625
16,0.857421875,28.85986328125
17,0.76123046875,29.62109375
18,0.6748046875,30.2958984375
19,0.60498046875,30.90087890625
20,0.552734375,31.45361328125
21,0.50439453125,31.9580078125
22,0.4609375,32.4189453125
23,0.418701171875,32.837646484375
24,0.379150390625,33.216796875
25,0.343017578125,33.559814453125
26,0.30859375,33.868408203125
27,0.31787109375,34.186279296875
28,0.290771484375,34.47705078125
29,0.28076171875,34.7578125
30,0.272705078125,35.030517578125
31,0.2476806640625,35.2781982421875
32,0.250244140625,35.5284423828125
33,0.22314453125,35.7515869140625
34,0.251220703125,36.0028076171875
35,0.214599609375,36.2174072265625
36,0.20751953125,36.4249267578125
37,0.2044677734375,36.62939453125
38,0.187744140625,36.817138671875
39,0.185302734375,37.00244140625
40,0.179931640625,37.182373046875
41,0.178466796875,37.36083984375
42,0.167236328125,37.528076171875
43,0.1666259765625,37.6947021484375
44,0.1597900390625,37.8544921875
45,0.1617431640625,38.0162353515625
46,0.1533203125,38.1695556640625
47,0.153564453125,38.3231201171875
48,0.1453857421875,38.468505859375
49,0.145263671875,38.61376953125
50,0.1380615234375,38.7518310546875
51,0.138916015625,38.8907470703125
52,0.131103515625,39.0218505859375
53,0.132568359375,39.1544189453125
54,0.1251220703125,39.279541015625
55,0.126708984375,39.40625
56,0.12078857421875,39.52703857421875
57,0.12261962890625,39.649658203125
58,0.115966796875,39.765625
59,0.11700439453125,39.88262939453125
60,0.1103515625,39.99298095703125
61,0.11065673828125,40.1036376953125
62,0.105224609375,40.2088623046875
63,0.1048583984375,40.313720703125
64,0.09979248046875,40.41351318359375
65,0.09912109375,40.51263427734375
66,0.093505859375,40.60614013671875
67,0.0948486328125,40.70098876953125
68,0.08941650390625,40.7904052734375
69,0.08929443359375,40.87969970703125
70,0.08477783203125,40.9644775390625
71,0.0848388671875,41.04931640625
72,0.0797119140625,41.1290283203125
73,0.07818603515625,41.20721435546875
74,0.07598876953125,41.283203125
75,0.07525634765625,41.35845947265625
76,0.07177734375,41.43023681640625
77,0.07220458984375,41.50244140625
78,0.06787109375,41.5703125
79,0.06817626953125,41.63848876953125
80,0.0635986328125,41.70208740234375
81,0.06341552734375,41.7655029296875
82,0.0587158203125,41.82421875
83,0.058349609375,41.882568359375
84,0.05511474609375,41.93768310546875
85,0.055572509765625,41.993255615234375
86,0.052398681640625,42.045654296875
87,0.05194091796875,42.09759521484375
88,0.04925537109375,42.1468505859375
89,0.04986572265625,42.19671630859375
90,0.046783447265625,42.243499755859375
91,0.046783447265625,42.290283203125
92,0.0443115234375,42.3345947265625
93,0.044647216796875,42.379241943359375
94,0.041839599609375,42.42108154296875
95,0.04168701171875,42.4627685546875
96,0.0386962890625,42.50146484375
97,0.04046630859375,42.54193115234375
98,0.037445068359375,42.579376220703125
99,0.03863525390625,42.618011474609375
100,0.03619384765625,42.654205322265625
101,0.036041259765625,42.69024658203125
102,0.03424072265625,42.7244873046875
103,0.033538818359375,42.758026123046875
104,0.032073974609375,42.79010009765625
105,0.032257080078125,42.822357177734375
106,0.0308685302734375,42.85322570800781
107,0.0301361083984375,42.88336181640625
108,0.029022216796875,42.912384033203125
109,0.0287017822265625,42.94108581542969
110,0.02740478515625,42.96849060058594
111,0.0271759033203125,42.99566650390625
112,0.0259246826171875,43.02159118652344
113,0.0253753662109375,43.046966552734375
114,0.0245208740234375,43.07148742675781
115,0.02392578125,43.09541320800781
116,0.0230712890625,43.11848449707031
117,0.022796630859375,43.14128112792969
118,0.0222625732421875,43.163543701171875
119,0.021392822265625,43.1849365234375
120,0.0209808349609375,43.20591735839844
121,0.0199127197265625,43.225830078125
122,0.01959228515625,43.24542236328125
123,0.01885986328125,43.2642822265625
124,0.01873779296875,43.28302001953125
125,0.017364501953125,43.300384521484375
126,0.0172119140625,43.317596435546875
127,0.0163116455078125,43.33390808105469
128,0.0161590576171875,43.350067138671875
129,0.01531982421875,43.365386962890625
130,0.01505279541015625,43.38043975830078
131,0.0141448974609375,43.39458465576172
132,0.01399993896484375,43.40858459472656
133,0.01336669921875,43.42195129394531
134,0.01306915283203125,43.435020446777344
135,0.0125885009765625,43.447608947753906
136,0.0122833251953125,43.45989227294922
137,0.011810302734375,43.471702575683594
138,0.0113372802734375,43.48303985595703
139,0.01116943359375,43.49420928955078
140,0.01082611083984375,43.505035400390625
141,0.01041412353515625,43.51544952392578
142,0.010162353515625,43.525611877441406
143,0.009735107421875,43.53534698486328
144,0.00925445556640625,43.54460144042969
145,0.00908660888671875,43.553688049316406
146,0.00872802734375,43.562416076660156
147,0.00838470458984375,43.57080078125
148,0.0080413818359375,43.57884216308594
149,0.00782012939453125,43.58666229248047
150,0.007404327392578125,43.59406661987305
151,0.00733184814453125,43.60139846801758
152,0.00682830810546875,43.60822677612305
153,0.006916046142578125,43.615142822265625
154,0.00655364990234375,43.62169647216797
155,0.0063629150390625,43.62805938720703
156,0.0059814453125,43.63404083251953
157,0.00586700439453125,43.63990783691406
158,0.005619049072265625,43.64552688598633
159,0.0055389404296875,43.651065826416016
160,0.0054168701171875,43.6564826965332
161,0.005252838134765625,43.66173553466797
162,0.0049285888671875,43.666664123535156
163,0.004817962646484375,43.67148208618164
164,0.004650115966796875,43.67613220214844
165,0.00469970703125,43.68083190917969
166,0.004619598388671875,43.68545150756836
167,0.004528045654296875,43.689979553222656
168,0.00434112548828125,43.69432067871094
169,0.004302978515625,43.69862365722656
170,0.004215240478515625,43.70283889770508
171,0.004108428955078125,43.706947326660156
172,0.003917694091796875,43.71086502075195
173,0.0038394927978515625,43.714704513549805
174,0.003749847412109375,43.718454360961914
175,0.0036220550537109375,43.722076416015625
176,0.0036334991455078125,43.72570991516113
177,0.0035457611083984375,43.72925567626953
178,0.0034351348876953125,43.73269081115723
179,0.0032711029052734375,43.7359619140625
180,0.0031757354736328125,43.73913764953613
181,0.0031337738037109375,43.742271423339844
182,0.0030498504638671875,43.74532127380371
183,0.0029735565185546875,43.748294830322266
184,0.0029315948486328125,43.7512264251709
185,0.0028667449951171875,43.754093170166016
186,0.002826690673828125,43.756919860839844
187,0.0027751922607421875,43.759695053100586
188,0.0027008056640625,43.76239585876465
189,0.0026836395263671875,43.765079498291016
190,0.0026454925537109375,43.76772499084473
191,0.0025844573974609375,43.77030944824219
192,0.002552032470703125,43.77286148071289
193,0.0025081634521484375,43.77536964416504
194,0.0024700164794921875,43.77783966064453
195,0.00244140625,43.78028106689453
196,0.00238037109375,43.78266143798828
197,0.002376556396484375,43.785037994384766
198,0.002338409423828125,43.787376403808594
199,0.0022830963134765625,43.78965950012207
200,0.00225830078125,43.79191780090332
201,0.0022258758544921875,43.79414367675781
202,0.0021991729736328125,43.796342849731445
203,0.00217437744140625,43.79851722717285
204,0.00213623046875,43.8006534576416
205,0.0021190643310546875,43.802772521972656
206,0.00208282470703125,43.80485534667969
207,0.0020542144775390625,43.80690956115723
208,0.0020275115966796875,43.808937072753906
209,0.00200653076171875,43.810943603515625
210,0.0019817352294921875,43.81292533874512
211,0.00196075439453125,43.81488609313965
212,0.0019283294677734375,43.81681442260742
213,0.0019073486328125,43.818721771240234
214,0.0018758773803710938,43.820597648620605
215,0.0018529891967773438,43.82245063781738
216,0.001842498779296875,43.82429313659668
217,0.001819610595703125,43.82611274719238
218,0.0018091201782226562,43.827921867370605
219,0.001773834228515625,43.82969570159912
220,0.0017709732055664062,43.83146667480469
221,0.0017862319946289062,43.833252906799316
222,0.0017328262329101562,43.83498573303223
223,0.0017156600952148438,43.83670139312744
224,0.00168609619140625,43.83838748931885
225,0.0016832351684570312,43.840070724487305
226,0.0016727447509765625,43.84174346923828
227,0.0016489028930664062,43.84339237213135
228,0.0016307830810546875,43.8450231552124
229,0.0016155242919921875,43.846638679504395
230,0.0016012191772460938,43.84823989868164
231,0.0015897750854492188,43.84982967376709
232,0.0015659332275390625,43.85139560699463
233,0.0015506744384765625,43.852946281433105
234,0.0015411376953125,43.85448741912842
235,0.001514434814453125,43.85600185394287
236,0.0015010833740234375,43.857502937316895
237,0.0014886856079101562,43.858991622924805
238,0.0014791488647460938,43.86047077178955
239,0.0014743804931640625,43.861945152282715
240,0.0014581680297851562,43.8634033203125
241,0.0014371871948242188,43.864840507507324
242,0.001430511474609375,43.866271018981934
243,0.00142669677734375,43.86769771575928
244,0.0014123916625976562,43.869110107421875
245,0.0013952255249023438,43.87050533294678
246,0.0013818740844726562,43.87188720703125
247,0.0013675689697265625,43.87325477600098
248,0.0013628005981445312,43.87461757659912
249,0.0013551712036132812,43.875972747802734
250,0.0013370513916015625,43.877309799194336
251,0.0013332366943359375,43.87864303588867
252,0.0013151168823242188,43.879958152770996
253,0.0013093948364257812,43.88126754760742
254,0.0012903213500976562,43.88255786895752
255,0.0012865066528320312,43.88384437561035
256,0.001277923583984375,43.885122299194336
257,0.0012664794921875,43.88638877868652
258,0.0012559890747070312,43.88764476776123
259,0.001239776611328125,43.88888454437256
260,0.0012416839599609375,43.89012622833252
261,0.0012369155883789062,43.8913631439209
262,0.00122833251953125,43.89259147644043
263,0.0012159347534179688,43.89380741119385
264,0.0012073516845703125,43.89501476287842
265,0.0011959075927734375,43.89621067047119
266,0.0011873245239257812,43.89739799499512
267,0.0011777877807617188,43.89857578277588
268,0.0011653900146484375,43.89974117279053
269,0.0011568069458007812,43.90089797973633
270,0.0011453628540039062,43.90204334259033
271,0.0011386871337890625,43.90318202972412
272,0.001132965087890625,43.90431499481201
273,0.0011234283447265625,43.90543842315674
274,0.0011243820190429688,43.90656280517578
275,0.0011119842529296875,43.90767478942871
276,0.00110626220703125,43.90878105163574
277,0.0011043548583984375,43.90988540649414
278,0.0010957717895507812,43.91098117828369
279,0.0010824203491210938,43.91206359863281
280,0.0010728836059570312,43.91313648223877
281,0.0010662078857421875,43.91420269012451
282,0.0010614395141601562,43.91526412963867
283,0.001056671142578125,43.91632080078125
284,0.0010433197021484375,43.9173641204834
285,0.0010404586791992188,43.9184045791626
286,0.0010280609130859375,43.919432640075684
287,0.0010290145874023438,43.920461654663086
288,0.0010242462158203125,43.921485900878906
289,0.0010099411010742188,43.92249584197998
290,0.001010894775390625,43.92350673675537
291,0.001007080078125,43.924513816833496
292,0.0009918212890625,43.92550563812256
