step,loss,cumulative_loss_sum
1,2.921875,2.921875
2,2.921875,5.84375
3,2.921875,8.765625
4,2.921875,11.6875
5,2.921875,14.609375
6,2.921875,17.53125
7,2.921875,20.453125
8,2.623046875,23.076171875
9,2.357421875,25.43359375
10,2.10546875,27.5390625
11,1.8515625,29.390625
12,1.69921875,31.08984375
13,1.587890625,32.677734375
14,1.486328125,34.1640625
15,1.4072265625,35.5712890625
16,1.349609375,36.9208984375
17,1.283203125,38.2041015625
18,1.2353515625,39.439453125
19,1.1845703125,40.6240234375
20,1.13671875,41.7607421875
21,1.0859375,42.8466796875
22,1.048828125,43.8955078125
23,1.015625,44.9111328125
24,0.98681640625,45.89794921875
25,0.95068359375,46.8486328125
26,0.92529296875,47.77392578125
27,0.8955078125,48.66943359375
28,0.86328125,49.53271484375
29,0.8359375,50.36865234375
30,0.81103515625,51.1796875
31,0.78857421875,51.96826171875
32,0.76904296875,52.7373046875
33,0.75244140625,53.48974609375
34,0.7294921875,54.21923828125
35,0.7109375,54.93017578125
36,0.6904296875,55.62060546875
37,0.67431640625,56.294921875
38,0.6513671875,56.9462890625
39,0.6298828125,57.576171875
40,0.6083984375,58.1845703125
41,0.5888671875,58.7734375
42,0.56982421875,59.34326171875
43,0.552734375,59.89599609375
44,0.53662109375,60.4326171875
45,0.5166015625,60.94921875
46,0.501953125,61.451171875
47,0.486328125,61.9375
48,0.471435546875,62.408935546875
49,0.45751953125,62.866455078125
50,0.4462890625,63.312744140625
51,0.432373046875,63.7451171875
52,0.421142578125,64.166259765625
53,0.406494140625,64.57275390625
54,0.394775390625,64.967529296875
55,0.380615234375,65.34814453125
56,0.36767578125,65.7158203125
57,0.354248046875,66.070068359375
58,0.34130859375,66.411376953125
59,0.3291015625,66.740478515625
60,0.316650390625,67.05712890625
61,0.310302734375,67.367431640625
62,0.298583984375,67.666015625
63,0.28857421875,67.95458984375
64,0.28173828125,68.236328125
65,0.27294921875,68.50927734375
66,0.2626953125,68.77197265625
67,0.255615234375,69.027587890625
68,0.2452392578125,69.2728271484375
69,0.239501953125,69.5123291015625
70,0.2286376953125,69.740966796875
71,0.2227783203125,69.9637451171875
72,0.2149658203125,70.1787109375
73,0.2086181640625,70.3873291015625
74,0.1998291015625,70.587158203125
75,0.1953125,70.782470703125
76,0.1871337890625,70.9696044921875
77,0.18115234375,71.1507568359375
78,0.1739501953125,71.32470703125
79,0.1688232421875,71.4935302734375
80,0.163330078125,71.6568603515625
81,0.1602783203125,71.817138671875
82,0.154296875,71.971435546875
83,0.1510009765625,72.1224365234375
84,0.14501953125,72.2674560546875
85,0.139404296875,72.4068603515625
86,0.1357421875,72.5426025390625
87,0.1304931640625,72.673095703125
88,0.1263427734375,72.7994384765625
89,0.1214599609375,72.9208984375
90,0.1165771484375,73.0374755859375
91,0.11181640625,73.1492919921875
92,0.10760498046875,73.25689697265625
93,0.10406494140625,73.3609619140625
94,0.100830078125,73.4617919921875
95,0.0970458984375,73.558837890625
96,0.09429931640625,73.65313720703125
97,0.090576171875,73.74371337890625
98,0.08697509765625,73.8306884765625
99,0.08465576171875,73.91534423828125
100,0.08154296875,73.99688720703125
101,0.0787353515625,74.07562255859375
102,0.07635498046875,74.1519775390625
103,0.07342529296875,74.22540283203125
104,0.0704345703125,74.29583740234375
105,0.0672607421875,74.36309814453125
106,0.065185546875,74.42828369140625
107,0.06317138671875,74.491455078125
108,0.0609130859375,74.5523681640625
109,0.0592041015625,74.611572265625
110,0.05657958984375,74.66815185546875
111,0.05401611328125,74.72216796875
112,0.051361083984375,74.77352905273438
113,0.0494384765625,74.82296752929688
114,0.04742431640625,74.87039184570312
115,0.045928955078125,74.91632080078125
116,0.0440673828125,74.96038818359375
117,0.0423583984375,75.00274658203125
118,0.040740966796875,75.04348754882812
119,0.039642333984375,75.0831298828125
120,0.037872314453125,75.12100219726562
121,0.036712646484375,75.15771484375
122,0.0350341796875,75.1927490234375
123,0.0338134765625,75.2265625
124,0.03265380859375,75.25921630859375
125,0.0316162109375,75.29083251953125
126,0.0307159423828125,75.32154846191406
127,0.0293426513671875,75.35089111328125
128,0.0283355712890625,75.37922668457031
129,0.0274200439453125,75.40664672851562
130,0.026519775390625,75.43316650390625
131,0.025665283203125,75.45883178710938
132,0.024810791015625,75.483642578125
133,0.0238800048828125,75.50752258300781
134,0.023223876953125,75.53074645996094
135,0.0224456787109375,75.55319213867188
136,0.02142333984375,75.57461547851562
137,0.0204315185546875,75.59504699707031
138,0.0199432373046875,75.614990234375
139,0.019378662109375,75.63436889648438
140,0.0186004638671875,75.65296936035156
141,0.0180511474609375,75.6710205078125
142,0.017120361328125,75.68814086914062
143,0.016510009765625,75.70465087890625
144,0.01580810546875,75.720458984375
145,0.0151214599609375,75.73558044433594
146,0.014617919921875,75.75019836425781
147,0.01419830322265625,75.76439666748047
148,0.01357269287109375,75.77796936035156
149,0.013153076171875,75.79112243652344
150,0.01271820068359375,75.80384063720703
151,0.0121917724609375,75.81603240966797
152,0.01186370849609375,75.82789611816406
153,0.0112457275390625,75.83914184570312
154,0.011016845703125,75.85015869140625
155,0.0105743408203125,75.86073303222656
156,0.01020050048828125,75.87093353271484
157,0.00968170166015625,75.880615234375
158,0.0092315673828125,75.88984680175781
159,0.00891876220703125,75.89876556396484
160,0.0085906982421875,75.90735626220703
161,0.00829315185546875,75.9156494140625
162,0.0080108642578125,75.92366027832031
163,0.007663726806640625,75.93132400512695
164,0.00740814208984375,75.9387321472168
165,0.00705718994140625,75.9457893371582
166,0.0068206787109375,75.95261001586914
167,0.006557464599609375,75.95916748046875
168,0.006412506103515625,75.96557998657227
169,0.0061798095703125,75.97175979614258
170,0.006023406982421875,75.977783203125
171,0.005859375,75.983642578125
172,0.005702972412109375,75.98934555053711
173,0.0055389404296875,75.9948844909668
174,0.00540924072265625,76.00029373168945
175,0.005283355712890625,76.00557708740234
176,0.005153656005859375,76.0107307434082
177,0.00507354736328125,76.01580429077148
178,0.004909515380859375,76.02071380615234
179,0.0048065185546875,76.02552032470703
180,0.004638671875,76.03015899658203
181,0.00455474853515625,76.03471374511719
182,0.00446319580078125,76.03917694091797
183,0.004360198974609375,76.04353713989258
184,0.004241943359375,76.04777908325195
185,0.00418853759765625,76.05196762084961
186,0.004093170166015625,76.05606079101562
187,0.00400543212890625,76.06006622314453
188,0.00392913818359375,76.06399536132812
189,0.0038585662841796875,76.0678539276123
190,0.0037899017333984375,76.0716438293457
191,0.0036830902099609375,76.07532691955566
192,0.0036144256591796875,76.07894134521484
193,0.00354766845703125,76.08248901367188
194,0.003459930419921875,76.0859489440918
195,0.0033969879150390625,76.08934593200684
196,0.00331878662109375,76.09266471862793
197,0.00327301025390625,76.09593772888184
198,0.003185272216796875,76.09912300109863
199,0.00316619873046875,76.1022891998291
200,0.00308990478515625,76.10537910461426
201,0.00302886962890625,76.10840797424316
202,0.0029773712158203125,76.11138534545898
203,0.00292205810546875,76.11430740356445
204,0.002880096435546875,76.1171875
205,0.002834320068359375,76.12002182006836
206,0.002777099609375,76.12279891967773
207,0.0027332305908203125,76.12553215026855
208,0.002666473388671875,76.12819862365723
209,0.0026302337646484375,76.13082885742188
210,0.0025959014892578125,76.13342475891113
211,0.0025424957275390625,76.13596725463867
212,0.0025005340576171875,76.13846778869629
213,0.002452850341796875,76.14092063903809
214,0.002410888671875,76.14333152770996
215,0.00238800048828125,76.14571952819824
216,0.0023441314697265625,76.14806365966797
217,0.0023136138916015625,76.15037727355957
218,0.00228118896484375,76.15265846252441
219,0.0022525787353515625,76.15491104125977
220,0.0022220611572265625,76.15713310241699
221,0.0021915435791015625,76.1593246459961
222,0.002155303955078125,76.16147994995117
223,0.002124786376953125,76.16360473632812
224,0.00209808349609375,76.16570281982422
225,0.0020656585693359375,76.16776847839355
226,0.002033233642578125,76.16980171203613
227,0.0020122528076171875,76.17181396484375
228,0.0019855499267578125,76.17379951477051
229,0.00196075439453125,76.17576026916504
230,0.0019483566284179688,76.17770862579346
231,0.0019083023071289062,76.17961692810059
232,0.0018949508666992188,76.18151187896729
233,0.001880645751953125,76.18339252471924
234,0.0018453598022460938,76.18523788452148
235,0.0018320083618164062,76.1870698928833
236,0.0018033981323242188,76.18887329101562
237,0.0017824172973632812,76.19065570831299
238,0.0017681121826171875,76.1924238204956
239,0.0017414093017578125,76.19416522979736
240,0.0017175674438476562,76.19588279724121
241,0.0017042160034179688,76.19758701324463
242,0.0016775131225585938,76.19926452636719
243,0.0016660690307617188,76.20093059539795
244,0.0016431808471679688,76.20257377624512
245,0.0016298294067382812,76.20420360565186
246,0.0016107559204101562,76.20581436157227
247,0.001598358154296875,76.20741271972656
248,0.0015735626220703125,76.20898628234863
249,0.0015497207641601562,76.2105360031128
250,0.0015392303466796875,76.21207523345947
251,0.0015172958374023438,76.21359252929688
252,0.0015096664428710938,76.21510219573975
253,0.00148773193359375,76.21658992767334
254,0.0014638900756835938,76.21805381774902
255,0.001453399658203125,76.21950721740723
256,0.0014400482177734375,76.220947265625
257,0.0014314651489257812,76.22237873077393
258,0.00141143798828125,76.2237901687622
259,0.001392364501953125,76.22518253326416
260,0.0013837814331054688,76.22656631469727
261,0.0013608932495117188,76.22792720794678
262,0.00135040283203125,76.22927761077881
263,0.001331329345703125,76.23060894012451
264,0.0013227462768554688,76.23193168640137
265,0.001316070556640625,76.23324775695801
266,0.0013017654418945312,76.2345495223999
267,0.001293182373046875,76.23584270477295
268,0.0012731552124023438,76.23711585998535
269,0.0012664794921875,76.23838233947754
270,0.0012578964233398438,76.23964023590088
271,0.0012416839599609375,76.24088191986084
272,0.0012388229370117188,76.24212074279785
273,0.0012226104736328125,76.24334335327148
274,0.00121307373046875,76.24455642700195
275,0.001201629638671875,76.24575805664062
276,0.001186370849609375,76.24694442749023
277,0.0011844635009765625,76.24812889099121
278,0.0011663436889648438,76.24929523468018
279,0.0011653900146484375,76.25046062469482
280,0.0011386871337890625,76.25159931182861
281,0.0011301040649414062,76.25272941589355
282,0.0011205673217773438,76.25384998321533
283,0.0011205673217773438,76.25497055053711
284,0.0011053085327148438,76.25607585906982
285,0.0010881423950195312,76.25716400146484
286,0.0010890960693359375,76.25825309753418
287,0.001071929931640625,76.25932502746582
288,0.0010623931884765625,76.2603874206543
289,0.001049041748046875,76.26143646240234
290,0.0010528564453125,76.26248931884766
291,0.0010385513305664062,76.26352787017822
292,0.00103759765625,76.26456546783447
293,0.00102996826171875,76.26559543609619
294,0.00101470947265625,76.26661014556885
295,0.0009984970092773438,76.26760864257812
