step,loss,cumulative_loss_sum
1,3.70703125,3.70703125
2,3.70703125,7.4140625
3,3.70703125,11.12109375
4,3.70703125,14.828125
5,3.70703125,18.53515625
6,3.70703125,22.2421875
7,3.70703125,25.94921875
8,3.205078125,29.154296875
9,2.796875,31.951171875
10,2.544921875,34.49609375
11,2.431640625,36.927734375
12,2.365234375,39.29296875
13,2.2109375,41.50390625
14,2.265625,43.76953125
15,2.10546875,45.875
16,2.11328125,47.98828125
17,1.978515625,49.966796875
18,1.9375,51.904296875
19,1.853515625,53.7578125
20,1.8076171875,55.5654296875
21,1.6748046875,57.240234375
22,1.5166015625,58.7568359375
23,1.3701171875,60.126953125
24,1.2705078125,61.3974609375
25,1.234375,62.6318359375
26,1.1484375,63.7802734375
27,1.12109375,64.9013671875
28,1.076171875,65.9775390625
29,1.046875,67.0244140625
30,1.0087890625,68.033203125
31,0.98583984375,69.01904296875
32,0.943359375,69.96240234375
33,0.923828125,70.88623046875
34,0.89892578125,71.78515625
35,0.8740234375,72.6591796875
36,0.8642578125,73.5234375
37,0.84375,74.3671875
38,0.8232421875,75.1904296875
39,0.8095703125,76.0
40,0.7861328125,76.7861328125
41,0.77490234375,77.56103515625
42,0.7548828125,78.31591796875
43,0.73876953125,79.0546875
44,0.72705078125,79.78173828125
45,0.70263671875,80.484375
46,0.7001953125,81.1845703125
47,0.6708984375,81.85546875
48,0.67431640625,82.52978515625
49,0.64892578125,83.1787109375
50,0.6455078125,83.82421875
51,0.61572265625,84.43994140625
52,0.6162109375,85.05615234375
53,0.59228515625,85.6484375
54,0.60009765625,86.24853515625
55,0.56787109375,86.81640625
56,0.576171875,87.392578125
57,0.54541015625,87.93798828125
58,0.55810546875,88.49609375
59,0.52783203125,89.02392578125
60,0.54052734375,89.564453125
61,0.50732421875,90.07177734375
62,0.52197265625,90.59375
63,0.493896484375,91.087646484375
64,0.50146484375,91.589111328125
65,0.480224609375,92.0693359375
66,0.486083984375,92.555419921875
67,0.468505859375,93.02392578125
68,0.464599609375,93.488525390625
69,0.4482421875,93.936767578125
70,0.448974609375,94.3857421875
71,0.435546875,94.8212890625
72,0.435791015625,95.257080078125
73,0.425048828125,95.68212890625
74,0.418212890625,96.100341796875
75,0.408447265625,96.5087890625
76,0.40380859375,96.91259765625
77,0.389892578125,97.302490234375
78,0.390380859375,97.69287109375
79,0.3818359375,98.07470703125
80,0.37841796875,98.453125
81,0.37158203125,98.82470703125
82,0.3681640625,99.19287109375
83,0.359375,99.55224609375
84,0.356689453125,99.908935546875
85,0.3466796875,100.255615234375
86,0.348388671875,100.60400390625
87,0.33984375,100.94384765625
88,0.3388671875,101.28271484375
89,0.32666015625,101.609375
90,0.328369140625,101.937744140625
91,0.322021484375,102.259765625
92,0.317626953125,102.577392578125
93,0.310791015625,102.88818359375
94,0.30517578125,103.193359375
95,0.3017578125,103.4951171875
96,0.296142578125,103.791259765625
97,0.28955078125,104.080810546875
98,0.287109375,104.367919921875
99,0.27978515625,104.647705078125
100,0.277099609375,104.9248046875
101,0.270263671875,105.195068359375
102,0.266357421875,105.46142578125
103,0.25830078125,105.7197265625
104,0.258544921875,105.978271484375
105,0.2470703125,106.225341796875
106,0.246337890625,106.4716796875
107,0.2362060546875,106.7078857421875
108,0.2362060546875,106.944091796875
109,0.2281494140625,107.1722412109375
110,0.2288818359375,107.401123046875
111,0.2188720703125,107.6199951171875
112,0.222412109375,107.8424072265625
113,0.212158203125,108.0545654296875
114,0.2139892578125,108.2685546875
115,0.2061767578125,108.4747314453125
116,0.20947265625,108.6842041015625
117,0.2001953125,108.8843994140625
118,0.2017822265625,109.086181640625
119,0.1929931640625,109.2791748046875
120,0.1934814453125,109.47265625
121,0.18896484375,109.66162109375
122,0.188720703125,109.850341796875
123,0.181640625,110.031982421875
124,0.1796875,110.211669921875
125,0.176025390625,110.3876953125
126,0.17529296875,110.56298828125
127,0.17138671875,110.734375
128,0.166259765625,110.900634765625
129,0.1658935546875,111.0665283203125
130,0.161376953125,111.2279052734375
131,0.1572265625,111.3851318359375
132,0.1607666015625,111.5458984375
133,0.152587890625,111.698486328125
134,0.153076171875,111.8515625
135,0.1475830078125,111.9991455078125
136,0.1483154296875,112.1474609375
137,0.1405029296875,112.2879638671875
138,0.146240234375,112.4342041015625
139,0.13720703125,112.5714111328125
140,0.13818359375,112.7095947265625
141,0.1324462890625,112.842041015625
142,0.1334228515625,112.9754638671875
143,0.127685546875,113.1031494140625
144,0.1302490234375,113.2333984375
145,0.12384033203125,113.35723876953125
146,0.12396240234375,113.481201171875
147,0.1195068359375,113.6007080078125
148,0.11712646484375,113.71783447265625
149,0.11602783203125,113.8338623046875
150,0.11248779296875,113.94635009765625
151,0.1121826171875,114.05853271484375
152,0.10772705078125,114.166259765625
153,0.107177734375,114.2734375
154,0.10784912109375,114.38128662109375
155,0.1033935546875,114.48468017578125
156,0.1011962890625,114.58587646484375
157,0.1011962890625,114.68707275390625
158,0.09771728515625,114.7847900390625
159,0.0963134765625,114.881103515625
160,0.0943603515625,114.9754638671875
161,0.09417724609375,115.06964111328125
162,0.09039306640625,115.1600341796875
163,0.09088134765625,115.25091552734375
164,0.08734130859375,115.3382568359375
165,0.089111328125,115.4273681640625
166,0.0850830078125,115.512451171875
167,0.08544921875,115.597900390625
168,0.0830078125,115.680908203125
169,0.08306884765625,115.76397705078125
170,0.07891845703125,115.8428955078125
171,0.0804443359375,115.92333984375
172,0.07763671875,116.0009765625
173,0.078125,116.0791015625
174,0.07501220703125,116.15411376953125
175,0.0753173828125,116.22943115234375
176,0.07037353515625,116.2998046875
177,0.072509765625,116.372314453125
178,0.06842041015625,116.44073486328125
179,0.0694580078125,116.51019287109375
180,0.06610107421875,116.5762939453125
181,0.06634521484375,116.64263916015625
182,0.06475830078125,116.7073974609375
183,0.06500244140625,116.77239990234375
184,0.062255859375,116.83465576171875
185,0.06304931640625,116.897705078125
186,0.0615234375,116.959228515625
187,0.060882568359375,117.02011108398438
188,0.059783935546875,117.07989501953125
189,0.05865478515625,117.1385498046875
190,0.057525634765625,117.19607543945312
191,0.056549072265625,117.25262451171875
192,0.0552978515625,117.30792236328125
193,0.054931640625,117.36285400390625
194,0.053497314453125,117.41635131835938
195,0.052398681640625,117.46875
196,0.052947998046875,117.52169799804688
197,0.050567626953125,117.572265625
198,0.050323486328125,117.62258911132812
199,0.049774169921875,117.67236328125
200,0.04937744140625,117.72174072265625
201,0.048095703125,117.76983642578125
202,0.047149658203125,117.81698608398438
203,0.046661376953125,117.8636474609375
204,0.045989990234375,117.90963745117188
205,0.045654296875,117.95529174804688
206,0.044921875,118.00021362304688
207,0.043548583984375,118.04376220703125
208,0.044281005859375,118.08804321289062
209,0.04241943359375,118.13046264648438
210,0.042694091796875,118.17315673828125
211,0.0416259765625,118.21478271484375
212,0.04150390625,118.25628662109375
213,0.0406494140625,118.29693603515625
214,0.04046630859375,118.33740234375
215,0.039215087890625,118.37661743164062
216,0.039825439453125,118.41644287109375
217,0.037933349609375,118.45437622070312
218,0.03863525390625,118.49301147460938
219,0.036773681640625,118.52978515625
220,0.0372314453125,118.5670166015625
221,0.036407470703125,118.60342407226562
222,0.036163330078125,118.63958740234375
223,0.035003662109375,118.67459106445312
224,0.03521728515625,118.70980834960938
225,0.0345458984375,118.74435424804688
226,0.033905029296875,118.77825927734375
227,0.03338623046875,118.8116455078125
228,0.033111572265625,118.84475708007812
229,0.032867431640625,118.87762451171875
230,0.032012939453125,118.90963745117188
231,0.0313720703125,118.94100952148438
232,0.03179931640625,118.97280883789062
233,0.0304107666015625,119.00321960449219
234,0.0311737060546875,119.03439331054688
235,0.029541015625,119.06393432617188
236,0.0304718017578125,119.09440612792969
237,0.0288543701171875,119.12326049804688
238,0.02923583984375,119.15249633789062
239,0.0282135009765625,119.18070983886719
240,0.028472900390625,119.20918273925781
241,0.0272369384765625,119.23641967773438
242,0.027435302734375,119.26385498046875
243,0.02630615234375,119.2901611328125
244,0.0271453857421875,119.31730651855469
245,0.0262298583984375,119.34353637695312
246,0.025787353515625,119.36932373046875
247,0.0254669189453125,119.39479064941406
248,0.0244903564453125,119.41928100585938
249,0.0245208740234375,119.44380187988281
250,0.023895263671875,119.46769714355469
251,0.0237579345703125,119.491455078125
252,0.023895263671875,119.51535034179688
253,0.023223876953125,119.53857421875
254,0.023468017578125,119.56204223632812
255,0.0227203369140625,119.58476257324219
256,0.022796630859375,119.60755920410156
257,0.022216796875,119.62977600097656
258,0.0221710205078125,119.65194702148438
259,0.0218505859375,119.67379760742188
260,0.021697998046875,119.69549560546875
261,0.021209716796875,119.71670532226562
262,0.0211639404296875,119.73786926269531
263,0.0206756591796875,119.758544921875
264,0.020355224609375,119.77890014648438
265,0.0201263427734375,119.79902648925781
266,0.0198211669921875,119.81884765625
267,0.0194854736328125,119.83833312988281
268,0.019927978515625,119.85826110839844
269,0.0189208984375,119.87718200683594
270,0.0190887451171875,119.89627075195312
271,0.0185546875,119.91482543945312
272,0.0184173583984375,119.93324279785156
273,0.0180206298828125,119.95126342773438
274,0.017059326171875,119.96832275390625
275,0.017791748046875,119.98611450195312
276,0.017608642578125,120.00372314453125
277,0.01678466796875,120.0205078125
278,0.017120361328125,120.03762817382812
279,0.0162811279296875,120.05390930175781
280,0.016265869140625,120.07017517089844
281,0.0160980224609375,120.08627319335938
282,0.0157623291015625,120.10203552246094
283,0.01568603515625,120.11772155761719
284,0.01508331298828125,120.13280487060547
285,0.01544952392578125,120.14825439453125
286,0.01476287841796875,120.16301727294922
287,0.01500701904296875,120.17802429199219
288,0.0145263671875,120.19255065917969
289,0.0142059326171875,120.20675659179688
290,0.01503753662109375,120.22179412841797
291,0.013916015625,120.23571014404297
292,0.013763427734375,120.24947357177734
293,0.013671875,120.26314544677734
294,0.0142364501953125,120.27738189697266
295,0.01277923583984375,120.2901611328125
296,0.01458740234375,120.30474853515625
297,0.0127105712890625,120.31745910644531
298,0.01366424560546875,120.33112335205078
299,0.012420654296875,120.34354400634766
300,0.012847900390625,120.35639190673828
301,0.012115478515625,120.3685073852539
302,0.01293182373046875,120.38143920898438
303,0.011749267578125,120.3931884765625
304,0.011993408203125,120.40518188476562
305,0.01161956787109375,120.41680145263672
306,0.01146697998046875,120.42826843261719
307,0.01145172119140625,120.4397201538086
308,0.01141357421875,120.45113372802734
309,0.01068878173828125,120.46182250976562
310,0.011383056640625,120.47320556640625
311,0.01062774658203125,120.48383331298828
312,0.01093292236328125,120.49476623535156
313,0.01049041748046875,120.50525665283203
314,0.01056671142578125,120.51582336425781
315,0.01016998291015625,120.52599334716797
316,0.010162353515625,120.5361557006836
317,0.0099945068359375,120.54615020751953
318,0.00991058349609375,120.55606079101562
319,0.009796142578125,120.56585693359375
320,0.00966644287109375,120.57552337646484
321,0.00963592529296875,120.58515930175781
322,0.009521484375,120.59468078613281
323,0.00948333740234375,120.60416412353516
324,0.0092926025390625,120.61345672607422
325,0.00928497314453125,120.62274169921875
326,0.00926971435546875,120.63201141357422
327,0.00908660888671875,120.64109802246094
328,0.00887298583984375,120.64997100830078
329,0.00887298583984375,120.65884399414062
330,0.00875091552734375,120.66759490966797
331,0.00876617431640625,120.67636108398438
332,0.00853729248046875,120.68489837646484
333,0.0084686279296875,120.69336700439453
334,0.00830841064453125,120.70167541503906
335,0.008392333984375,120.71006774902344
336,0.00806427001953125,120.71813201904297
337,0.00801849365234375,120.72615051269531
338,0.00789642333984375,120.73404693603516
339,0.00785064697265625,120.74189758300781
340,0.007625579833984375,120.7495231628418
341,0.007755279541015625,120.75727844238281
342,0.0073699951171875,120.7646484375
343,0.007488250732421875,120.77213668823242
344,0.007190704345703125,120.77932739257812
345,0.007354736328125,120.78668212890625
346,0.0070648193359375,120.79374694824219
347,0.007049560546875,120.80079650878906
348,0.006927490234375,120.80772399902344
349,0.00687408447265625,120.8145980834961
350,0.00676727294921875,120.82136535644531
351,0.00679779052734375,120.82816314697266
352,0.006580352783203125,120.83474349975586
353,0.006679534912109375,120.84142303466797
354,0.00644683837890625,120.84786987304688
355,0.00656890869140625,120.85443878173828
356,0.00626373291015625,120.86070251464844
357,0.006374359130859375,120.8670768737793
358,0.0061492919921875,120.87322616577148
359,0.00627899169921875,120.8795051574707
360,0.0060272216796875,120.88553237915039
361,0.00609588623046875,120.89162826538086
362,0.005916595458984375,120.89754486083984
363,0.005985260009765625,120.90353012084961
364,0.005664825439453125,120.90919494628906
365,0.005847930908203125,120.91504287719727
366,0.00553131103515625,120.92057418823242
367,0.005611419677734375,120.92618560791016
368,0.0054779052734375,120.9316635131836
369,0.005496978759765625,120.93716049194336
370,0.005428314208984375,120.94258880615234
371,0.005340576171875,120.94792938232422
372,0.00521087646484375,120.95314025878906
373,0.00519561767578125,120.95833587646484
374,0.005069732666015625,120.96340560913086
375,0.0050506591796875,120.96845626831055
376,0.00501251220703125,120.97346878051758
377,0.004978179931640625,120.97844696044922
378,0.004901885986328125,120.98334884643555
379,0.00484466552734375,120.98819351196289
380,0.004734039306640625,120.99292755126953
381,0.00469970703125,120.99762725830078
382,0.0045318603515625,121.00215911865234
383,0.004611968994140625,121.00677108764648
384,0.0045166015625,121.01128768920898
385,0.00455474853515625,121.01584243774414
386,0.004375457763671875,121.02021789550781
387,0.0044097900390625,121.02462768554688
388,0.004238128662109375,121.02886581420898
389,0.004238128662109375,121.0331039428711
390,0.0041351318359375,121.03723907470703
391,0.004116058349609375,121.04135513305664
392,0.00397491455078125,121.04533004760742
393,0.00406646728515625,121.04939651489258
394,0.0039825439453125,121.05337905883789
395,0.00392913818359375,121.05730819702148
396,0.0038661956787109375,121.0611743927002
397,0.003826141357421875,121.06500053405762
398,0.003772735595703125,121.06877326965332
399,0.003681182861328125,121.07245445251465
400,0.003662109375,121.07611656188965
401,0.0036334991455078125,121.07975006103516
402,0.003559112548828125,121.08330917358398
403,0.0034618377685546875,121.08677101135254
404,0.003513336181640625,121.09028434753418
405,0.0033779144287109375,121.09366226196289
406,0.0034198760986328125,121.09708213806152
407,0.00331878662109375,121.10040092468262
408,0.003284454345703125,121.10368537902832
409,0.003238677978515625,121.10692405700684
410,0.003223419189453125,121.11014747619629
411,0.0031223297119140625,121.1132698059082
412,0.0031299591064453125,121.11639976501465
413,0.0030384063720703125,121.11943817138672
414,0.0030460357666015625,121.12248420715332
415,0.002899169921875,121.1253833770752
416,0.00307464599609375,121.12845802307129
417,0.002849578857421875,121.13130760192871
418,0.00286865234375,121.13417625427246
419,0.0027713775634765625,121.13694763183594
420,0.002826690673828125,121.13977432250977
421,0.002681732177734375,121.1424560546875
422,0.00275421142578125,121.14521026611328
423,0.00258636474609375,121.14779663085938
424,0.002471923828125,121.1502685546875
425,0.002475738525390625,121.15274429321289
426,0.0024166107177734375,121.15516090393066
427,0.00252532958984375,121.15768623352051
428,0.0024566650390625,121.16014289855957
429,0.002307891845703125,121.16245079040527
430,0.0022602081298828125,121.16471099853516
431,0.002262115478515625,121.16697311401367
432,0.002197265625,121.16917037963867
433,0.0022144317626953125,121.17138481140137
434,0.0021152496337890625,121.17350006103516
435,0.002109527587890625,121.17560958862305
436,0.0021343231201171875,121.17774391174316
437,0.002166748046875,121.17991065979004
438,0.0021209716796875,121.18203163146973
439,0.0021495819091796875,121.1841812133789
440,0.002025604248046875,121.18620681762695
441,0.002040863037109375,121.18824768066406
442,0.0019664764404296875,121.19021415710449
443,0.0019407272338867188,121.19215488433838
444,0.0019054412841796875,121.19406032562256
445,0.0018787384033203125,121.19593906402588
446,0.0018186569213867188,121.19775772094727
447,0.001800537109375,121.19955825805664
448,0.0017910003662109375,121.20134925842285
449,0.0018033981323242188,121.20315265655518
450,0.0017423629760742188,121.20489501953125
451,0.001728057861328125,121.20662307739258
452,0.0016946792602539062,121.20831775665283
453,0.0016870498657226562,121.21000480651855
454,0.001659393310546875,121.2116641998291
455,0.0016546249389648438,121.21331882476807
456,0.00164794921875,121.21496677398682
457,0.0016469955444335938,121.21661376953125
458,0.0016069412231445312,121.2182207107544
459,0.0016202926635742188,121.21984100341797
460,0.0015964508056640625,121.22143745422363
461,0.001590728759765625,121.2230281829834
462,0.0015649795532226562,121.22459316253662
463,0.001544952392578125,121.2261381149292
464,0.0015192031860351562,121.22765731811523
465,0.0015106201171875,121.22916793823242
466,0.0014867782592773438,121.2306547164917
467,0.0014820098876953125,121.2321367263794
468,0.0014705657958984375,121.2336072921753
469,0.0014753341674804688,121.23508262634277
470,0.001445770263671875,121.23652839660645
471,0.00142669677734375,121.23795509338379
472,0.0013990402221679688,121.23935413360596
473,0.0013904571533203125,121.24074459075928
474,0.001384735107421875,121.2421293258667
475,0.0013675689697265625,121.24349689483643
476,0.0013704299926757812,121.2448673248291
477,0.0013685226440429688,121.24623584747314
478,0.0013580322265625,121.2475938796997
479,0.0013380050659179688,121.24893188476562
480,0.0013217926025390625,121.25025367736816
481,0.0012969970703125,121.25155067443848
482,0.001293182373046875,121.25284385681152
483,0.0012826919555664062,121.25412654876709
484,0.0012769699096679688,121.25540351867676
485,0.0012645721435546875,121.25666809082031
486,0.0012578964233398438,121.25792598724365
487,0.001247406005859375,121.25917339324951
488,0.001247406005859375,121.26042079925537
489,0.0012340545654296875,121.2616548538208
490,0.0012359619140625,121.26289081573486
491,0.0012350082397460938,121.26412582397461
492,0.001216888427734375,121.26534271240234
493,0.0012121200561523438,121.2665548324585
494,0.0012073516845703125,121.26776218414307
495,0.0011930465698242188,121.26895523071289
496,0.0011911392211914062,121.27014636993408
497,0.0011844635009765625,121.27133083343506
498,0.0011701583862304688,121.27250099182129
499,0.00115966796875,121.27366065979004
500,0.00116729736328125,121.27482795715332
501,0.001171112060546875,121.27599906921387
502,0.001178741455078125,121.27717781066895
503,0.0011320114135742188,121.27830982208252
504,0.001117706298828125,121.27942752838135
505,0.0011110305786132812,121.28053855895996
506,0.0011186599731445312,121.2816572189331
507,0.0011053085327148438,121.28276252746582
508,0.0010890960693359375,121.28385162353516
509,0.0010862350463867188,121.28493785858154
510,0.0010805130004882812,121.28601837158203
511,0.0010728836059570312,121.28709125518799
512,0.0010709762573242188,121.28816223144531
513,0.00106048583984375,121.28922271728516
514,0.001064300537109375,121.29028701782227
515,0.0010423660278320312,121.2913293838501
516,0.0010423660278320312,121.29237174987793
517,0.0010528564453125,121.29342460632324
518,0.0010662078857421875,121.29449081420898
519,0.00102996826171875,121.2955207824707
520,0.0010213851928710938,121.29654216766357
521,0.0010051727294921875,121.29754734039307
522,0.0010242462158203125,121.29857158660889
523,0.0010099411010742188,121.29958152770996
524,0.0010099411010742188,121.30059146881104
525,0.0009927749633789062,121.30158424377441
