step,loss,cumulative_loss_sum
1,1.0771484375,1.0771484375
2,1.0771484375,2.154296875
3,1.0771484375,3.2314453125
4,1.0771484375,4.30859375
5,1.0771484375,5.3857421875
6,1.0771484375,6.462890625
7,0.9921875,7.455078125
8,0.9130859375,8.3681640625
9,0.85888671875,9.22705078125
10,0.81005859375,10.037109375
11,0.75830078125,10.79541015625
12,0.71728515625,11.5126953125
13,0.67626953125,12.18896484375
14,0.64697265625,12.8359375
15,0.61328125,13.44921875
16,0.58740234375,14.03662109375
17,0.55810546875,14.5947265625
18,0.53369140625,15.12841796875
19,0.50244140625,15.630859375
20,0.482421875,16.11328125
21,0.463623046875,16.576904296875
22,0.4404296875,17.017333984375
23,0.415771484375,17.43310546875
24,0.392578125,17.82568359375
25,0.375732421875,18.201416015625
26,0.36279296875,18.564208984375
27,0.344482421875,18.90869140625
28,0.331298828125,19.239990234375
29,0.31494140625,19.554931640625
30,0.306396484375,19.861328125
31,0.2900390625,20.1513671875
32,0.276123046875,20.427490234375
33,0.26318359375,20.690673828125
34,0.247802734375,20.9384765625
35,0.2374267578125,21.1759033203125
36,0.227783203125,21.4036865234375
37,0.2181396484375,21.621826171875
38,0.2095947265625,21.8314208984375
39,0.2008056640625,22.0322265625
40,0.1917724609375,22.2239990234375
41,0.1885986328125,22.41259765625
42,0.184814453125,22.597412109375
43,0.180419921875,22.77783203125
44,0.17431640625,22.9521484375
45,0.170166015625,23.122314453125
46,0.1646728515625,23.2869873046875
47,0.1590576171875,23.446044921875
48,0.156005859375,23.60205078125
49,0.1514892578125,23.7535400390625
50,0.1473388671875,23.90087890625
51,0.1424560546875,24.0433349609375
52,0.1390380859375,24.182373046875
53,0.1361083984375,24.3184814453125
54,0.1339111328125,24.452392578125
55,0.130615234375,24.5830078125
56,0.128173828125,24.711181640625
57,0.12493896484375,24.83612060546875
58,0.12176513671875,24.9578857421875
59,0.1163330078125,25.07421875
60,0.1175537109375,25.1917724609375
61,0.11175537109375,25.30352783203125
62,0.111572265625,25.41510009765625
63,0.1063232421875,25.52142333984375
64,0.10546875,25.62689208984375
65,0.101806640625,25.72869873046875
66,0.10150146484375,25.8302001953125
67,0.0975341796875,25.927734375
68,0.0958251953125,26.0235595703125
69,0.09222412109375,26.11578369140625
70,0.09014892578125,26.2059326171875
71,0.0872802734375,26.293212890625
72,0.086181640625,26.37939453125
73,0.08380126953125,26.46319580078125
74,0.0821533203125,26.54534912109375
75,0.0792236328125,26.62457275390625
76,0.07763671875,26.70220947265625
77,0.07550048828125,26.7777099609375
78,0.073974609375,26.8516845703125
79,0.0723876953125,26.924072265625
80,0.0704345703125,26.9945068359375
81,0.06915283203125,27.06365966796875
82,0.066650390625,27.13031005859375
83,0.0660400390625,27.19635009765625
84,0.0640869140625,27.26043701171875
85,0.06134033203125,27.32177734375
86,0.060546875,27.38232421875
87,0.05853271484375,27.44085693359375
88,0.057769775390625,27.498626708984375
89,0.055908203125,27.554534912109375
90,0.055267333984375,27.60980224609375
91,0.053466796875,27.66326904296875
92,0.052337646484375,27.715606689453125
93,0.050384521484375,27.7659912109375
94,0.050018310546875,27.816009521484375
95,0.04815673828125,27.864166259765625
96,0.046905517578125,27.91107177734375
97,0.045745849609375,27.956817626953125
98,0.04486083984375,28.001678466796875
99,0.04302978515625,28.044708251953125
100,0.04254150390625,28.087249755859375
101,0.04144287109375,28.128692626953125
102,0.040496826171875,28.169189453125
103,0.0391845703125,28.2083740234375
104,0.038787841796875,28.247161865234375
105,0.037139892578125,28.2843017578125
106,0.036773681640625,28.321075439453125
107,0.03546142578125,28.356536865234375
108,0.034515380859375,28.39105224609375
109,0.03314208984375,28.4241943359375
110,0.03289794921875,28.45709228515625
111,0.0313720703125,28.48846435546875
112,0.030853271484375,28.519317626953125
113,0.029815673828125,28.54913330078125
114,0.02960205078125,28.5787353515625
115,0.0282745361328125,28.607009887695312
116,0.0282440185546875,28.63525390625
117,0.0272216796875,28.6624755859375
118,0.0269927978515625,28.689468383789062
119,0.025665283203125,28.715133666992188
120,0.0255584716796875,28.740692138671875
121,0.024810791015625,28.7655029296875
122,0.02410888671875,28.78961181640625
123,0.02386474609375,28.8134765625
124,0.0228424072265625,28.836318969726562
125,0.0225982666015625,28.858917236328125
126,0.0218048095703125,28.880722045898438
127,0.0212554931640625,28.9019775390625
128,0.0209503173828125,28.922927856445312
129,0.02032470703125,28.943252563476562
130,0.019561767578125,28.962814331054688
131,0.01947021484375,28.982284545898438
132,0.0182342529296875,29.000518798828125
133,0.0182037353515625,29.018722534179688
134,0.0172119140625,29.035934448242188
135,0.017120361328125,29.053054809570312
136,0.0161590576171875,29.0692138671875
137,0.016143798828125,29.085357666015625
138,0.01511383056640625,29.10047149658203
139,0.015045166015625,29.115516662597656
140,0.01416015625,29.129676818847656
141,0.0140838623046875,29.143760681152344
142,0.01345062255859375,29.157211303710938
143,0.0135040283203125,29.17071533203125
144,0.012664794921875,29.183380126953125
145,0.0126800537109375,29.196060180664062
146,0.0119781494140625,29.208038330078125
147,0.01194000244140625,29.21997833251953
148,0.01154327392578125,29.231521606445312
149,0.0113372802734375,29.24285888671875
150,0.01097869873046875,29.25383758544922
151,0.010772705078125,29.264610290527344
152,0.010467529296875,29.27507781982422
153,0.01027679443359375,29.285354614257812
154,0.00998687744140625,29.29534149169922
155,0.00965118408203125,29.30499267578125
156,0.0095062255859375,29.314498901367188
157,0.00916290283203125,29.32366180419922
158,0.0090484619140625,29.33271026611328
159,0.0088043212890625,29.341514587402344
160,0.0086517333984375,29.35016632080078
161,0.008270263671875,29.358436584472656
162,0.0084075927734375,29.366844177246094
163,0.007965087890625,29.37480926513672
164,0.0077972412109375,29.382606506347656
165,0.007541656494140625,29.390148162841797
166,0.007404327392578125,29.397552490234375
167,0.007244110107421875,29.404796600341797
168,0.0070648193359375,29.411861419677734
169,0.006938934326171875,29.418800354003906
170,0.006832122802734375,29.42563247680664
171,0.006744384765625,29.432376861572266
172,0.00667572021484375,29.43905258178711
173,0.006549835205078125,29.445602416992188
174,0.00644683837890625,29.452049255371094
175,0.0062408447265625,29.458290100097656
176,0.006168365478515625,29.464458465576172
177,0.00604248046875,29.470500946044922
178,0.005924224853515625,29.476425170898438
179,0.00579833984375,29.482223510742188
180,0.00572967529296875,29.487953186035156
181,0.005615234375,29.493568420410156
182,0.00556182861328125,29.499130249023438
183,0.005443572998046875,29.504573822021484
184,0.005397796630859375,29.509971618652344
185,0.00527191162109375,29.515243530273438
186,0.005176544189453125,29.52042007446289
187,0.005077362060546875,29.525497436523438
188,0.005023956298828125,29.530521392822266
189,0.004955291748046875,29.535476684570312
190,0.00485992431640625,29.54033660888672
191,0.0048065185546875,29.545143127441406
192,0.004749298095703125,29.54989242553711
193,0.00469207763671875,29.554584503173828
194,0.00461578369140625,29.559200286865234
195,0.00452423095703125,29.563724517822266
196,0.0045013427734375,29.568225860595703
197,0.00441741943359375,29.572643280029297
198,0.00437164306640625,29.577014923095703
199,0.004306793212890625,29.581321716308594
200,0.004253387451171875,29.585575103759766
201,0.00420379638671875,29.589778900146484
202,0.004154205322265625,29.59393310546875
203,0.004100799560546875,29.598033905029297
204,0.004039764404296875,29.602073669433594
205,0.003993988037109375,29.606067657470703
206,0.003963470458984375,29.610031127929688
207,0.0039005279541015625,29.61393165588379
208,0.0038585662841796875,29.61779022216797
209,0.00380706787109375,29.621597290039062
210,0.0037822723388671875,29.62537956237793
211,0.00372314453125,29.62910270690918
212,0.0036640167236328125,29.632766723632812
213,0.003635406494140625,29.636402130126953
214,0.0035953521728515625,29.639997482299805
215,0.0035686492919921875,29.643566131591797
216,0.0035076141357421875,29.64707374572754
217,0.00348663330078125,29.65056037902832
218,0.0034427642822265625,29.654003143310547
219,0.0034351348876953125,29.657438278198242
220,0.0033626556396484375,29.66080093383789
221,0.0033512115478515625,29.664152145385742
222,0.0033092498779296875,29.667461395263672
223,0.003299713134765625,29.670761108398438
224,0.0032482147216796875,29.674009323120117
225,0.0032291412353515625,29.67723846435547
226,0.0031890869140625,29.68042755126953
227,0.003154754638671875,29.683582305908203
228,0.0031223297119140625,29.686704635620117
229,0.003093719482421875,29.68979835510254
230,0.0030651092529296875,29.69286346435547
231,0.0030269622802734375,29.695890426635742
232,0.0030155181884765625,29.69890594482422
233,0.002986907958984375,29.701892852783203
234,0.0029468536376953125,29.7048397064209
235,0.002910614013671875,29.70775032043457
236,0.0028934478759765625,29.710643768310547
237,0.0028553009033203125,29.713499069213867
238,0.002838134765625,29.716337203979492
239,0.0028095245361328125,29.719146728515625
240,0.0027675628662109375,29.721914291381836
241,0.0027637481689453125,29.72467803955078
242,0.0027446746826171875,29.7274227142334
243,0.002716064453125,29.730138778686523
244,0.0026645660400390625,29.732803344726562
245,0.0026340484619140625,29.735437393188477
246,0.0026149749755859375,29.738052368164062
247,0.0025882720947265625,29.74064064025879
248,0.00257110595703125,29.74321174621582
249,0.0025386810302734375,29.745750427246094
250,0.002521514892578125,29.748271942138672
251,0.0025081634521484375,29.75078010559082
252,0.00247955322265625,29.753259658813477
253,0.00244903564453125,29.755708694458008
254,0.0024509429931640625,29.758159637451172
255,0.002429962158203125,29.760589599609375
256,0.002399444580078125,29.762989044189453
257,0.002384185791015625,29.76537322998047
258,0.0023784637451171875,29.767751693725586
259,0.002349853515625,29.77010154724121
260,0.0023365020751953125,29.772438049316406
261,0.0023174285888671875,29.774755477905273
262,0.0022945404052734375,29.777050018310547
263,0.002277374267578125,29.779327392578125
264,0.0022430419921875,29.781570434570312
265,0.002239227294921875,29.783809661865234
266,0.002216339111328125,29.786026000976562
267,0.0021953582763671875,29.78822135925293
268,0.0021839141845703125,29.7904052734375
269,0.0021724700927734375,29.792577743530273
270,0.002140045166015625,29.79471778869629
271,0.0021419525146484375,29.796859741210938
272,0.0021228790283203125,29.798982620239258
273,0.0021076202392578125,29.801090240478516
274,0.0020999908447265625,29.803190231323242
275,0.0020885467529296875,29.805278778076172
276,0.0020580291748046875,29.807336807250977
277,0.0020599365234375,29.809396743774414
278,0.002048492431640625,29.811445236206055
279,0.00201416015625,29.813459396362305
280,0.002010345458984375,29.81546974182129
281,0.001995086669921875,29.81746482849121
282,0.001983642578125,29.819448471069336
283,0.0019702911376953125,29.82141876220703
284,0.001949310302734375,29.823368072509766
285,0.0019464492797851562,29.82531452178955
286,0.00194549560546875,29.82726001739502
287,0.0019321441650390625,29.82919216156006
288,0.0019063949584960938,29.831098556518555
289,0.0018930435180664062,29.83299160003662
290,0.0018978118896484375,29.83488941192627
291,0.0018787384033203125,29.83676815032959
292,0.0018634796142578125,29.838631629943848
293,0.0018453598022460938,29.840476989746094
294,0.0018358230590820312,29.842312812805176
295,0.0018186569213867188,29.844131469726562
296,0.001811981201171875,29.845943450927734
297,0.0017862319946289062,29.847729682922363
298,0.0017995834350585938,29.849529266357422
299,0.0017747879028320312,29.851304054260254
300,0.0017709732055664062,29.85307502746582
301,0.0017538070678710938,29.85482883453369
302,0.0017480850219726562,29.856576919555664
303,0.0017423629760742188,29.85831928253174
304,0.0017299652099609375,29.8600492477417
305,0.0017194747924804688,29.86176872253418
306,0.0017042160034179688,29.863472938537598
307,0.0017032623291015625,29.8651762008667
308,0.0016813278198242188,29.866857528686523
309,0.0016918182373046875,29.868549346923828
310,0.0016756057739257812,29.870224952697754
311,0.001667022705078125,29.871891975402832
312,0.0016584396362304688,29.873550415039062
313,0.0016469955444335938,29.875197410583496
314,0.0016384124755859375,29.876835823059082
315,0.0016384124755859375,29.878474235534668
316,0.0016298294067382812,29.880104064941406
317,0.001621246337890625,29.881725311279297
318,0.0016193389892578125,29.883344650268555
319,0.0016021728515625,29.884946823120117
320,0.001598358154296875,29.886545181274414
321,0.0015783309936523438,29.888123512268066
322,0.0015707015991210938,29.889694213867188
323,0.0015687942504882812,29.891263008117676
324,0.0015573501586914062,29.892820358276367
325,0.0015554428100585938,29.894375801086426
326,0.001544952392578125,29.895920753479004
327,0.0015363693237304688,29.897457122802734
328,0.00152587890625,29.898983001708984
329,0.0015230178833007812,29.900506019592285
330,0.0015201568603515625,29.902026176452637
331,0.0014963150024414062,29.903522491455078
332,0.001495361328125,29.905017852783203
333,0.0014781951904296875,29.906496047973633
334,0.0014753341674804688,29.907971382141113
335,0.0014696121215820312,29.909440994262695
336,0.0014600753784179688,29.910901069641113
337,0.0014553070068359375,29.91235637664795
338,0.0014467239379882812,29.913803100585938
339,0.0014400482177734375,29.91524314880371
340,0.0014286041259765625,29.916671752929688
341,0.001430511474609375,29.918102264404297
342,0.001430511474609375,29.919532775878906
343,0.0014171600341796875,29.920949935913086
344,0.0014066696166992188,29.922356605529785
345,0.0014028549194335938,29.92375946044922
346,0.0013904571533203125,29.92514991760254
347,0.00139617919921875,29.926546096801758
348,0.0013828277587890625,29.927928924560547
349,0.0013723373413085938,29.929301261901855
350,0.0013675689697265625,29.930668830871582
351,0.0013561248779296875,29.93202495574951
352,0.0013523101806640625,29.933377265930176
353,0.0013494491577148438,29.93472671508789
354,0.0013408660888671875,29.936067581176758
355,0.001331329345703125,29.93739891052246
356,0.0013341903686523438,29.938733100891113
357,0.0013275146484375,29.94006061553955
358,0.0013189315795898438,29.94137954711914
359,0.0013151168823242188,29.942694664001465
360,0.0013065338134765625,29.94400119781494
361,0.0012979507446289062,29.94529914855957
362,0.0012874603271484375,29.94658660888672
363,0.0012826919555664062,29.947869300842285
364,0.0012798309326171875,29.949149131774902
365,0.0012807846069335938,29.950429916381836
366,0.001270294189453125,29.95170021057129
367,0.0012598037719726562,29.95296001434326
368,0.001255035400390625,29.954215049743652
369,0.0012598037719726562,29.955474853515625
370,0.0012531280517578125,29.956727981567383
371,0.0012416839599609375,29.957969665527344
372,0.0012340545654296875,29.959203720092773
373,0.0012378692626953125,29.96044158935547
374,0.0012254714965820312,29.96166706085205
375,0.0012197494506835938,29.962886810302734
376,0.00121307373046875,29.964099884033203
377,0.001209259033203125,29.965309143066406
378,0.0012063980102539062,29.96651554107666
379,0.0012006759643554688,29.967716217041016
380,0.0011949539184570312,29.968911170959473
381,0.0011882781982421875,29.970099449157715
382,0.0011816024780273438,29.971281051635742
383,0.0011806488037109375,29.972461700439453
384,0.0011701583862304688,29.973631858825684
385,0.0011730194091796875,29.974804878234863
386,0.0011615753173828125,29.975966453552246
387,0.0011615753173828125,29.97712802886963
388,0.00115203857421875,29.978280067443848
389,0.0011425018310546875,29.979422569274902
390,0.0011463165283203125,29.980568885803223
391,0.0011339187622070312,29.98170280456543
392,0.0011377334594726562,29.982840538024902
393,0.0011281967163085938,29.98396873474121
394,0.0011205673217773438,29.98508930206299
395,0.0011224746704101562,29.9862117767334
396,0.0011157989501953125,29.987327575683594
397,0.0011072158813476562,29.98843479156494
398,0.0010976791381835938,29.989532470703125
399,0.0010957717895507812,29.990628242492676
400,0.0010890960693359375,29.99171733856201
401,0.001094818115234375,29.992812156677246
402,0.001079559326171875,29.993891716003418
403,0.0010786056518554688,29.994970321655273
404,0.0010700225830078125,29.99604034423828
405,0.001068115234375,29.997108459472656
406,0.001068115234375,29.99817657470703
407,0.0010595321655273438,29.99923610687256
408,0.0010547637939453125,30.000290870666504
409,0.0010519027709960938,30.0013427734375
410,0.0010509490966796875,30.00239372253418
411,0.001041412353515625,30.003435134887695
412,0.0010356903076171875,30.004470825195312
413,0.0010356903076171875,30.00550651550293
414,0.0010290145874023438,30.006535530090332
415,0.00102996826171875,30.00756549835205
416,0.001026153564453125,30.008591651916504
417,0.0010194778442382812,30.009611129760742
418,0.0010175704956054688,30.010628700256348
419,0.0010137557983398438,30.011642456054688
420,0.0010128021240234375,30.01265525817871
421,0.0009984970092773438,30.01365375518799
