step,loss,cumulative_loss_sum
1,1.416015625,1.416015625
2,1.416015625,2.83203125
3,1.416015625,4.248046875
4,1.416015625,5.6640625
5,1.416015625,7.080078125
6,1.375,8.455078125
7,1.33203125,9.787109375
8,1.2939453125,11.0810546875
9,1.2578125,12.3388671875
10,1.22265625,13.5615234375
11,1.1884765625,14.75
12,1.1630859375,15.9130859375
13,1.1279296875,17.041015625
14,1.09765625,18.138671875
15,1.06640625,19.205078125
16,1.037109375,20.2421875
17,1.00390625,21.24609375
18,0.97509765625,22.22119140625
19,0.943359375,23.16455078125
20,0.91748046875,24.08203125
21,0.8857421875,24.9677734375
22,0.8515625,25.8193359375
23,0.81787109375,26.63720703125
24,0.78955078125,27.4267578125
25,0.7607421875,28.1875
26,0.73291015625,28.92041015625
27,0.70654296875,29.626953125
28,0.67626953125,30.30322265625
29,0.6513671875,30.95458984375
30,0.62109375,31.57568359375
31,0.59326171875,32.1689453125
32,0.564453125,32.7333984375
33,0.53955078125,33.27294921875
34,0.517578125,33.79052734375
35,0.495849609375,34.286376953125
36,0.484619140625,34.77099609375
37,0.467041015625,35.238037109375
38,0.462890625,35.700927734375
39,0.440673828125,36.1416015625
40,0.43017578125,36.57177734375
41,0.42138671875,36.9931640625
42,0.41455078125,37.40771484375
43,0.3984375,37.80615234375
44,0.394287109375,38.200439453125
45,0.381103515625,38.58154296875
46,0.379638671875,38.961181640625
47,0.36279296875,39.323974609375
48,0.354248046875,39.67822265625
49,0.35009765625,40.0283203125
50,0.3359375,40.3642578125
51,0.32421875,40.6884765625
52,0.31396484375,41.00244140625
53,0.307861328125,41.310302734375
54,0.30322265625,41.613525390625
55,0.2919921875,41.905517578125
56,0.286376953125,42.19189453125
57,0.2763671875,42.46826171875
58,0.27099609375,42.7392578125
59,0.265625,43.0048828125
60,0.256591796875,43.261474609375
61,0.251220703125,43.5126953125
62,0.245361328125,43.758056640625
63,0.237548828125,43.99560546875
64,0.2315673828125,44.2271728515625
65,0.224609375,44.4517822265625
66,0.2200927734375,44.671875
67,0.2125244140625,44.8843994140625
68,0.209716796875,45.0941162109375
69,0.205322265625,45.2994384765625
70,0.19873046875,45.4981689453125
71,0.1915283203125,45.689697265625
72,0.1839599609375,45.8736572265625
73,0.1778564453125,46.051513671875
74,0.1724853515625,46.2239990234375
75,0.1668701171875,46.390869140625
76,0.1607666015625,46.5516357421875
77,0.1549072265625,46.70654296875
78,0.150146484375,46.856689453125
79,0.1461181640625,47.0028076171875
80,0.1402587890625,47.14306640625
81,0.136474609375,47.279541015625
82,0.1314697265625,47.4110107421875
83,0.12744140625,47.5384521484375
84,0.1236572265625,47.662109375
85,0.11871337890625,47.78082275390625
86,0.11553955078125,47.8963623046875
87,0.1123046875,48.0086669921875
88,0.10888671875,48.1175537109375
89,0.10595703125,48.2235107421875
90,0.10284423828125,48.32635498046875
91,0.09893798828125,48.42529296875
92,0.09527587890625,48.52056884765625
93,0.09197998046875,48.612548828125
94,0.08929443359375,48.70184326171875
95,0.08612060546875,48.7879638671875
96,0.08380126953125,48.87176513671875
97,0.0802001953125,48.95196533203125
98,0.077880859375,49.02984619140625
99,0.0745849609375,49.10443115234375
100,0.07269287109375,49.1771240234375
101,0.07080078125,49.2479248046875
102,0.06817626953125,49.31610107421875
103,0.06597900390625,49.382080078125
104,0.063720703125,49.44580078125
105,0.062255859375,49.508056640625
106,0.06024169921875,49.56829833984375
107,0.058349609375,49.62664794921875
108,0.05706787109375,49.6837158203125
109,0.05572509765625,49.73944091796875
110,0.054229736328125,49.793670654296875
111,0.052764892578125,49.846435546875
112,0.051116943359375,49.897552490234375
113,0.049530029296875,49.94708251953125
114,0.04779052734375,49.994873046875
115,0.046112060546875,50.040985107421875
116,0.04473876953125,50.085723876953125
117,0.043182373046875,50.12890625
118,0.04180908203125,50.17071533203125
119,0.040435791015625,50.211151123046875
120,0.038665771484375,50.24981689453125
121,0.037353515625,50.28717041015625
122,0.03582763671875,50.322998046875
123,0.03460693359375,50.35760498046875
124,0.03338623046875,50.3909912109375
125,0.03204345703125,50.42303466796875
126,0.0308837890625,50.45391845703125
127,0.029632568359375,50.483551025390625
128,0.0285491943359375,50.51210021972656
129,0.0273590087890625,50.539459228515625
130,0.026336669921875,50.5657958984375
131,0.02532958984375,50.59112548828125
132,0.024383544921875,50.615509033203125
133,0.023468017578125,50.63897705078125
134,0.0225067138671875,50.66148376464844
135,0.02154541015625,50.68302917480469
136,0.0207061767578125,50.7037353515625
137,0.0198822021484375,50.72361755371094
138,0.0190582275390625,50.74267578125
139,0.018402099609375,50.761077880859375
140,0.017608642578125,50.7786865234375
141,0.01702880859375,50.79571533203125
142,0.0165252685546875,50.81224060058594
143,0.0158233642578125,50.82806396484375
144,0.01535797119140625,50.843421936035156
145,0.01483917236328125,50.85826110839844
146,0.01439666748046875,50.872657775878906
147,0.0139923095703125,50.88665008544922
148,0.01348876953125,50.90013885498047
149,0.013092041015625,50.913230895996094
150,0.01270294189453125,50.925933837890625
151,0.01236724853515625,50.93830108642578
152,0.0119781494140625,50.950279235839844
153,0.0117340087890625,50.962013244628906
154,0.01132965087890625,50.97334289550781
155,0.01108551025390625,50.98442840576172
156,0.0107879638671875,50.995216369628906
157,0.0105438232421875,51.005760192871094
158,0.01019287109375,51.015953063964844
159,0.01003265380859375,51.02598571777344
160,0.00977325439453125,51.03575897216797
161,0.0095062255859375,51.045265197753906
162,0.00931549072265625,51.05458068847656
163,0.00911712646484375,51.063697814941406
164,0.0089874267578125,51.07268524169922
165,0.0088043212890625,51.08148956298828
166,0.00862884521484375,51.090118408203125
167,0.0084381103515625,51.09855651855469
168,0.0082550048828125,51.1068115234375
169,0.008087158203125,51.114898681640625
170,0.007904052734375,51.122802734375
171,0.007732391357421875,51.13053512573242
172,0.007625579833984375,51.138160705566406
173,0.007480621337890625,51.1456413269043
174,0.007373809814453125,51.15301513671875
175,0.007266998291015625,51.160282135009766
176,0.007106781005859375,51.167388916015625
177,0.006961822509765625,51.17435073852539
178,0.006862640380859375,51.18121337890625
179,0.00672149658203125,51.18793487548828
180,0.006622314453125,51.194557189941406
181,0.00653839111328125,51.20109558105469
182,0.006435394287109375,51.2075309753418
183,0.006305694580078125,51.213836669921875
184,0.006214141845703125,51.22005081176758
185,0.006134033203125,51.2261848449707
186,0.0060577392578125,51.232242584228516
187,0.00595855712890625,51.23820114135742
188,0.005870819091796875,51.24407196044922
189,0.0057525634765625,51.24982452392578
190,0.00569915771484375,51.255523681640625
191,0.00562286376953125,51.261146545410156
192,0.005504608154296875,51.26665115356445
193,0.00545501708984375,51.2721061706543
194,0.005344390869140625,51.27745056152344
195,0.005260467529296875,51.282711029052734
196,0.005218505859375,51.28792953491211
197,0.00514984130859375,51.2930793762207
198,0.00506591796875,51.29814529418945
199,0.00498199462890625,51.30312728881836
200,0.004917144775390625,51.30804443359375
201,0.004840850830078125,51.31288528442383
202,0.004764556884765625,51.317649841308594
203,0.004703521728515625,51.32235336303711
204,0.00463104248046875,51.32698440551758
205,0.00457000732421875,51.3315544128418
206,0.00449371337890625,51.3360481262207
207,0.004459381103515625,51.34050750732422
208,0.00440216064453125,51.34490966796875
209,0.004329681396484375,51.349239349365234
210,0.00426483154296875,51.3535041809082
211,0.004238128662109375,51.35774230957031
212,0.004177093505859375,51.36191940307617
213,0.00411224365234375,51.366031646728516
214,0.004055023193359375,51.370086669921875
215,0.004024505615234375,51.37411117553711
216,0.003955841064453125,51.37806701660156
217,0.00390625,51.38197326660156
218,0.003871917724609375,51.38584518432617
219,0.0037937164306640625,51.389638900756836
220,0.0037364959716796875,51.393375396728516
221,0.003681182861328125,51.397056579589844
222,0.0036602020263671875,51.40071678161621
223,0.0035991668701171875,51.40431594848633
224,0.0035495758056640625,51.40786552429199
225,0.0035495758056640625,51.411415100097656
226,0.0034732818603515625,51.41488838195801
227,0.003429412841796875,51.418317794799805
228,0.0033931732177734375,51.42171096801758
229,0.0033702850341796875,51.42508125305176
230,0.003326416015625,51.42840766906738
231,0.0032787322998046875,51.43168640136719
232,0.003231048583984375,51.43491744995117
233,0.0032062530517578125,51.43812370300293
234,0.0031585693359375,51.44128227233887
235,0.0031375885009765625,51.444419860839844
236,0.0031147003173828125,51.44753456115723
237,0.0030727386474609375,51.45060729980469
238,0.003025054931640625,51.45363235473633
239,0.003002166748046875,51.456634521484375
240,0.002960205078125,51.4595947265625
241,0.0029392242431640625,51.462533950805664
242,0.0028972625732421875,51.465431213378906
243,0.0028591156005859375,51.46829032897949
244,0.0028362274169921875,51.471126556396484
245,0.0027923583984375,51.47391891479492
246,0.002773284912109375,51.47669219970703
247,0.00275421142578125,51.47944641113281
248,0.0027141571044921875,51.482160568237305
249,0.00267791748046875,51.48483848571777
250,0.0026569366455078125,51.48749542236328
251,0.0026416778564453125,51.49013710021973
252,0.00261688232421875,51.492753982543945
253,0.002582550048828125,51.49533653259277
254,0.0025482177734375,51.49788475036621
255,0.0025119781494140625,51.500396728515625
256,0.0025119781494140625,51.50290870666504
257,0.002475738525390625,51.50538444519043
258,0.0024433135986328125,51.50782775878906
259,0.002422332763671875,51.510250091552734
260,0.0024089813232421875,51.51265907287598
261,0.0023899078369140625,51.51504898071289
262,0.0023403167724609375,51.51738929748535
263,0.0023403167724609375,51.51972961425781
264,0.002307891845703125,51.522037506103516
265,0.0022907257080078125,51.52432823181152
266,0.00225830078125,51.52658653259277
267,0.0022563934326171875,51.52884292602539
268,0.0022258758544921875,51.53106880187988
269,0.002193450927734375,51.53326225280762
270,0.002178192138671875,51.53544044494629
271,0.0021648406982421875,51.53760528564453
272,0.002147674560546875,51.53975296020508
273,0.002117156982421875,51.5418701171875
274,0.0021038055419921875,51.54397392272949
275,0.0020885467529296875,51.54606246948242
276,0.0020732879638671875,51.54813575744629
277,0.0020580291748046875,51.550193786621094
278,0.0020427703857421875,51.552236557006836
279,0.0020122528076171875,51.55424880981445
280,0.0020008087158203125,51.55624961853027
281,0.001972198486328125,51.5582218170166
282,0.0019550323486328125,51.560176849365234
283,0.0019588470458984375,51.56213569641113
284,0.0019292831420898438,51.56406497955322
285,0.00191497802734375,51.565979957580566
286,0.0018892288208007812,51.56786918640137
287,0.0018873214721679688,51.569756507873535
288,0.001873016357421875,51.57162952423096
289,0.0018472671508789062,51.573476791381836
290,0.001834869384765625,51.5753116607666
291,0.0018243789672851562,51.57713603973389
292,0.0018110275268554688,51.57894706726074
293,0.001796722412109375,51.58074378967285
294,0.0017709732055664062,51.58251476287842
295,0.001758575439453125,51.58427333831787
296,0.0017452239990234375,51.586018562316895
297,0.001720428466796875,51.58773899078369
298,0.0017213821411132812,51.589460372924805
299,0.0017099380493164062,51.59117031097412
300,0.001697540283203125,51.592867851257324
301,0.0016841888427734375,51.5945520401001
302,0.0016622543334960938,51.596214294433594
303,0.0016508102416992188,51.59786510467529
304,0.0016384124755859375,51.59950351715088
305,0.0016269683837890625,51.60113048553467
306,0.0016164779663085938,51.60274696350098
307,0.00159454345703125,51.60434150695801
308,0.0015916824340820312,51.60593318939209
309,0.0015811920166015625,51.60751438140869
310,0.0015697479248046875,51.609084129333496
311,0.0015697479248046875,51.6106538772583
312,0.0015478134155273438,51.61220169067383
313,0.0015382766723632812,51.61373996734619
314,0.0015249252319335938,51.615264892578125
315,0.0015153884887695312,51.616780281066895
316,0.0015048980712890625,51.618285179138184
317,0.001495361328125,51.61978054046631
318,0.001495361328125,51.621275901794434
319,0.0014753341674804688,51.622751235961914
320,0.0014629364013671875,51.62421417236328
321,0.00144195556640625,51.62565612792969
322,0.0014429092407226562,51.62709903717041
323,0.0014219284057617188,51.62852096557617
324,0.001422882080078125,51.62994384765625
325,0.0014123916625976562,51.63135623931885
326,0.0014019012451171875,51.632758140563965
327,0.0014028549194335938,51.6341609954834
328,0.0013818740844726562,51.63554286956787
329,0.00138092041015625,51.63692378997803
330,0.0013713836669921875,51.63829517364502
331,0.0013637542724609375,51.63965892791748
332,0.0013551712036132812,51.641014099121094
333,0.0013446807861328125,51.64235877990723
334,0.0013246536254882812,51.643683433532715
335,0.0013265609741210938,51.645009994506836
336,0.001308441162109375,51.646318435668945
337,0.0012979507446289062,51.647616386413574
338,0.00128936767578125,51.648905754089355
339,0.0012798309326171875,51.65018558502197
340,0.0012712478637695312,51.65145683288574
341,0.001262664794921875,51.652719497680664
342,0.001262664794921875,51.653982162475586
343,0.0012531280517578125,51.655235290527344
344,0.0012445449829101562,51.656479835510254
345,0.0012340545654296875,51.657713890075684
346,0.0012264251708984375,51.65894031524658
347,0.0012197494506835938,51.660160064697266
348,0.0012197494506835938,51.66137981414795
349,0.0012006759643554688,51.662580490112305
350,0.001201629638671875,51.66378211975098
351,0.0011854171752929688,51.66496753692627
352,0.0011758804321289062,51.6661434173584
353,0.0011768341064453125,51.667320251464844
354,0.00116729736328125,51.668487548828125
355,0.0011682510375976562,51.66965579986572
356,0.0011510848999023438,51.670806884765625
357,0.0011529922485351562,51.67195987701416
358,0.0011444091796875,51.67310428619385
359,0.0011348724365234375,51.67423915863037
360,0.0011358261108398438,51.67537498474121
361,0.0011262893676757812,51.67650127410889
362,0.0011110305786132812,51.6776123046875
363,0.0011053085327148438,51.678717613220215
364,0.0010938644409179688,51.67981147766113
365,0.001094818115234375,51.68090629577637
366,0.0010890960693359375,51.6819953918457
367,0.0010805130004882812,51.68307590484619
368,0.0010728836059570312,51.68414878845215
369,0.0010728836059570312,51.685221672058105
370,0.0010576248168945312,51.686279296875
371,0.0010576248168945312,51.687336921691895
372,0.001049041748046875,51.68838596343994
373,0.0010423660278320312,51.68942832946777
374,0.0010356903076171875,51.69046401977539
375,0.0010290145874023438,51.69149303436279
376,0.0010280609130859375,51.69252109527588
377,0.0010128021240234375,51.6935338973999
378,0.0010128021240234375,51.694546699523926
379,0.0010080337524414062,51.69555473327637
380,0.001007080078125,51.69656181335449
381,0.00099945068359375,51.697561264038086
