step,loss,cumulative_loss_sum
1,2.986328125,2.986328125
2,2.986328125,5.97265625
3,2.986328125,8.958984375
4,2.986328125,11.9453125
5,2.986328125,14.931640625
6,2.986328125,17.91796875
7,2.986328125,20.904296875
8,2.68359375,23.587890625
9,2.408203125,25.99609375
10,2.17578125,28.171875
11,1.94921875,30.12109375
12,1.7705078125,31.8916015625
13,1.607421875,33.4990234375
14,1.47265625,34.9716796875
15,1.3681640625,36.33984375
16,1.2666015625,37.6064453125
17,1.16796875,38.7744140625
18,1.0673828125,39.841796875
19,0.984375,40.826171875
20,0.90576171875,41.73193359375
21,0.84716796875,42.5791015625
22,0.7802734375,43.359375
23,0.71923828125,44.07861328125
24,0.658203125,44.73681640625
25,0.60791015625,45.3447265625
26,0.5625,45.9072265625
27,0.52783203125,46.43505859375
28,0.49169921875,46.9267578125
29,0.47607421875,47.40283203125
30,0.447265625,47.85009765625
31,0.42822265625,48.2783203125
32,0.41357421875,48.69189453125
33,0.39501953125,49.0869140625
34,0.37060546875,49.45751953125
35,0.345947265625,49.803466796875
36,0.32568359375,50.129150390625
37,0.308837890625,50.43798828125
38,0.299072265625,50.737060546875
39,0.286865234375,51.02392578125
40,0.28369140625,51.3076171875
41,0.266357421875,51.573974609375
42,0.2626953125,51.836669921875
43,0.247314453125,52.083984375
44,0.251220703125,52.335205078125
45,0.2332763671875,52.5684814453125
46,0.236572265625,52.8050537109375
47,0.223388671875,53.0284423828125
48,0.2249755859375,53.25341796875
49,0.212158203125,53.465576171875
50,0.2161865234375,53.6817626953125
51,0.203125,53.8848876953125
52,0.2042236328125,54.089111328125
53,0.1939697265625,54.2830810546875
54,0.1966552734375,54.479736328125
55,0.18603515625,54.665771484375
56,0.1884765625,54.854248046875
57,0.1778564453125,55.0321044921875
58,0.1796875,55.2117919921875
59,0.170654296875,55.3824462890625
60,0.170654296875,55.5531005859375
61,0.1629638671875,55.716064453125
62,0.1614990234375,55.8775634765625
63,0.1546630859375,56.0322265625
64,0.1541748046875,56.1864013671875
65,0.147216796875,56.3336181640625
66,0.1463623046875,56.47998046875
67,0.1392822265625,56.6192626953125
68,0.1370849609375,56.75634765625
69,0.1319580078125,56.8883056640625
70,0.1282958984375,57.0166015625
71,0.1239013671875,57.1405029296875
72,0.12042236328125,57.26092529296875
73,0.11663818359375,57.3775634765625
74,0.1151123046875,57.49267578125
75,0.10986328125,57.6025390625
76,0.10870361328125,57.71124267578125
77,0.104736328125,57.81597900390625
78,0.10296630859375,57.9189453125
79,0.097900390625,58.016845703125
80,0.097412109375,58.1142578125
81,0.091552734375,58.205810546875
82,0.09197998046875,58.29779052734375
83,0.086669921875,58.38446044921875
84,0.087646484375,58.47210693359375
85,0.08251953125,58.55462646484375
86,0.08258056640625,58.63720703125
87,0.07794189453125,58.71514892578125
88,0.07861328125,58.79376220703125
89,0.07366943359375,58.867431640625
90,0.07476806640625,58.94219970703125
91,0.07037353515625,59.0125732421875
92,0.0711669921875,59.083740234375
93,0.06732177734375,59.15106201171875
94,0.0673828125,59.21844482421875
95,0.0638427734375,59.28228759765625
96,0.06182861328125,59.3441162109375
97,0.060302734375,59.4044189453125
98,0.060699462890625,59.465118408203125
99,0.05621337890625,59.521331787109375
100,0.05682373046875,59.578155517578125
101,0.0533447265625,59.631500244140625
102,0.052581787109375,59.68408203125
103,0.04925537109375,59.73333740234375
104,0.0496826171875,59.78302001953125
105,0.045684814453125,59.828704833984375
106,0.046234130859375,59.87493896484375
107,0.042510986328125,59.917449951171875
108,0.042633056640625,59.9600830078125
109,0.0391845703125,59.999267578125
110,0.038330078125,60.03759765625
111,0.035980224609375,60.073577880859375
112,0.03436279296875,60.107940673828125
113,0.033538818359375,60.1414794921875
114,0.0318603515625,60.17333984375
115,0.0306396484375,60.2039794921875
116,0.029510498046875,60.233489990234375
117,0.0283203125,60.261810302734375
118,0.0272064208984375,60.28901672363281
119,0.02618408203125,60.31520080566406
120,0.0246429443359375,60.33984375
121,0.02325439453125,60.36309814453125
122,0.0222320556640625,60.38533020019531
123,0.0210113525390625,60.406341552734375
124,0.0197906494140625,60.42613220214844
125,0.01837158203125,60.44450378417969
126,0.0174560546875,60.46195983886719
127,0.0164794921875,60.47843933105469
128,0.0155792236328125,60.4940185546875
129,0.0147705078125,60.5087890625
130,0.01395416259765625,60.522743225097656
131,0.01348876953125,60.536231994628906
132,0.01262664794921875,60.548858642578125
133,0.01221466064453125,60.561073303222656
134,0.011505126953125,60.57257843017578
135,0.01099395751953125,60.58357238769531
136,0.01031494140625,60.59388732910156
137,0.0100250244140625,60.603912353515625
138,0.00971221923828125,60.613624572753906
139,0.00928497314453125,60.62290954589844
140,0.0090179443359375,60.631927490234375
141,0.00861358642578125,60.640541076660156
142,0.00833892822265625,60.64888000488281
143,0.0078887939453125,60.656768798828125
144,0.0076446533203125,60.66441345214844
145,0.00738525390625,60.67179870605469
146,0.00726318359375,60.67906188964844
147,0.0068359375,60.68589782714844
148,0.00661468505859375,60.69251251220703
149,0.0064697265625,60.69898223876953
150,0.0063018798828125,60.705284118652344
151,0.0060577392578125,60.711341857910156
152,0.005924224853515625,60.71726608276367
153,0.00571441650390625,60.72298049926758
154,0.005584716796875,60.72856521606445
155,0.00543212890625,60.7339973449707
156,0.005329132080078125,60.73932647705078
157,0.0051727294921875,60.74449920654297
158,0.005069732666015625,60.749568939208984
159,0.004962921142578125,60.75453186035156
160,0.004856109619140625,60.7593879699707
161,0.0047760009765625,60.764163970947266
162,0.004673004150390625,60.768836975097656
163,0.00455474853515625,60.77339172363281
164,0.004451751708984375,60.7778434753418
165,0.0044097900390625,60.78225326538086
166,0.004314422607421875,60.78656768798828
167,0.00423431396484375,60.790802001953125
168,0.0041656494140625,60.79496765136719
169,0.004077911376953125,60.79904556274414
170,0.004024505615234375,60.803070068359375
171,0.003940582275390625,60.807010650634766
172,0.0038852691650390625,60.810895919799805
173,0.003810882568359375,60.814706802368164
174,0.0037403106689453125,60.81844711303711
175,0.0036602020263671875,60.82210731506348
176,0.0035953521728515625,60.82570266723633
177,0.0035457611083984375,60.82924842834473
178,0.003513336181640625,60.83276176452637
179,0.0034503936767578125,60.836212158203125
180,0.0034046173095703125,60.839616775512695
181,0.003353118896484375,60.84296989440918
182,0.0032863616943359375,60.846256256103516
183,0.003231048583984375,60.8494873046875
184,0.0032024383544921875,60.85268974304199
185,0.003162384033203125,60.855852127075195
186,0.0031185150146484375,60.858970642089844
187,0.00308990478515625,60.862060546875
188,0.003032684326171875,60.86509323120117
189,0.003002166748046875,60.86809539794922
190,0.0029544830322265625,60.871049880981445
191,0.002941131591796875,60.87399101257324
192,0.0028934478759765625,60.87688446044922
193,0.0028781890869140625,60.87976264953613
194,0.002834320068359375,60.88259696960449
195,0.0028095245361328125,60.885406494140625
196,0.0027790069580078125,60.88818550109863
197,0.00274658203125,60.89093208312988
198,0.002696990966796875,60.89362907409668
199,0.0026702880859375,60.89629936218262
200,0.0026302337646484375,60.898929595947266
201,0.0026092529296875,60.90153884887695
202,0.002582550048828125,60.90412139892578
203,0.0025482177734375,60.90666961669922
204,0.002532958984375,60.909202575683594
205,0.0024929046630859375,60.91169548034668
206,0.0024776458740234375,60.9141731262207
207,0.0024509429931640625,60.91662406921387
208,0.002429962158203125,60.91905403137207
209,0.0023956298828125,60.92144966125488
210,0.0023708343505859375,60.92382049560547
211,0.0023670196533203125,60.92618751525879
212,0.00232696533203125,60.92851448059082
213,0.0023040771484375,60.93081855773926
214,0.002285003662109375,60.93310356140137
215,0.00225830078125,60.93536186218262
216,0.00223541259765625,60.93759727478027
217,0.002216339111328125,60.9398136138916
218,0.0021877288818359375,60.94200134277344
219,0.00215911865234375,60.94416046142578
220,0.002147674560546875,60.94630813598633
221,0.0021266937255859375,60.948434829711914
222,0.002101898193359375,60.95053672790527
223,0.0020847320556640625,60.95262145996094
224,0.002063751220703125,60.95468521118164
225,0.0020427703857421875,60.95672798156738
226,0.002017974853515625,60.9587459564209
227,0.0019969940185546875,60.96074295043945
228,0.0019855499267578125,60.96272850036621
229,0.0019741058349609375,60.96470260620117
230,0.0019474029541015625,60.96665000915527
231,0.0019207000732421875,60.968570709228516
232,0.0019054412841796875,60.970476150512695
233,0.0018901824951171875,60.97236633300781
234,0.0018863677978515625,60.974252700805664
235,0.0018587112426757812,60.97611141204834
236,0.0018472671508789062,60.97795867919922
237,0.0018301010131835938,60.9797887802124
238,0.0018167495727539062,60.981605529785156
239,0.0018100738525390625,60.983415603637695
240,0.0017957687377929688,60.98521137237549
241,0.0017805099487304688,60.98699188232422
242,0.001758575439453125,60.98875045776367
243,0.0017499923706054688,60.99050045013428
244,0.0017385482788085938,60.992238998413086
245,0.001720428466796875,60.99395942687988
246,0.0017251968383789062,60.99568462371826
247,0.0017061233520507812,60.99739074707031
248,0.0016880035400390625,60.99907875061035
249,0.0016765594482421875,61.000755310058594
250,0.0016584396362304688,61.002413749694824
251,0.0016603469848632812,61.00407409667969
252,0.0016345977783203125,61.00570869445801
253,0.0016298294067382812,61.007338523864746
254,0.0016193389892578125,61.008957862854004
255,0.0016107559204101562,61.010568618774414
256,0.001598358154296875,61.01216697692871
257,0.0015888214111328125,61.013755798339844
258,0.0015773773193359375,61.01533317565918
259,0.0015697479248046875,61.016902923583984
260,0.0015478134155273438,61.01845073699951
261,0.001544952392578125,61.01999568939209
262,0.001522064208984375,61.021517753601074
263,0.0015268325805664062,61.02304458618164
264,0.0015058517456054688,61.024550437927246
265,0.0015048980712890625,61.026055335998535
266,0.0014896392822265625,61.02754497528076
267,0.0014772415161132812,61.029022216796875
268,0.0014772415161132812,61.03049945831299
269,0.0014705657958984375,61.03197002410889
270,0.0014514923095703125,61.03342151641846
271,0.001445770263671875,61.03486728668213
272,0.0014429092407226562,61.03631019592285
273,0.0014286041259765625,61.03773880004883
274,0.0014190673828125,61.03915786743164
275,0.00141143798828125,61.04056930541992
276,0.0014019012451171875,61.04197120666504
277,0.0013856887817382812,61.04335689544678
278,0.00138092041015625,61.044737815856934
279,0.0013790130615234375,61.04611682891846
280,0.0013628005981445312,61.0474796295166
281,0.0013513565063476562,61.04883098602295
282,0.0013551712036132812,61.05018615722656
283,0.0013446807861328125,61.051530838012695
284,0.0013322830200195312,61.052863121032715
285,0.0013189315795898438,61.054182052612305
286,0.0013113021850585938,61.05549335479736
287,0.0013027191162109375,61.056796073913574
288,0.0013074874877929688,61.05810356140137
289,0.0012960433959960938,61.05939960479736
290,0.0012865066528320312,61.060686111450195
291,0.0012884140014648438,61.06197452545166
292,0.001270294189453125,61.06324481964111
293,0.0012645721435546875,61.06450939178467
294,0.0012578964233398438,61.06576728820801
295,0.0012521743774414062,61.06701946258545
296,0.001251220703125,61.068270683288574
297,0.0012302398681640625,61.06950092315674
298,0.00122833251953125,61.07072925567627
299,0.0012254714965820312,61.07195472717285
300,0.0012235641479492188,61.0731782913208
301,0.0012216567993164062,61.07439994812012
302,0.0012025833129882812,61.075602531433105
303,0.0012035369873046875,61.07680606842041
304,0.0011968612670898438,61.0780029296875
305,0.001186370849609375,61.07918930053711
306,0.0011835098266601562,61.08037281036377
307,0.0011730194091796875,61.08154582977295
308,0.001171112060546875,61.082716941833496
309,0.0011625289916992188,61.083879470825195
310,0.0011644363403320312,61.08504390716553
311,0.001155853271484375,61.08619976043701
312,0.0011472702026367188,61.08734703063965
313,0.001132965087890625,61.08847999572754
314,0.0011358261108398438,61.08961582183838
315,0.001132965087890625,61.09074878692627
316,0.001129150390625,61.091877937316895
317,0.0011272430419921875,61.09300518035889
318,0.001110076904296875,61.094115257263184
319,0.0011053085327148438,61.0952205657959
320,0.0011072158813476562,61.096327781677246
321,0.0010986328125,61.097426414489746
322,0.0010938644409179688,61.098520278930664
323,0.0010881423950195312,61.099608421325684
324,0.0010833740234375,61.10069179534912
325,0.001087188720703125,61.101778984069824
326,0.0010776519775390625,61.10285663604736
327,0.0010709762573242188,61.10392761230469
328,0.0010671615600585938,61.104994773864746
329,0.001064300537109375,61.106059074401855
330,0.001064300537109375,61.107123374938965
331,0.001049041748046875,61.10817241668701
332,0.001049041748046875,61.10922145843506
333,0.0010423660278320312,61.11026382446289
334,0.0010356903076171875,61.11129951477051
335,0.0010347366333007812,61.11233425140381
336,0.0010290145874023438,61.11336326599121
337,0.0010232925415039062,61.114386558532715
338,0.0010251998901367188,61.11541175842285
339,0.0010166168212890625,61.11642837524414
340,0.0010118484497070312,61.11744022369385
341,0.001007080078125,61.11844730377197
342,0.0010061264038085938,61.11945343017578
343,0.0009965896606445312,61.120450019836426
