step,loss,cumulative_loss_sum
1,4.17578125,4.17578125
2,4.17578125,8.3515625
3,4.17578125,12.52734375
4,4.17578125,16.703125
5,4.17578125,20.87890625
6,4.09375,24.97265625
7,4.02734375,29.0
8,3.958984375,32.958984375
9,3.904296875,36.86328125
10,3.861328125,40.724609375
11,3.837890625,44.5625
12,3.802734375,48.365234375
13,3.76953125,52.134765625
14,3.728515625,55.86328125
15,3.6953125,59.55859375
16,3.650390625,63.208984375
17,3.619140625,66.828125
18,3.5703125,70.3984375
19,3.517578125,73.916015625
20,3.470703125,77.38671875
21,3.4296875,80.81640625
22,3.400390625,84.216796875
23,3.35546875,87.572265625
24,3.35546875,90.927734375
25,3.341796875,94.26953125
26,3.2578125,97.52734375
27,3.193359375,100.720703125
28,3.11328125,103.833984375
29,2.96875,106.802734375
30,2.8359375,109.638671875
31,2.73046875,112.369140625
32,2.6484375,115.017578125
33,2.58203125,117.599609375
34,2.529296875,120.12890625
35,2.48046875,122.609375
36,2.435546875,125.044921875
37,2.3671875,127.412109375
38,2.341796875,129.75390625
39,2.27734375,132.03125
40,2.25,134.28125
41,2.19921875,136.48046875
42,2.1796875,138.66015625
43,2.126953125,140.787109375
44,2.10546875,142.892578125
45,2.056640625,144.94921875
46,2.046875,146.99609375
47,2.01171875,149.0078125
48,1.9970703125,151.0048828125
49,1.966796875,152.9716796875
50,1.955078125,154.9267578125
51,1.923828125,156.8505859375
52,1.9150390625,158.765625
53,1.8837890625,160.6494140625
54,1.8740234375,162.5234375
55,1.8505859375,164.3740234375
56,1.8369140625,166.2109375
57,1.810546875,168.021484375
58,1.794921875,169.81640625
59,1.78125,171.59765625
60,1.7578125,173.35546875
61,1.73828125,175.09375
62,1.724609375,176.818359375
63,1.7109375,178.529296875
64,1.6923828125,180.2216796875
65,1.6796875,181.9013671875
66,1.669921875,183.5712890625
67,1.6435546875,185.21484375
68,1.6298828125,186.8447265625
69,1.6181640625,188.462890625
70,1.60546875,190.068359375
71,1.5947265625,191.6630859375
72,1.5732421875,193.236328125
73,1.5693359375,194.8056640625
74,1.5517578125,196.357421875
75,1.54296875,197.900390625
76,1.52734375,199.427734375
77,1.517578125,200.9453125
78,1.509765625,202.455078125
79,1.5009765625,203.9560546875
80,1.484375,205.4404296875
81,1.4755859375,206.916015625
82,1.4638671875,208.3798828125
83,1.44921875,209.8291015625
84,1.447265625,211.2763671875
85,1.431640625,212.7080078125
86,1.4267578125,214.134765625
87,1.41015625,215.544921875
88,1.4033203125,216.9482421875
89,1.38671875,218.3349609375
90,1.3876953125,219.72265625
91,1.369140625,221.091796875
92,1.3681640625,222.4599609375
93,1.34765625,223.8076171875
94,1.3427734375,225.150390625
95,1.3193359375,226.4697265625
96,1.322265625,227.7919921875
97,1.294921875,229.0869140625
98,1.30078125,230.3876953125
99,1.28125,231.6689453125
100,1.2783203125,232.947265625
101,1.2607421875,234.2080078125
102,1.26171875,235.4697265625
103,1.236328125,236.7060546875
104,1.244140625,237.9501953125
105,1.2158203125,239.166015625
106,1.2236328125,240.3896484375
107,1.19921875,241.5888671875
108,1.2060546875,242.794921875
109,1.18359375,243.978515625
110,1.1865234375,245.1650390625
111,1.166015625,246.3310546875
112,1.16796875,247.4990234375
113,1.142578125,248.6416015625
114,1.1435546875,249.78515625
115,1.123046875,250.908203125
116,1.126953125,252.03515625
117,1.1064453125,253.1416015625
118,1.1123046875,254.25390625
119,1.0859375,255.33984375
120,1.0966796875,256.4365234375
121,1.0732421875,257.509765625
122,1.0771484375,258.5869140625
123,1.0556640625,259.642578125
124,1.0595703125,260.7021484375
125,1.0380859375,261.740234375
126,1.048828125,262.7890625
127,1.0234375,263.8125
128,1.03125,264.84375
129,1.0,265.84375
130,1.0107421875,266.8544921875
131,0.98876953125,267.84326171875
132,0.9990234375,268.84228515625
133,0.97314453125,269.8154296875
134,0.982421875,270.7978515625
135,0.95068359375,271.74853515625
136,0.96923828125,272.7177734375
137,0.931640625,273.6494140625
138,0.9248046875,274.57421875
139,0.9384765625,275.5126953125
140,0.9384765625,276.451171875
141,0.908203125,277.359375
142,0.89697265625,278.25634765625
143,0.896484375,279.15283203125
144,0.87744140625,280.0302734375
145,0.87939453125,280.90966796875
146,0.8525390625,281.76220703125
147,0.85791015625,282.6201171875
148,0.83056640625,283.45068359375
149,0.8359375,284.28662109375
150,0.80712890625,285.09375
151,0.81396484375,285.90771484375
152,0.78466796875,286.6923828125
153,0.79443359375,287.48681640625
154,0.75927734375,288.24609375
155,0.7646484375,289.0107421875
156,0.73876953125,289.74951171875
157,0.75,290.49951171875
158,0.71875,291.21826171875
159,0.73046875,291.94873046875
160,0.68701171875,292.6357421875
161,0.70849609375,293.34423828125
162,0.6728515625,294.01708984375
163,0.67822265625,294.6953125
164,0.65673828125,295.35205078125
165,0.66259765625,296.0146484375
166,0.63623046875,296.65087890625
167,0.6455078125,297.29638671875
168,0.6220703125,297.91845703125
169,0.634765625,298.55322265625
170,0.60546875,299.15869140625
171,0.61474609375,299.7734375
172,0.58935546875,300.36279296875
173,0.60205078125,300.96484375
174,0.5703125,301.53515625
175,0.5849609375,302.1201171875
176,0.5546875,302.6748046875
177,0.568359375,303.2431640625
178,0.5478515625,303.791015625
179,0.54931640625,304.34033203125
180,0.52880859375,304.869140625
181,0.53515625,305.404296875
182,0.517578125,305.921875
183,0.517578125,306.439453125
184,0.50732421875,306.94677734375
185,0.505859375,307.45263671875
186,0.488525390625,307.941162109375
187,0.489501953125,308.4306640625
188,0.479248046875,308.909912109375
189,0.478271484375,309.38818359375
190,0.4658203125,309.85400390625
191,0.466064453125,310.320068359375
192,0.446533203125,310.7666015625
193,0.44775390625,311.21435546875
194,0.430908203125,311.645263671875
195,0.434814453125,312.080078125
196,0.413330078125,312.493408203125
197,0.42236328125,312.915771484375
198,0.399169921875,313.31494140625
199,0.408935546875,313.723876953125
200,0.3857421875,314.109619140625
201,0.3828125,314.492431640625
202,0.369140625,314.861572265625
203,0.36865234375,315.230224609375
204,0.358642578125,315.5888671875
205,0.3564453125,315.9453125
206,0.343994140625,316.289306640625
207,0.346435546875,316.6357421875
208,0.332275390625,316.968017578125
209,0.3349609375,317.302978515625
210,0.31982421875,317.622802734375
211,0.315673828125,317.9384765625
212,0.30859375,318.2470703125
213,0.306884765625,318.553955078125
214,0.293701171875,318.84765625
215,0.29443359375,319.14208984375
216,0.28369140625,319.42578125
217,0.281005859375,319.706787109375
218,0.27294921875,319.979736328125
219,0.271240234375,320.2509765625
220,0.26220703125,320.51318359375
221,0.25927734375,320.7724609375
222,0.2491455078125,321.0216064453125
223,0.250244140625,321.2718505859375
224,0.2388916015625,321.5107421875
225,0.2374267578125,321.7481689453125
226,0.225341796875,321.9735107421875
227,0.2244873046875,322.197998046875
228,0.213623046875,322.41162109375
229,0.211669921875,322.623291015625
230,0.2081298828125,322.8314208984375
231,0.2066650390625,323.0380859375
232,0.1961669921875,323.2342529296875
233,0.1978759765625,323.43212890625
234,0.1878662109375,323.6199951171875
235,0.1837158203125,323.8037109375
236,0.18017578125,323.98388671875
237,0.1783447265625,324.1622314453125
238,0.17333984375,324.3355712890625
239,0.1685791015625,324.504150390625
240,0.1632080078125,324.6673583984375
241,0.1630859375,324.8304443359375
242,0.155517578125,324.9859619140625
243,0.153076171875,325.1390380859375
244,0.1473388671875,325.286376953125
245,0.14501953125,325.431396484375
246,0.1376953125,325.569091796875
247,0.1370849609375,325.7061767578125
248,0.13232421875,325.8385009765625
249,0.1287841796875,325.96728515625
250,0.1268310546875,326.0941162109375
251,0.1239013671875,326.218017578125
252,0.1192626953125,326.3372802734375
253,0.11614990234375,326.45343017578125
254,0.1138916015625,326.56732177734375
255,0.11102294921875,326.6783447265625
256,0.10626220703125,326.78460693359375
257,0.10528564453125,326.889892578125
258,0.1011962890625,326.9910888671875
259,0.10040283203125,327.09149169921875
260,0.0958251953125,327.18731689453125
261,0.095947265625,327.28326416015625
262,0.09283447265625,327.3760986328125
263,0.0906982421875,327.466796875
264,0.0880126953125,327.5548095703125
265,0.08465576171875,327.63946533203125
266,0.0853271484375,327.72479248046875
267,0.0791015625,327.80389404296875
268,0.08013916015625,327.884033203125
269,0.074951171875,327.958984375
270,0.07391357421875,328.03289794921875
271,0.06964111328125,328.1025390625
272,0.0703125,328.1728515625
273,0.06689453125,328.23974609375
274,0.0662841796875,328.3060302734375
275,0.06256103515625,328.36859130859375
276,0.062347412109375,328.4309387207031
277,0.06011962890625,328.4910583496094
278,0.059051513671875,328.55010986328125
279,0.055572509765625,328.6056823730469
280,0.054443359375,328.6601257324219
281,0.052215576171875,328.71234130859375
282,0.049468994140625,328.7618103027344
283,0.04852294921875,328.8103332519531
284,0.046722412109375,328.8570556640625
285,0.045196533203125,328.9022521972656
286,0.044677734375,328.9469299316406
287,0.0423583984375,328.9892883300781
288,0.04144287109375,329.0307312011719
289,0.04052734375,329.0712585449219
290,0.039154052734375,329.11041259765625
291,0.038177490234375,329.1485900878906
292,0.037628173828125,329.18621826171875
293,0.035980224609375,329.2221984863281
294,0.036102294921875,329.25830078125
295,0.034210205078125,329.2925109863281
296,0.034088134765625,329.32659912109375
297,0.03204345703125,329.358642578125
298,0.032073974609375,329.3907165527344
299,0.03045654296875,329.4211730957031
300,0.0302276611328125,329.45140075683594
301,0.0288848876953125,329.48028564453125
302,0.0286865234375,329.50897216796875
303,0.027130126953125,329.5361022949219
304,0.026824951171875,329.56292724609375
305,0.02587890625,329.58880615234375
306,0.025726318359375,329.6145324707031
307,0.0244293212890625,329.6389617919922
308,0.02435302734375,329.66331481933594
309,0.0234375,329.68675231933594
310,0.02337646484375,329.7101287841797
311,0.0222320556640625,329.73236083984375
312,0.022064208984375,329.7544250488281
313,0.02093505859375,329.7753601074219
314,0.021270751953125,329.796630859375
315,0.0197906494140625,329.81642150878906
316,0.0200042724609375,329.83642578125
317,0.0187225341796875,329.8551483154297
318,0.0188140869140625,329.87396240234375
319,0.0180206298828125,329.89198303222656
320,0.0178070068359375,329.9097900390625
321,0.016998291015625,329.9267883300781
322,0.016937255859375,329.9437255859375
323,0.0158233642578125,329.9595489501953
324,0.01605224609375,329.97560119628906
325,0.01528167724609375,329.99088287353516
326,0.01534271240234375,330.0062255859375
327,0.01432037353515625,330.02054595947266
328,0.014495849609375,330.03504180908203
329,0.01366424560546875,330.0487060546875
330,0.01381683349609375,330.0625228881836
331,0.0128936767578125,330.0754165649414
332,0.0131072998046875,330.0885238647461
333,0.01226806640625,330.10079193115234
334,0.0123748779296875,330.11316680908203
335,0.01153564453125,330.1247024536133
336,0.011688232421875,330.13639068603516
337,0.01090240478515625,330.1472930908203
338,0.01093292236328125,330.1582260131836
339,0.010498046875,330.1687240600586
340,0.01053619384765625,330.17926025390625
341,0.01007080078125,330.1893310546875
342,0.00982666015625,330.19915771484375
343,0.00934600830078125,330.20850372314453
344,0.00926971435546875,330.2177734375
345,0.00873565673828125,330.2265090942383
346,0.00882720947265625,330.23533630371094
347,0.00836181640625,330.2436981201172
348,0.0082244873046875,330.2519226074219
349,0.00809478759765625,330.26001739501953
350,0.007686614990234375,330.26770401000977
351,0.0075225830078125,330.2752265930176
352,0.0072784423828125,330.2825050354004
353,0.00713348388671875,330.2896385192871
354,0.006771087646484375,330.2964096069336
355,0.006786346435546875,330.30319595336914
356,0.006374359130859375,330.3095703125
357,0.006500244140625,330.3160705566406
358,0.0062255859375,330.3222961425781
359,0.00611114501953125,330.32840728759766
360,0.005756378173828125,330.3341636657715
361,0.005702972412109375,330.3398666381836
362,0.00537872314453125,330.3452453613281
363,0.005329132080078125,330.3505744934082
364,0.005031585693359375,330.35560607910156
365,0.005023956298828125,330.3606300354004
366,0.00469970703125,330.36532974243164
367,0.004726409912109375,330.37005615234375
368,0.004436492919921875,330.3744926452637
369,0.004425048828125,330.3789176940918
370,0.00423431396484375,330.38315200805664
371,0.004108428955078125,330.3872604370117
372,0.004146575927734375,330.39140701293945
373,0.00380706787109375,330.39521408081055
374,0.0036830902099609375,330.3988971710205
375,0.00360107421875,330.40249824523926
376,0.0035572052001953125,330.40605545043945
377,0.0034503936767578125,330.4095058441162
378,0.00354766845703125,330.41305351257324
379,0.003284454345703125,330.41633796691895
380,0.0033111572265625,330.4196491241455
381,0.0031871795654296875,330.42283630371094
382,0.0032138824462890625,330.4260501861572
383,0.003017425537109375,330.42906761169434
384,0.00299835205078125,330.4320659637451
385,0.002887725830078125,330.4349536895752
386,0.0029430389404296875,330.4378967285156
387,0.0028095245361328125,330.44070625305176
388,0.0028362274169921875,330.44354248046875
389,0.002716064453125,330.4462585449219
390,0.0027141571044921875,330.44897270202637
391,0.0025787353515625,330.45155143737793
392,0.002574920654296875,330.4541263580322
393,0.002506256103515625,330.45663261413574
394,0.0025310516357421875,330.4591636657715
395,0.0024394989013671875,330.46160316467285
396,0.0024242401123046875,330.46402740478516
397,0.002361297607421875,330.4663887023926
398,0.00231170654296875,330.46870040893555
399,0.002315521240234375,330.4710159301758
400,0.0022640228271484375,330.47327995300293
401,0.0022411346435546875,330.4755210876465
402,0.0021762847900390625,330.4776973724365
403,0.002185821533203125,330.4798831939697
404,0.0021343231201171875,330.48201751708984
405,0.002124786376953125,330.4841423034668
406,0.002071380615234375,330.48621368408203
407,0.0020618438720703125,330.4882755279541
408,0.0020198822021484375,330.49029541015625
409,0.0020084381103515625,330.4923038482666
410,0.00199127197265625,330.49429512023926
411,0.001949310302734375,330.496244430542
412,0.001964569091796875,330.4982089996338
413,0.0019292831420898438,330.5001382827759
414,0.0018777847290039062,330.5020160675049
415,0.0018711090087890625,330.5038871765137
416,0.0018491744995117188,330.5057363510132
417,0.0018367767333984375,330.5075731277466
418,0.001800537109375,330.50937366485596
419,0.0017766952514648438,330.5111503601074
420,0.0017633438110351562,330.51291370391846
421,0.0017633438110351562,330.5146770477295
422,0.0017290115356445312,330.51640605926514
423,0.00171661376953125,330.51812267303467
424,0.001682281494140625,330.5198049545288
425,0.0016469955444335938,330.52145195007324
426,0.001628875732421875,330.52308082580566
427,0.0016117095947265625,330.5246925354004
428,0.001621246337890625,330.5263137817383
429,0.0016107559204101562,330.5279245376587
430,0.0015745162963867188,330.5294990539551
431,0.0015783309936523438,330.53107738494873
432,0.0015583038330078125,330.53263568878174
433,0.0015554428100585938,330.5341911315918
434,0.00151824951171875,330.5357093811035
435,0.0015277862548828125,330.5372371673584
436,0.0014886856079101562,330.5387258529663
437,0.00147247314453125,330.54019832611084
438,0.0014591217041015625,330.54165744781494
439,0.0014553070068359375,330.5431127548218
440,0.0014286041259765625,330.54454135894775
441,0.001415252685546875,330.5459566116333
442,0.0014171600341796875,330.5473737716675
443,0.0014181137084960938,330.548791885376
444,0.0013914108276367188,330.5501832962036
445,0.0013818740844726562,330.5515651702881
446,0.0013675689697265625,330.5529327392578
447,0.0013456344604492188,330.55427837371826
448,0.0013332366943359375,330.5556116104126
449,0.0013246536254882812,330.5569362640381
450,0.0013170242309570312,330.55825328826904
451,0.0013055801391601562,330.5595588684082
452,0.001285552978515625,330.5608444213867
453,0.00128936767578125,330.5621337890625
454,0.0012693405151367188,330.56340312957764
455,0.0012636184692382812,330.5646667480469
456,0.0012416839599609375,330.56590843200684
457,0.0012483596801757812,330.567156791687
458,0.001239776611328125,330.56839656829834
459,0.00122833251953125,330.56962490081787
460,0.0012197494506835938,330.57084465026855
461,0.0012083053588867188,330.57205295562744
462,0.0011930465698242188,330.57324600219727
463,0.00118255615234375,330.5744285583496
464,0.0011835098266601562,330.57561206817627
465,0.0011730194091796875,330.57678508758545
466,0.0011606216430664062,330.5779457092285
467,0.00115203857421875,330.57909774780273
468,0.0011444091796875,330.5802421569824
469,0.0011463165283203125,330.58138847351074
470,0.0011205673217773438,330.5825090408325
471,0.00112152099609375,330.5836305618286
472,0.0011157989501953125,330.5847463607788
473,0.00110626220703125,330.58585262298584
474,0.0010995864868164062,330.58695220947266
475,0.0010900497436523438,330.5880422592163
476,0.0010862350463867188,330.5891284942627
477,0.0010814666748046875,330.5902099609375
478,0.0010671615600585938,330.59127712249756
479,0.0010623931884765625,330.59233951568604
480,0.0010547637939453125,330.59339427948
481,0.0010471343994140625,330.5944414138794
482,0.0010366439819335938,330.5954780578613
483,0.0010366439819335938,330.59651470184326
484,0.00102996826171875,330.597544670105
485,0.0010223388671875,330.59856700897217
486,0.0010137557983398438,330.5995807647705
487,0.0010061264038085938,330.6005868911743
488,0.0009937286376953125,330.601580619812
