step,loss,cumulative_loss_sum
1,2.337890625,2.337890625
2,2.337890625,4.67578125
3,2.337890625,7.013671875
4,2.337890625,9.3515625
5,2.337890625,11.689453125
6,2.337890625,14.02734375
7,2.337890625,16.365234375
8,2.337890625,18.703125
9,2.337890625,21.041015625
10,1.705078125,22.74609375
11,1.5693359375,24.3154296875
12,1.443359375,25.7587890625
13,1.3603515625,27.119140625
14,1.265625,28.384765625
15,1.1669921875,29.5517578125
16,1.0869140625,30.638671875
17,1.02734375,31.666015625
18,0.9697265625,32.6357421875
19,0.9208984375,33.556640625
20,0.8662109375,34.4228515625
21,0.8193359375,35.2421875
22,0.783203125,36.025390625
23,0.7490234375,36.7744140625
24,0.7255859375,37.5
25,0.70263671875,38.20263671875
26,0.68505859375,38.8876953125
27,0.6611328125,39.548828125
28,0.64453125,40.193359375
29,0.62451171875,40.81787109375
30,0.6162109375,41.43408203125
31,0.60009765625,42.0341796875
32,0.58154296875,42.61572265625
33,0.56494140625,43.1806640625
34,0.55517578125,43.73583984375
35,0.5439453125,44.27978515625
36,0.53173828125,44.8115234375
37,0.5234375,45.3349609375
38,0.50732421875,45.84228515625
39,0.495849609375,46.338134765625
40,0.4794921875,46.817626953125
41,0.465087890625,47.28271484375
42,0.453125,47.73583984375
43,0.447998046875,48.183837890625
44,0.43310546875,48.616943359375
45,0.42431640625,49.041259765625
46,0.418701171875,49.4599609375
47,0.4072265625,49.8671875
48,0.39697265625,50.26416015625
49,0.38818359375,50.65234375
50,0.378173828125,51.030517578125
51,0.372314453125,51.40283203125
52,0.368896484375,51.771728515625
53,0.361328125,52.133056640625
54,0.351318359375,52.484375
55,0.34912109375,52.83349609375
56,0.34228515625,53.17578125
57,0.3388671875,53.5146484375
58,0.330078125,53.8447265625
59,0.32763671875,54.17236328125
60,0.3203125,54.49267578125
61,0.31787109375,54.810546875
62,0.307861328125,55.118408203125
63,0.307861328125,55.42626953125
64,0.299560546875,55.725830078125
65,0.297119140625,56.02294921875
66,0.288330078125,56.311279296875
67,0.287353515625,56.5986328125
68,0.27783203125,56.87646484375
69,0.27294921875,57.1494140625
70,0.265869140625,57.415283203125
71,0.26416015625,57.679443359375
72,0.255859375,57.935302734375
73,0.249267578125,58.1845703125
74,0.2406005859375,58.4251708984375
75,0.235595703125,58.6607666015625
76,0.2269287109375,58.8876953125
77,0.2230224609375,59.1107177734375
78,0.2177734375,59.3284912109375
79,0.2138671875,59.5423583984375
80,0.2071533203125,59.74951171875
81,0.2001953125,59.94970703125
82,0.192626953125,60.142333984375
83,0.18701171875,60.329345703125
84,0.181884765625,60.51123046875
85,0.177490234375,60.688720703125
86,0.1739501953125,60.8626708984375
87,0.16943359375,61.0321044921875
88,0.164794921875,61.1968994140625
89,0.161376953125,61.3582763671875
90,0.15869140625,61.5169677734375
91,0.152587890625,61.6695556640625
92,0.1488037109375,61.818359375
93,0.1466064453125,61.9649658203125
94,0.145751953125,62.1107177734375
95,0.1424560546875,62.253173828125
96,0.140869140625,62.39404296875
97,0.1370849609375,62.5311279296875
98,0.135986328125,62.6671142578125
99,0.1337890625,62.8009033203125
100,0.13232421875,62.9332275390625
101,0.130615234375,63.0638427734375
102,0.1282958984375,63.192138671875
103,0.12548828125,63.317626953125
104,0.1236572265625,63.4412841796875
105,0.1214599609375,63.562744140625
106,0.11962890625,63.682373046875
107,0.11761474609375,63.79998779296875
108,0.115966796875,63.91595458984375
109,0.11376953125,64.02972412109375
110,0.11102294921875,64.1407470703125
111,0.1075439453125,64.248291015625
112,0.1058349609375,64.3541259765625
113,0.104248046875,64.4583740234375
114,0.10235595703125,64.56072998046875
115,0.1009521484375,64.66168212890625
116,0.09844970703125,64.7601318359375
117,0.09747314453125,64.85760498046875
118,0.093994140625,64.95159912109375
119,0.09320068359375,65.0447998046875
120,0.0911865234375,65.135986328125
121,0.08978271484375,65.22576904296875
122,0.087646484375,65.31341552734375
123,0.086669921875,65.40008544921875
124,0.08502197265625,65.485107421875
125,0.08343505859375,65.56854248046875
126,0.0819091796875,65.65045166015625
127,0.08062744140625,65.7310791015625
128,0.078857421875,65.8099365234375
129,0.0765380859375,65.886474609375
130,0.076171875,65.962646484375
131,0.07427978515625,66.03692626953125
132,0.07293701171875,66.10986328125
133,0.07080078125,66.1806640625
134,0.07025146484375,66.25091552734375
135,0.068359375,66.31927490234375
136,0.0675048828125,66.38677978515625
137,0.065673828125,66.45245361328125
138,0.06500244140625,66.5174560546875
139,0.063232421875,66.5806884765625
140,0.0626220703125,66.643310546875
141,0.06121826171875,66.70452880859375
142,0.06097412109375,66.7655029296875
143,0.059112548828125,66.82461547851562
144,0.05865478515625,66.88327026367188
145,0.05718994140625,66.94046020507812
146,0.05621337890625,66.99667358398438
147,0.055023193359375,67.05169677734375
148,0.054412841796875,67.10610961914062
149,0.053253173828125,67.15936279296875
150,0.0521240234375,67.21148681640625
151,0.051361083984375,67.26284790039062
152,0.050689697265625,67.31353759765625
153,0.049713134765625,67.36325073242188
154,0.048797607421875,67.41204833984375
155,0.0474853515625,67.45953369140625
156,0.0469970703125,67.50653076171875
157,0.045928955078125,67.55245971679688
158,0.045501708984375,67.59796142578125
159,0.044097900390625,67.64205932617188
160,0.043853759765625,67.6859130859375
161,0.04266357421875,67.72857666015625
162,0.04229736328125,67.7708740234375
163,0.041351318359375,67.81222534179688
164,0.04071044921875,67.85293579101562
165,0.04010009765625,67.89303588867188
166,0.03924560546875,67.93228149414062
167,0.03814697265625,67.97042846679688
168,0.037811279296875,68.00823974609375
169,0.037017822265625,68.04525756835938
170,0.036041259765625,68.081298828125
171,0.03472900390625,68.11602783203125
172,0.03436279296875,68.150390625
173,0.033203125,68.18359375
174,0.032623291015625,68.21621704101562
175,0.0316162109375,68.24783325195312
176,0.031097412109375,68.2789306640625
177,0.0300445556640625,68.30897521972656
178,0.0293731689453125,68.33834838867188
179,0.0283966064453125,68.36674499511719
180,0.02783203125,68.39457702636719
181,0.027099609375,68.42167663574219
182,0.0264434814453125,68.4481201171875
183,0.0260009765625,68.47412109375
184,0.025299072265625,68.49942016601562
185,0.0248260498046875,68.52424621582031
186,0.0241546630859375,68.54840087890625
187,0.023406982421875,68.57180786132812
188,0.02301025390625,68.59481811523438
189,0.0223541259765625,68.61717224121094
190,0.0221099853515625,68.6392822265625
191,0.0212554931640625,68.66053771972656
192,0.02093505859375,68.68147277832031
193,0.02032470703125,68.70179748535156
194,0.0201568603515625,68.72195434570312
195,0.01953125,68.74148559570312
196,0.0193328857421875,68.76081848144531
197,0.01861572265625,68.77943420410156
198,0.0182647705078125,68.79769897460938
199,0.017578125,68.81527709960938
200,0.0173797607421875,68.83265686035156
201,0.016845703125,68.84950256347656
202,0.0164642333984375,68.865966796875
203,0.0160675048828125,68.88203430175781
204,0.015838623046875,68.89787292480469
205,0.01549530029296875,68.91336822509766
206,0.01517486572265625,68.92854309082031
207,0.014892578125,68.94343566894531
208,0.01457977294921875,68.95801544189453
209,0.01432037353515625,68.97233581542969
210,0.01396942138671875,68.9863052368164
211,0.0135345458984375,68.99983978271484
212,0.01316070556640625,69.01300048828125
213,0.012908935546875,69.02590942382812
214,0.0125579833984375,69.03846740722656
215,0.0123443603515625,69.05081176757812
216,0.01197052001953125,69.06278228759766
217,0.01177215576171875,69.07455444335938
218,0.011383056640625,69.0859375
219,0.01116943359375,69.09710693359375
220,0.010833740234375,69.10794067382812
221,0.01074981689453125,69.11869049072266
222,0.010345458984375,69.12903594970703
223,0.01009368896484375,69.13912963867188
224,0.009735107421875,69.14886474609375
225,0.00946044921875,69.1583251953125
226,0.00919342041015625,69.16751861572266
227,0.00888824462890625,69.17640686035156
228,0.00875091552734375,69.1851577758789
229,0.0084991455078125,69.19365692138672
230,0.0083465576171875,69.2020034790039
231,0.00820159912109375,69.210205078125
232,0.00804901123046875,69.21825408935547
233,0.00777435302734375,69.22602844238281
234,0.007568359375,69.23359680175781
235,0.00740814208984375,69.24100494384766
236,0.00727081298828125,69.24827575683594
237,0.00714874267578125,69.25542449951172
238,0.007030487060546875,69.26245498657227
239,0.006866455078125,69.26932144165039
240,0.006763458251953125,69.27608489990234
241,0.00665283203125,69.2827377319336
242,0.006450653076171875,69.28918838500977
243,0.006366729736328125,69.2955551147461
244,0.00624847412109375,69.30180358886719
245,0.006153106689453125,69.30795669555664
246,0.006031036376953125,69.3139877319336
247,0.005992889404296875,69.31998062133789
248,0.005878448486328125,69.32585906982422
249,0.005771636962890625,69.33163070678711
250,0.005649566650390625,69.3372802734375
251,0.0055694580078125,69.34284973144531
252,0.005496978759765625,69.34834671020508
253,0.005397796630859375,69.35374450683594
254,0.005344390869140625,69.35908889770508
255,0.0052337646484375,69.36432266235352
256,0.00518035888671875,69.36950302124023
257,0.005130767822265625,69.3746337890625
258,0.00502777099609375,69.3796615600586
259,0.00493621826171875,69.38459777832031
260,0.0048675537109375,69.38946533203125
261,0.00479888916015625,69.3942642211914
262,0.00475311279296875,69.39901733398438
263,0.004703521728515625,69.40372085571289
264,0.004673004150390625,69.40839385986328
265,0.0045928955078125,69.4129867553711
266,0.004520416259765625,69.41750717163086
267,0.00446319580078125,69.42197036743164
268,0.00441741943359375,69.42638778686523
269,0.0043792724609375,69.43076705932617
270,0.0043487548828125,69.43511581420898
271,0.00426483154296875,69.43938064575195
272,0.004230499267578125,69.44361114501953
273,0.0041656494140625,69.4477767944336
274,0.0041046142578125,69.4518814086914
275,0.004058837890625,69.45594024658203
276,0.00402069091796875,69.4599609375
277,0.00396728515625,69.46392822265625
278,0.0039215087890625,69.46784973144531
279,0.00389862060546875,69.47174835205078
280,0.0038242340087890625,69.47557258605957
281,0.0037841796875,69.47935676574707
282,0.00376129150390625,69.48311805725098
283,0.0037059783935546875,69.48682403564453
284,0.0036449432373046875,69.49046897888184
285,0.00363922119140625,69.49410820007324
286,0.00360107421875,69.49770927429199
287,0.003574371337890625,69.50128364562988
288,0.0035190582275390625,69.50480270385742
289,0.00347900390625,69.50828170776367
290,0.0034275054931640625,69.51170921325684
291,0.003406524658203125,69.51511573791504
292,0.0033721923828125,69.51848793029785
293,0.0033359527587890625,69.52182388305664
294,0.003299713134765625,69.5251235961914
295,0.0032806396484375,69.52840423583984
296,0.003265380859375,69.53166961669922
297,0.0032196044921875,69.5348892211914
298,0.0031948089599609375,69.53808403015137
299,0.0031604766845703125,69.54124450683594
300,0.00311279296875,69.54435729980469
301,0.0030918121337890625,69.54744911193848
302,0.0030536651611328125,69.55050277709961
303,0.0030364990234375,69.55353927612305
304,0.0029850006103515625,69.5565242767334
305,0.0029773712158203125,69.55950164794922
306,0.0029659271240234375,69.56246757507324
307,0.002899169921875,69.56536674499512
308,0.002880096435546875,69.56824684143066
309,0.00287628173828125,69.57112312316895
310,0.0028476715087890625,69.57397079467773
311,0.002819061279296875,69.57678985595703
312,0.002796173095703125,69.57958602905273
313,0.0027751922607421875,69.58236122131348
314,0.0027256011962890625,69.58508682250977
315,0.0027179718017578125,69.58780479431152
316,0.0027065277099609375,69.59051132202148
317,0.0026645660400390625,69.59317588806152
318,0.00264739990234375,69.59582328796387
319,0.0026302337646484375,69.59845352172852
320,0.0026111602783203125,69.60106468200684
321,0.00258636474609375,69.60365104675293
322,0.00257110595703125,69.60622215270996
323,0.00255584716796875,69.60877799987793
324,0.0025386810302734375,69.6113166809082
325,0.0025119781494140625,69.61382865905762
326,0.00251007080078125,69.6163387298584
327,0.002468109130859375,69.61880683898926
328,0.0024623870849609375,69.62126922607422
329,0.002452850341796875,69.62372207641602
330,0.0024166107177734375,69.62613868713379
331,0.0023937225341796875,69.62853240966797
332,0.00238800048828125,69.63092041015625
333,0.00237274169921875,69.63329315185547
334,0.0023365020751953125,69.63562965393066
335,0.0023441314697265625,69.63797378540039
336,0.00232696533203125,69.64030075073242
337,0.002288818359375,69.6425895690918
338,0.0022640228271484375,69.64485359191895
339,0.0022907257080078125,69.64714431762695
340,0.002269744873046875,69.6494140625
341,0.002223968505859375,69.65163803100586
342,0.0022029876708984375,69.65384101867676
343,0.0022068023681640625,69.65604782104492
344,0.00220489501953125,69.65825271606445
345,0.0021762847900390625,69.66042900085449
346,0.0021514892578125,69.6625804901123
347,0.0021533966064453125,69.66473388671875
348,0.0021228790283203125,69.66685676574707
349,0.002101898193359375,69.66895866394043
350,0.0021152496337890625,69.67107391357422
351,0.0020732879638671875,69.67314720153809
352,0.0020751953125,69.67522239685059
353,0.0020656585693359375,69.67728805541992
354,0.0020236968994140625,69.67931175231934
355,0.0020465850830078125,69.68135833740234
356,0.00200653076171875,69.68336486816406
357,0.001987457275390625,69.68535232543945
358,0.0020046234130859375,69.68735694885254
359,0.001979827880859375,69.6893367767334
360,0.0019683837890625,69.69130516052246
361,0.0019311904907226562,69.69323635101318
362,0.001922607421875,69.69515895843506
363,0.0019130706787109375,69.69707202911377
364,0.0019025802612304688,69.698974609375
365,0.0018873214721679688,69.70086193084717
366,0.0019140243530273438,69.7027759552002
367,0.0018701553344726562,69.70464611053467
368,0.0018596649169921875,69.70650577545166
369,0.0018444061279296875,69.70835018157959
370,0.001834869384765625,69.71018505096436
371,0.0018377304077148438,69.71202278137207
372,0.0018186569213867188,69.71384143829346
373,0.001827239990234375,69.71566867828369
374,0.0017910003662109375,69.7174596786499
375,0.0018024444580078125,69.71926212310791
376,0.001800537109375,69.72106266021729
377,0.0017766952514648438,69.72283935546875
378,0.0017652511596679688,69.72460460662842
379,0.0017614364624023438,69.72636604309082
380,0.0017423629760742188,69.7281084060669
381,0.0017452239990234375,69.72985363006592
382,0.0017194747924804688,69.7315731048584
383,0.0017299652099609375,69.73330307006836
384,0.0017185211181640625,69.73502159118652
385,0.0016870498657226562,69.73670864105225
386,0.001705169677734375,69.73841381072998
387,0.0016717910766601562,69.74008560180664
388,0.0016775131225585938,69.7417631149292
389,0.00165557861328125,69.74341869354248
390,0.00165557861328125,69.74507427215576
391,0.0016393661499023438,69.74671363830566
392,0.0016326904296875,69.74834632873535
393,0.0016336441040039062,69.74997997283936
394,0.0016345977783203125,69.75161457061768
395,0.0016183853149414062,69.75323295593262
396,0.00159454345703125,69.75482749938965
397,0.0015954971313476562,69.756422996521
398,0.0015821456909179688,69.75800514221191
399,0.0015802383422851562,69.7595853805542
400,0.001575469970703125,69.7611608505249
401,0.0015573501586914062,69.7627182006836
402,0.001552581787109375,69.7642707824707
403,0.0015439987182617188,69.76581478118896
404,0.001544952392578125,69.76735973358154
405,0.001522064208984375,69.76888179779053
406,0.0015325546264648438,69.77041435241699
407,0.0015239715576171875,69.77193832397461
408,0.0015077590942382812,69.77344608306885
409,0.0015087127685546875,69.7749547958374
410,0.0015096664428710938,69.77646446228027
411,0.001495361328125,69.7779598236084
412,0.00150299072265625,69.77946281433105
413,0.0014743804931640625,69.78093719482422
414,0.0014743804931640625,69.78241157531738
415,0.0014753341674804688,69.78388690948486
416,0.0014524459838867188,69.78533935546875
417,0.0014629364013671875,69.78680229187012
418,0.0014619827270507812,69.78826427459717
419,0.0014400482177734375,69.78970432281494
420,0.0014276504516601562,69.7911319732666
421,0.00142669677734375,69.79255867004395
422,0.0014057159423828125,69.79396438598633
423,0.001415252685546875,69.79537963867188
424,0.0013933181762695312,69.79677295684814
425,0.0014028549194335938,69.79817581176758
426,0.00138092041015625,69.79955673217773
427,0.0013818740844726562,69.8009386062622
428,0.00138092041015625,69.80231952667236
429,0.0013704299926757812,69.80368995666504
430,0.0013628005981445312,69.80505275726318
431,0.0013637542724609375,69.80641651153564
432,0.0013494491577148438,69.80776596069336
433,0.00135040283203125,69.80911636352539
434,0.0013360977172851562,69.81045246124268
435,0.0013380050659179688,69.8117904663086
436,0.00135040283203125,69.81314086914062
437,0.0013322830200195312,69.81447315216064
438,0.0013265609741210938,69.81579971313477
439,0.0013275146484375,69.8171272277832
440,0.0012989044189453125,69.81842613220215
441,0.0013074874877929688,69.81973361968994
442,0.0013065338134765625,69.82104015350342
443,0.0012960433959960938,69.82233619689941
444,0.00128936767578125,69.8236255645752
445,0.0012760162353515625,69.82490158081055
446,0.0012760162353515625,69.8261775970459
447,0.0012788772583007812,69.8274564743042
448,0.0012769699096679688,69.82873344421387
449,0.00125885009765625,69.82999229431152
450,0.0012636184692382812,69.83125591278076
451,0.0012531280517578125,69.83250904083252
452,0.0012454986572265625,69.83375453948975
453,0.0012483596801757812,69.83500289916992
454,0.00122833251953125,69.83623123168945
455,0.0012378692626953125,69.83746910095215
456,0.001216888427734375,69.83868598937988
457,0.001224517822265625,69.83991050720215
458,0.0012187957763671875,69.84112930297852
459,0.0012063980102539062,69.84233570098877
460,0.0012063980102539062,69.84354209899902
461,0.001201629638671875,69.8447437286377
462,0.0012073516845703125,69.84595108032227
463,0.0012006759643554688,69.84715175628662
464,0.001190185546875,69.8483419418335
465,0.001178741455078125,69.84952068328857
466,0.001178741455078125,69.85069942474365
467,0.0011796951293945312,69.85187911987305
468,0.0011739730834960938,69.85305309295654
469,0.0011625289916992188,69.85421562194824
470,0.0011625289916992188,69.85537815093994
471,0.0011701583862304688,69.85654830932617
472,0.0011625289916992188,69.85771083831787
473,0.0011529922485351562,69.8588638305664
474,0.0011529922485351562,69.86001682281494
475,0.0011539459228515625,69.8611707687378
476,0.0011415481567382812,69.86231231689453
477,0.0011425018310546875,69.86345481872559
478,0.0011377334594726562,69.86459255218506
479,0.0011310577392578125,69.86572360992432
480,0.001125335693359375,69.86684894561768
481,0.001110076904296875,69.86795902252197
482,0.001110076904296875,69.86906909942627
483,0.0011167526245117188,69.87018585205078
484,0.0011167526245117188,69.8713026046753
485,0.0011053085327148438,69.87240791320801
486,0.0010938644409179688,69.87350177764893
487,0.001094818115234375,69.87459659576416
488,0.0010900497436523438,69.87568664550781
489,0.0010900497436523438,69.87677669525146
490,0.0010852813720703125,69.87786197662354
491,0.001079559326171875,69.8789415359497
492,0.001068115234375,69.88000965118408
493,0.0010700225830078125,69.88107967376709
494,0.001079559326171875,69.88215923309326
495,0.0010652542114257812,69.88322448730469
496,0.001064300537109375,69.8842887878418
497,0.0010614395141601562,69.88535022735596
498,0.0010547637939453125,69.8864049911499
499,0.0010547637939453125,69.88745975494385
500,0.00104522705078125,69.88850498199463
501,0.00104522705078125,69.88955020904541
502,0.0010404586791992188,69.89059066772461
503,0.0010356903076171875,69.89162635803223
504,0.0010356903076171875,69.89266204833984
505,0.0010309219360351562,69.89369297027588
506,0.0010204315185546875,69.89471340179443
507,0.001026153564453125,69.89573955535889
508,0.0010166168212890625,69.89675617218018
509,0.0010223388671875,69.89777851104736
510,0.001018524169921875,69.89879703521729
511,0.0010118484497070312,69.89980888366699
512,0.001007080078125,69.90081596374512
513,0.0010023117065429688,69.90181827545166
514,0.001003265380859375,69.90282154083252
515,0.000988006591796875,69.90380954742432
