step,loss,cumulative_loss_sum
1,3.1171875,3.1171875
2,3.1171875,6.234375
3,3.1171875,9.3515625
4,3.1171875,12.46875
5,3.1171875,15.5859375
6,3.1171875,18.703125
7,2.818359375,21.521484375
8,2.818359375,24.33984375
9,2.818359375,27.158203125
10,2.576171875,29.734375
11,2.3203125,32.0546875
12,2.095703125,34.150390625
13,1.9189453125,36.0693359375
14,1.791015625,37.8603515625
15,1.634765625,39.4951171875
16,1.537109375,41.0322265625
17,1.435546875,42.4677734375
18,1.4072265625,43.875
19,1.3134765625,45.1884765625
20,1.296875,46.4853515625
21,1.2021484375,47.6875
22,1.2099609375,48.8974609375
23,1.087890625,49.9853515625
24,1.0380859375,51.0234375
25,0.96533203125,51.98876953125
26,0.91650390625,52.9052734375
27,0.865234375,53.7705078125
28,0.85498046875,54.62548828125
29,0.80029296875,55.42578125
30,0.78271484375,56.20849609375
31,0.7353515625,56.94384765625
32,0.70556640625,57.6494140625
33,0.66796875,58.3173828125
34,0.64111328125,58.95849609375
35,0.5966796875,59.55517578125
36,0.5830078125,60.13818359375
37,0.5419921875,60.68017578125
38,0.52685546875,61.20703125
39,0.487548828125,61.694580078125
40,0.478271484375,62.1728515625
41,0.42138671875,62.59423828125
42,0.425537109375,63.019775390625
43,0.38623046875,63.406005859375
44,0.390380859375,63.79638671875
45,0.3505859375,64.14697265625
46,0.34765625,64.49462890625
47,0.313232421875,64.807861328125
48,0.296875,65.104736328125
49,0.26416015625,65.368896484375
50,0.262939453125,65.6318359375
51,0.236572265625,65.868408203125
52,0.2257080078125,66.0941162109375
53,0.2156982421875,66.309814453125
54,0.20849609375,66.518310546875
55,0.1905517578125,66.7088623046875
56,0.184326171875,66.8931884765625
57,0.1656494140625,67.058837890625
58,0.1602783203125,67.2191162109375
59,0.14501953125,67.3641357421875
60,0.141845703125,67.5059814453125
61,0.1295166015625,67.635498046875
62,0.126953125,67.762451171875
63,0.11566162109375,67.87811279296875
64,0.11456298828125,67.99267578125
65,0.10198974609375,68.09466552734375
66,0.10345458984375,68.1981201171875
67,0.0885009765625,68.28662109375
68,0.08489990234375,68.37152099609375
69,0.0767822265625,68.44830322265625
70,0.07135009765625,68.5196533203125
71,0.06707763671875,68.58673095703125
72,0.06268310546875,68.6494140625
73,0.0595703125,68.708984375
74,0.05584716796875,68.76483154296875
75,0.053741455078125,68.81857299804688
76,0.051849365234375,68.87042236328125
77,0.047882080078125,68.91830444335938
78,0.046722412109375,68.96502685546875
79,0.043426513671875,69.00845336914062
80,0.04302978515625,69.05148315429688
81,0.040283203125,69.09176635742188
82,0.039154052734375,69.13092041015625
83,0.03662109375,69.16754150390625
84,0.035736083984375,69.20327758789062
85,0.031982421875,69.23526000976562
86,0.03277587890625,69.26803588867188
87,0.0294189453125,69.29745483398438
88,0.02984619140625,69.32730102539062
89,0.0268402099609375,69.35414123535156
90,0.02764892578125,69.38179016113281
91,0.0246124267578125,69.40640258789062
92,0.026641845703125,69.43304443359375
93,0.022430419921875,69.45547485351562
94,0.0231781005859375,69.47865295410156
95,0.0203857421875,69.49903869628906
96,0.02117919921875,69.52021789550781
97,0.018798828125,69.53901672363281
98,0.0193634033203125,69.55838012695312
99,0.017974853515625,69.57635498046875
100,0.01800537109375,69.5943603515625
101,0.0163421630859375,69.61070251464844
102,0.016632080078125,69.62733459472656
103,0.01488494873046875,69.64221954345703
104,0.015869140625,69.65808868408203
105,0.0143585205078125,69.67244720458984
106,0.0144805908203125,69.68692779541016
107,0.0134429931640625,69.70037078857422
108,0.01380157470703125,69.71417236328125
109,0.012115478515625,69.72628784179688
110,0.01293182373046875,69.73921966552734
111,0.01154327392578125,69.75076293945312
112,0.01160430908203125,69.76236724853516
113,0.010833740234375,69.77320098876953
114,0.010894775390625,69.78409576416016
115,0.01021575927734375,69.7943115234375
116,0.010284423828125,69.80459594726562
117,0.0095977783203125,69.81419372558594
118,0.00968170166015625,69.8238754272461
119,0.0093994140625,69.8332748413086
120,0.0093994140625,69.8426742553711
121,0.00888824462890625,69.8515625
122,0.00878143310546875,69.86034393310547
123,0.0081634521484375,69.8685073852539
124,0.00839996337890625,69.87690734863281
125,0.00775909423828125,69.8846664428711
126,0.007965087890625,69.89263153076172
127,0.00734710693359375,69.89997863769531
128,0.00743865966796875,69.90741729736328
129,0.0068817138671875,69.91429901123047
130,0.007152557373046875,69.92145156860352
131,0.00646209716796875,69.92791366577148
132,0.00662994384765625,69.93454360961914
133,0.006134033203125,69.94067764282227
134,0.006317138671875,69.94699478149414
135,0.00579833984375,69.95279312133789
136,0.005702972412109375,69.95849609375
137,0.0054931640625,69.9639892578125
138,0.0053863525390625,69.96937561035156
139,0.005207061767578125,69.97458267211914
140,0.005100250244140625,69.97968292236328
141,0.00489044189453125,69.98457336425781
142,0.00492095947265625,69.98949432373047
143,0.00466156005859375,69.99415588378906
144,0.004619598388671875,69.99877548217773
145,0.004390716552734375,70.00316619873047
146,0.00439453125,70.00756072998047
147,0.00418853759765625,70.01174926757812
148,0.004230499267578125,70.0159797668457
149,0.0039520263671875,70.01993179321289
150,0.00400543212890625,70.0239372253418
151,0.00374603271484375,70.02768325805664
152,0.0038623809814453125,70.03154563903809
153,0.0036182403564453125,70.03516387939453
154,0.00363922119140625,70.03880310058594
155,0.0033435821533203125,70.04214668273926
156,0.0034809112548828125,70.04562759399414
157,0.003192901611328125,70.04882049560547
158,0.0033016204833984375,70.05212211608887
159,0.00302886962890625,70.05515098571777
160,0.003139495849609375,70.05829048156738
161,0.0029010772705078125,70.06119155883789
162,0.002956390380859375,70.06414794921875
163,0.002742767333984375,70.06689071655273
164,0.0028667449951171875,70.06975746154785
165,0.0026569366455078125,70.07241439819336
166,0.002780914306640625,70.0751953125
167,0.00251007080078125,70.07770538330078
168,0.00257110595703125,70.08027648925781
169,0.0023822784423828125,70.0826587677002
170,0.002529144287109375,70.0851879119873
171,0.0023212432861328125,70.08750915527344
172,0.0024566650390625,70.0899658203125
173,0.002185821533203125,70.0921516418457
174,0.00226593017578125,70.09441757202148
175,0.0020771026611328125,70.09649467468262
176,0.002124786376953125,70.09861946105957
177,0.001987457275390625,70.10060691833496
178,0.0020427703857421875,70.1026496887207
179,0.0019025802612304688,70.10455226898193
180,0.0019350051879882812,70.10648727416992
181,0.0018024444580078125,70.10828971862793
182,0.0017290115356445312,70.11001873016357
183,0.0017414093017578125,70.11176013946533
184,0.0017747879028320312,70.11353492736816
185,0.0015993118286132812,70.11513423919678
186,0.0015354156494140625,70.11666965484619
187,0.001476287841796875,70.11814594268799
188,0.001407623291015625,70.119553565979
189,0.0013875961303710938,70.12094116210938
190,0.0013446807861328125,70.12228584289551
191,0.0013141632080078125,70.12360000610352
192,0.001293182373046875,70.12489318847656
193,0.0012750625610351562,70.1261682510376
194,0.001262664794921875,70.12743091583252
195,0.0012331008911132812,70.12866401672363
196,0.0012197494506835938,70.12988376617432
197,0.0012102127075195312,70.13109397888184
198,0.0011692047119140625,70.13226318359375
199,0.0011625289916992188,70.13342571258545
200,0.0011434555053710938,70.13456916809082
201,0.0011243820190429688,70.13569355010986
202,0.0011119842529296875,70.1368055343628
203,0.0011005401611328125,70.13790607452393
204,0.001079559326171875,70.1389856338501
205,0.00106048583984375,70.14004611968994
206,0.0010404586791992188,70.14108657836914
207,0.001026153564453125,70.1421127319336
208,0.0010175704956054688,70.1431303024292
209,0.0010004043579101562,70.14413070678711
210,0.0009965896606445312,70.14512729644775
