step,loss,cumulative_loss_sum
1,5.921875,5.921875
2,5.921875,11.84375
3,5.921875,17.765625
4,5.921875,23.6875
5,5.921875,29.609375
6,5.921875,35.53125
7,5.7109375,41.2421875
8,5.53515625,46.77734375
9,5.37109375,52.1484375
10,5.21875,57.3671875
11,5.0546875,62.421875
12,4.9140625,67.3359375
13,4.75,72.0859375
14,4.58203125,76.66796875
15,4.44140625,81.109375
16,4.30859375,85.41796875
17,4.1640625,89.58203125
18,4.0625,93.64453125
19,3.9609375,97.60546875
20,3.841796875,101.447265625
21,3.734375,105.181640625
22,3.63671875,108.818359375
23,3.51953125,112.337890625
24,3.40625,115.744140625
25,3.302734375,119.046875
26,3.203125,122.25
27,3.115234375,125.365234375
28,3.04296875,128.408203125
29,2.978515625,131.38671875
30,2.90625,134.29296875
31,2.83203125,137.125
32,2.748046875,139.873046875
33,2.685546875,142.55859375
34,2.603515625,145.162109375
35,2.513671875,147.67578125
36,2.453125,150.12890625
37,2.388671875,152.517578125
38,2.306640625,154.82421875
39,2.2421875,157.06640625
40,2.17578125,159.2421875
41,2.11328125,161.35546875
42,2.04296875,163.3984375
43,1.9873046875,165.3857421875
44,1.908203125,167.2939453125
45,1.8564453125,169.150390625
46,1.814453125,170.96484375
47,1.7744140625,172.7392578125
48,1.7314453125,174.470703125
49,1.69140625,176.162109375
50,1.6552734375,177.8173828125
51,1.6162109375,179.43359375
52,1.5791015625,181.0126953125
53,1.5546875,182.5673828125
54,1.5107421875,184.078125
55,1.4677734375,185.5458984375
56,1.4140625,186.9599609375
57,1.375,188.3349609375
58,1.33203125,189.6669921875
59,1.291015625,190.9580078125
60,1.259765625,192.2177734375
61,1.2197265625,193.4375
62,1.1826171875,194.6201171875
63,1.1630859375,195.783203125
64,1.1220703125,196.9052734375
65,1.09765625,198.0029296875
66,1.0712890625,199.07421875
67,1.05859375,200.1328125
68,1.0068359375,201.1396484375
69,0.98876953125,202.12841796875
70,0.95654296875,203.0849609375
71,0.93994140625,204.02490234375
72,0.90625,204.93115234375
73,0.87744140625,205.80859375
74,0.8603515625,206.6689453125
75,0.84130859375,207.51025390625
76,0.796875,208.30712890625
77,0.771484375,209.07861328125
78,0.75390625,209.83251953125
79,0.72900390625,210.5615234375
80,0.70849609375,211.27001953125
81,0.68896484375,211.958984375
82,0.6611328125,212.6201171875
83,0.6298828125,213.25
84,0.61328125,213.86328125
85,0.59521484375,214.45849609375
86,0.56689453125,215.025390625
87,0.546875,215.572265625
88,0.53369140625,216.10595703125
89,0.52001953125,216.6259765625
90,0.50341796875,217.12939453125
91,0.4833984375,217.61279296875
92,0.47216796875,218.0849609375
93,0.45751953125,218.54248046875
94,0.440673828125,218.983154296875
95,0.427001953125,219.41015625
96,0.41748046875,219.82763671875
97,0.407470703125,220.235107421875
98,0.39453125,220.629638671875
99,0.390380859375,221.02001953125
100,0.375244140625,221.395263671875
101,0.36962890625,221.764892578125
102,0.35009765625,222.114990234375
103,0.351318359375,222.46630859375
104,0.333740234375,222.800048828125
105,0.330810546875,223.130859375
106,0.314208984375,223.445068359375
107,0.314697265625,223.759765625
108,0.30029296875,224.06005859375
109,0.296875,224.35693359375
110,0.288330078125,224.645263671875
111,0.28271484375,224.927978515625
112,0.277099609375,225.205078125
113,0.27001953125,225.47509765625
114,0.26416015625,225.7392578125
115,0.25537109375,225.99462890625
116,0.2493896484375,226.2440185546875
117,0.239501953125,226.4835205078125
118,0.2386474609375,226.72216796875
119,0.2275390625,226.94970703125
120,0.2266845703125,227.1763916015625
121,0.2171630859375,227.3935546875
122,0.2158203125,227.609375
123,0.2078857421875,227.8172607421875
124,0.205322265625,228.0225830078125
125,0.1971435546875,228.2197265625
126,0.1947021484375,228.4144287109375
127,0.18896484375,228.6033935546875
128,0.1859130859375,228.789306640625
129,0.1807861328125,228.9700927734375
130,0.1766357421875,229.146728515625
131,0.173583984375,229.3203125
132,0.172607421875,229.492919921875
133,0.16650390625,229.659423828125
134,0.163330078125,229.82275390625
135,0.1588134765625,229.9815673828125
136,0.1571044921875,230.138671875
137,0.150634765625,230.289306640625
138,0.150146484375,230.439453125
139,0.1446533203125,230.5841064453125
140,0.14453125,230.7286376953125
141,0.139404296875,230.8680419921875
142,0.1375732421875,231.005615234375
143,0.132080078125,231.1376953125
144,0.1319580078125,231.2696533203125
145,0.1270751953125,231.396728515625
146,0.12451171875,231.521240234375
147,0.12115478515625,231.64239501953125
148,0.11907958984375,231.761474609375
149,0.11749267578125,231.87896728515625
150,0.11529541015625,231.9942626953125
151,0.11212158203125,232.10638427734375
152,0.11029052734375,232.2166748046875
153,0.10601806640625,232.32269287109375
154,0.10504150390625,232.427734375
155,0.10284423828125,232.53057861328125
156,0.10076904296875,232.63134765625
157,0.09771728515625,232.72906494140625
158,0.09649658203125,232.8255615234375
159,0.092529296875,232.9180908203125
160,0.09161376953125,233.00970458984375
161,0.08740234375,233.09710693359375
162,0.086669921875,233.18377685546875
163,0.08203125,233.26580810546875
164,0.08349609375,233.34930419921875
165,0.07879638671875,233.4281005859375
166,0.07830810546875,233.50640869140625
167,0.0755615234375,233.58197021484375
168,0.07501220703125,233.656982421875
169,0.07208251953125,233.72906494140625
170,0.0716552734375,233.80072021484375
171,0.06903076171875,233.8697509765625
172,0.06915283203125,233.93890380859375
173,0.06622314453125,234.005126953125
174,0.0655517578125,234.0706787109375
175,0.0633544921875,234.134033203125
176,0.062744140625,234.19677734375
177,0.060943603515625,234.25772094726562
178,0.06060791015625,234.31832885742188
179,0.05767822265625,234.37600708007812
180,0.057952880859375,234.4339599609375
181,0.0556640625,234.4896240234375
182,0.055877685546875,234.54550170898438
183,0.05352783203125,234.59902954101562
184,0.053619384765625,234.65264892578125
185,0.051666259765625,234.70431518554688
186,0.051116943359375,234.75543212890625
187,0.049468994140625,234.80490112304688
188,0.049072265625,234.85397338867188
189,0.047637939453125,234.901611328125
190,0.047088623046875,234.94869995117188
191,0.045074462890625,234.9937744140625
192,0.045257568359375,235.03903198242188
193,0.043426513671875,235.08245849609375
194,0.04339599609375,235.1258544921875
195,0.04168701171875,235.16754150390625
196,0.04144287109375,235.208984375
197,0.039794921875,235.248779296875
198,0.039947509765625,235.28872680664062
199,0.03802490234375,235.32675170898438
200,0.03802490234375,235.36477661132812
201,0.03631591796875,235.40109252929688
202,0.036773681640625,235.4378662109375
203,0.03485107421875,235.47271728515625
204,0.034912109375,235.50762939453125
205,0.033782958984375,235.54141235351562
206,0.033721923828125,235.57513427734375
207,0.0322265625,235.60736083984375
208,0.03228759765625,235.6396484375
209,0.03118896484375,235.67083740234375
210,0.03125,235.70208740234375
211,0.0299835205078125,235.73207092285156
212,0.03009033203125,235.7621612548828
213,0.0284576416015625,235.79061889648438
214,0.0283050537109375,235.8189239501953
215,0.02703857421875,235.84596252441406
216,0.02703857421875,235.8730010986328
217,0.02569580078125,235.89869689941406
218,0.025421142578125,235.9241180419922
219,0.0242156982421875,235.94833374023438
220,0.02386474609375,235.97219848632812
221,0.023162841796875,235.995361328125
222,0.0225067138671875,236.0178680419922
223,0.021697998046875,236.03956604003906
224,0.0209197998046875,236.06048583984375
225,0.020355224609375,236.08084106445312
226,0.02008056640625,236.10092163085938
227,0.0193023681640625,236.12022399902344
228,0.0191650390625,236.13938903808594
229,0.0184173583984375,236.15780639648438
230,0.0179443359375,236.17575073242188
231,0.017608642578125,236.193359375
232,0.017364501953125,236.21072387695312
233,0.01666259765625,236.22738647460938
234,0.016021728515625,236.243408203125
235,0.01561737060546875,236.25902557373047
236,0.01517486572265625,236.27420043945312
237,0.01507568359375,236.28927612304688
238,0.01473236083984375,236.30400848388672
239,0.0142059326171875,236.3182144165039
240,0.01367950439453125,236.33189392089844
241,0.0133056640625,236.34519958496094
242,0.01308441162109375,236.35828399658203
243,0.01263427734375,236.37091827392578
244,0.01229095458984375,236.38320922851562
245,0.01210784912109375,236.39531707763672
246,0.0118408203125,236.40715789794922
247,0.01158905029296875,236.4187469482422
248,0.0113983154296875,236.43014526367188
249,0.01117706298828125,236.44132232666016
250,0.01094818115234375,236.4522705078125
251,0.0106201171875,236.462890625
252,0.01055145263671875,236.47344207763672
253,0.0102996826171875,236.4837417602539
254,0.01013946533203125,236.49388122558594
255,0.00997161865234375,236.50385284423828
256,0.00978851318359375,236.51364135742188
257,0.00951385498046875,236.52315521240234
258,0.0093841552734375,236.53253936767578
259,0.0092010498046875,236.54174041748047
260,0.009002685546875,236.55074310302734
261,0.00878143310546875,236.5595245361328
262,0.0085906982421875,236.568115234375
263,0.00847625732421875,236.57659149169922
264,0.00836944580078125,236.5849609375
265,0.00827789306640625,236.5932388305664
266,0.00807952880859375,236.601318359375
267,0.00791168212890625,236.6092300415039
268,0.00774383544921875,236.61697387695312
269,0.00765228271484375,236.62462615966797
270,0.00743865966796875,236.63206481933594
271,0.007305145263671875,236.6393699645996
272,0.00714111328125,236.64651107788086
273,0.007053375244140625,236.653564453125
274,0.00695037841796875,236.66051483154297
275,0.00678253173828125,236.66729736328125
276,0.006725311279296875,236.67402267456055
277,0.006511688232421875,236.68053436279297
278,0.00638580322265625,236.68692016601562
279,0.006229400634765625,236.6931495666504
280,0.006023406982421875,236.6991729736328
281,0.00592041015625,236.70509338378906
282,0.005786895751953125,236.71088027954102
283,0.005672454833984375,236.716552734375
284,0.005573272705078125,236.72212600708008
285,0.005489349365234375,236.7276153564453
286,0.00536346435546875,236.73297882080078
287,0.005298614501953125,236.73827743530273
288,0.005176544189453125,236.7434539794922
289,0.005107879638671875,236.74856185913086
290,0.00501251220703125,236.7535743713379
291,0.0049591064453125,236.7585334777832
292,0.00489044189453125,236.76342391967773
293,0.00476837158203125,236.76819229125977
294,0.0047149658203125,236.77290725708008
295,0.004611968994140625,236.77751922607422
296,0.00455474853515625,236.78207397460938
297,0.0045166015625,236.78659057617188
298,0.004451751708984375,236.79104232788086
299,0.00433349609375,236.7953758239746
300,0.0043182373046875,236.7996940612793
301,0.00424957275390625,236.8039436340332
302,0.004177093505859375,236.80812072753906
303,0.00408172607421875,236.81220245361328
304,0.00403594970703125,236.8162384033203
305,0.003986358642578125,236.8202247619629
306,0.003925323486328125,236.82415008544922
307,0.003864288330078125,236.8280143737793
308,0.003814697265625,236.83182907104492
309,0.0037593841552734375,236.8355884552002
310,0.0037078857421875,236.83929634094238
311,0.0036678314208984375,236.84296417236328
312,0.0035915374755859375,236.84655570983887
313,0.0035572052001953125,236.85011291503906
314,0.0034999847412109375,236.85361289978027
315,0.0034637451171875,236.85707664489746
316,0.0034389495849609375,236.86051559448242
317,0.0033779144287109375,236.86389350891113
318,0.0033588409423828125,236.86725234985352
319,0.0033092498779296875,236.87056159973145
320,0.0032825469970703125,236.87384414672852
321,0.003223419189453125,236.87706756591797
322,0.003204345703125,236.8802719116211
323,0.00315093994140625,236.8834228515625
324,0.0031070709228515625,236.88652992248535
325,0.0030765533447265625,236.88960647583008
326,0.0030670166015625,236.89267349243164
327,0.0030078887939453125,236.8956813812256
328,0.0029850006103515625,236.89866638183594
329,0.0029392242431640625,236.9016056060791
330,0.002910614013671875,236.90451622009277
331,0.002880096435546875,236.90739631652832
332,0.0028667449951171875,236.91026306152344
333,0.0028247833251953125,236.91308784484863
334,0.002803802490234375,236.91589164733887
335,0.002765655517578125,236.91865730285645
336,0.0027484893798828125,236.92140579223633
337,0.0027217864990234375,236.92412757873535
338,0.00270843505859375,236.92683601379395
339,0.002689361572265625,236.9295253753662
340,0.0026454925537109375,236.93217086791992
341,0.0026264190673828125,236.9347972869873
342,0.0026111602783203125,236.93740844726562
343,0.00257110595703125,236.93997955322266
344,0.002552032470703125,236.94253158569336
345,0.002521514892578125,236.94505310058594
346,0.002498626708984375,236.94755172729492
347,0.002498626708984375,236.9500503540039
348,0.0024700164794921875,236.9525203704834
349,0.00244903564453125,236.95496940612793
350,0.0024261474609375,236.95739555358887
351,0.002422332763671875,236.95981788635254
352,0.0023937225341796875,236.96221160888672
353,0.0023708343505859375,236.9645824432373
354,0.00235748291015625,236.96693992614746
355,0.0023193359375,236.96925926208496
356,0.0023059844970703125,236.97156524658203
357,0.0022830963134765625,236.9738483428955
358,0.0022602081298828125,236.9761085510254
359,0.00225067138671875,236.9783592224121
360,0.00222015380859375,236.9805793762207
361,0.00220489501953125,236.98278427124023
362,0.0021877288818359375,236.98497200012207
363,0.0021800994873046875,236.98715209960938
364,0.002155303955078125,236.98930740356445
365,0.002147674560546875,236.991455078125
366,0.0021343231201171875,236.99358940124512
367,0.0020999908447265625,236.99568939208984
368,0.002094268798828125,236.99778366088867
369,0.0020771026611328125,236.9998607635498
370,0.002056121826171875,237.00191688537598
371,0.002040863037109375,237.0039577484131
372,0.0020198822021484375,237.00597763061523
373,0.0020122528076171875,237.00798988342285
374,0.001995086669921875,237.00998497009277
375,0.00196075439453125,237.0119457244873
376,0.001964569091796875,237.0139102935791
377,0.0019435882568359375,237.01585388183594
378,0.0019311904907226562,237.01778507232666
379,0.0019140243530273438,237.0196990966797
380,0.0019121170043945312,237.02161121368408
381,0.0018987655639648438,237.02350997924805
382,0.00186920166015625,237.0253791809082
383,0.001857757568359375,237.02723693847656
384,0.00185394287109375,237.02909088134766
385,0.0018301010131835938,237.03092098236084
386,0.0018396377563476562,237.0327606201172
387,0.0018186569213867188,237.03457927703857
388,0.00179290771484375,237.03637218475342
389,0.0017824172973632812,237.03815460205078
390,0.0017690658569335938,237.03992366790771
391,0.0017566680908203125,237.04168033599854
392,0.001743316650390625,237.04342365264893
393,0.001739501953125,237.04516315460205
394,0.0017232894897460938,237.0468864440918
395,0.0017185211181640625,237.04860496520996
396,0.0016994476318359375,237.0503044128418
397,0.0016965866088867188,237.05200099945068
398,0.0016851425170898438,237.05368614196777
399,0.001678466796875,237.05536460876465
400,0.0016632080078125,237.05702781677246
401,0.0016489028930664062,237.05867671966553
402,0.0016393661499023438,237.06031608581543
403,0.0016393661499023438,237.06195545196533
404,0.0016145706176757812,237.063570022583
405,0.001605987548828125,237.06517601013184
406,0.0016050338745117188,237.06678104400635
407,0.001598358154296875,237.06837940216064
408,0.0015916824340820312,237.06997108459473
409,0.0015745162963867188,237.0715456008911
410,0.0015726089477539062,237.07311820983887
411,0.001560211181640625,237.0746784210205
412,0.00154876708984375,237.07622718811035
413,0.0015249252319335938,237.07775211334229
414,0.0015277862548828125,237.07927989959717
415,0.0015172958374023438,237.08079719543457
416,0.0015077590942382812,237.0823049545288
417,0.001506805419921875,237.08381175994873
418,0.0014982223510742188,237.0853099822998
419,0.0014886856079101562,237.08679866790771
420,0.00148773193359375,237.0882863998413
421,0.0014791488647460938,237.08976554870605
422,0.0014638900756835938,237.09122943878174
423,0.00146484375,237.09269428253174
424,0.001461029052734375,237.09415531158447
425,0.0014495849609375,237.0956048965454
426,0.0014390945434570312,237.09704399108887
427,0.001430511474609375,237.09847450256348
428,0.0014295578002929688,237.09990406036377
429,0.001422882080078125,237.10132694244385
430,0.00141143798828125,237.10273838043213
431,0.0013980865478515625,237.10413646697998
432,0.0014019012451171875,237.1055383682251
433,0.0013828277587890625,237.1069211959839
434,0.0013828277587890625,237.10830402374268
435,0.0013790130615234375,237.1096830368042
436,0.0013704299926757812,237.11105346679688
437,0.0013608932495117188,237.1124143600464
438,0.0013523101806640625,237.11376667022705
439,0.0013446807861328125,237.11511135101318
440,0.0013370513916015625,237.11644840240479
441,0.0013294219970703125,237.11777782440186
442,0.0013294219970703125,237.11910724639893
443,0.0013284683227539062,237.12043571472168
444,0.0013179779052734375,237.12175369262695
445,0.0013103485107421875,237.1230640411377
446,0.00130462646484375,237.12436866760254
447,0.0012989044189453125,237.12566757202148
448,0.0012950897216796875,237.12696266174316
449,0.0012836456298828125,237.12824630737305
450,0.0012845993041992188,237.12953090667725
451,0.0012807846069335938,237.13081169128418
452,0.001270294189453125,237.13208198547363
453,0.0012664794921875,237.13334846496582
454,0.0012569427490234375,237.13460540771484
455,0.0012559890747070312,237.13586139678955
456,0.0012569427490234375,237.13711833953857
457,0.001247406005859375,237.13836574554443
458,0.0012388229370117188,237.13960456848145
459,0.001232147216796875,237.14083671569824
460,0.0012292861938476562,237.1420660018921
461,0.0012302398681640625,237.14329624176025
462,0.0012140274047851562,237.14451026916504
463,0.0012054443359375,237.14571571350098
464,0.0012044906616210938,237.1469202041626
465,0.0012063980102539062,237.14812660217285
466,0.0011930465698242188,237.14931964874268
467,0.0011892318725585938,237.15050888061523
468,0.0011816024780273438,237.15169048309326
469,0.00118255615234375,237.1528730392456
470,0.0011816024780273438,237.15405464172363
471,0.0011768341064453125,237.15523147583008
472,0.0011730194091796875,237.15640449523926
473,0.0011625289916992188,237.15756702423096
474,0.0011529922485351562,237.1587200164795
475,0.00115966796875,237.15987968444824
476,0.0011548995971679688,237.1610345840454
477,0.0011463165283203125,237.16218090057373
478,0.0011453628540039062,237.16332626342773
479,0.0011396408081054688,237.16446590423584
480,0.0011281967163085938,237.16559410095215
481,0.001132965087890625,237.16672706604004
482,0.0011196136474609375,237.1678466796875
483,0.0011167526245117188,237.168963432312
484,0.0011110305786132812,237.17007446289062
485,0.0011119842529296875,237.17118644714355
486,0.0011081695556640625,237.17229461669922
487,0.0010957717895507812,237.17339038848877
488,0.0010852813720703125,237.17447566986084
489,0.0010919570922851562,237.17556762695312
490,0.0010843276977539062,237.17665195465088
491,0.001087188720703125,237.17773914337158
492,0.0010786056518554688,237.17881774902344
493,0.001068115234375,237.1798858642578
494,0.0010623931884765625,237.1809482574463
495,0.0010652542114257812,237.18201351165771
496,0.0010623931884765625,237.1830759048462
497,0.0010519027709960938,237.1841278076172
498,0.0010509490966796875,237.18517875671387
499,0.0010395050048828125,237.18621826171875
500,0.0010423660278320312,237.18726062774658
501,0.0010366439819335938,237.18829727172852
502,0.0010290145874023438,237.18932628631592
503,0.0010280609130859375,237.190354347229
504,0.0010290145874023438,237.1913833618164
505,0.0010290145874023438,237.1924123764038
506,0.00101470947265625,237.19342708587646
507,0.0010137557983398438,237.1944408416748
508,0.001007080078125,237.19544792175293
509,0.0010089874267578125,237.1964569091797
510,0.00099945068359375,237.19745635986328
