step,loss,cumulative_loss_sum
1,1.056640625,1.056640625
2,1.056640625,2.11328125
3,1.056640625,3.169921875
4,1.056640625,4.2265625
5,1.056640625,5.283203125
6,1.056640625,6.33984375
7,0.9736328125,7.3134765625
8,0.90673828125,8.22021484375
9,0.8408203125,9.06103515625
10,0.78857421875,9.849609375
11,0.7373046875,10.5869140625
12,0.6923828125,11.279296875
13,0.6591796875,11.9384765625
14,0.630859375,12.5693359375
15,0.59912109375,13.16845703125
16,0.56982421875,13.73828125
17,0.5439453125,14.2822265625
18,0.52001953125,14.80224609375
19,0.5,15.30224609375
20,0.47998046875,15.7822265625
21,0.45947265625,16.24169921875
22,0.4345703125,16.67626953125
23,0.417236328125,17.093505859375
24,0.392578125,17.486083984375
25,0.371826171875,17.85791015625
26,0.358154296875,18.216064453125
27,0.345458984375,18.5615234375
28,0.330810546875,18.892333984375
29,0.31640625,19.208740234375
30,0.30517578125,19.513916015625
31,0.293701171875,19.8076171875
32,0.279296875,20.0869140625
33,0.266357421875,20.353271484375
34,0.251953125,20.605224609375
35,0.242431640625,20.84765625
36,0.2337646484375,21.0814208984375
37,0.2271728515625,21.30859375
38,0.218994140625,21.527587890625
39,0.208251953125,21.73583984375
40,0.2017822265625,21.9376220703125
41,0.1968994140625,22.134521484375
42,0.191650390625,22.326171875
43,0.1849365234375,22.5111083984375
44,0.1805419921875,22.691650390625
45,0.1728515625,22.864501953125
46,0.16796875,23.032470703125
47,0.162841796875,23.1953125
48,0.158935546875,23.354248046875
49,0.1536865234375,23.5079345703125
50,0.1492919921875,23.6572265625
51,0.142822265625,23.800048828125
52,0.1397705078125,23.9398193359375
53,0.135009765625,24.0748291015625
54,0.1318359375,24.2066650390625
55,0.1258544921875,24.33251953125
56,0.12164306640625,24.45416259765625
57,0.1165771484375,24.57073974609375
58,0.1126708984375,24.68341064453125
59,0.10980224609375,24.793212890625
60,0.106689453125,24.89990234375
61,0.10296630859375,25.00286865234375
62,0.0985107421875,25.10137939453125
63,0.094970703125,25.19635009765625
64,0.092529296875,25.28887939453125
65,0.08819580078125,25.3770751953125
66,0.084716796875,25.4617919921875
67,0.0809326171875,25.542724609375
68,0.07720947265625,25.61993408203125
69,0.07440185546875,25.6943359375
70,0.07147216796875,25.76580810546875
71,0.06939697265625,25.835205078125
72,0.06817626953125,25.90338134765625
73,0.06512451171875,25.968505859375
74,0.0625,26.031005859375
75,0.0609130859375,26.0919189453125
76,0.0594482421875,26.1513671875
77,0.05731201171875,26.20867919921875
78,0.056060791015625,26.264739990234375
79,0.054473876953125,26.3192138671875
80,0.053436279296875,26.372650146484375
81,0.05108642578125,26.423736572265625
82,0.0496826171875,26.473419189453125
83,0.0496826171875,26.523101806640625
84,0.047271728515625,26.57037353515625
85,0.047210693359375,26.617584228515625
86,0.04559326171875,26.663177490234375
87,0.04443359375,26.707611083984375
88,0.04345703125,26.751068115234375
89,0.041961669921875,26.79302978515625
90,0.040069580078125,26.833099365234375
91,0.038421630859375,26.87152099609375
92,0.036529541015625,26.908050537109375
93,0.034759521484375,26.94281005859375
94,0.033111572265625,26.975921630859375
95,0.031707763671875,27.00762939453125
96,0.029876708984375,27.037506103515625
97,0.0284423828125,27.065948486328125
98,0.02734375,27.093292236328125
99,0.02606201171875,27.119354248046875
100,0.0244140625,27.143768310546875
101,0.0230560302734375,27.166824340820312
102,0.021820068359375,27.188644409179688
103,0.0207061767578125,27.2093505859375
104,0.0196533203125,27.22900390625
105,0.0187225341796875,27.247726440429688
106,0.017791748046875,27.265518188476562
107,0.0169219970703125,27.282440185546875
108,0.016021728515625,27.2984619140625
109,0.01505279541015625,27.313514709472656
110,0.0142364501953125,27.32775115966797
111,0.0133209228515625,27.34107208251953
112,0.01287078857421875,27.35394287109375
113,0.01218414306640625,27.366127014160156
114,0.0117034912109375,27.377830505371094
115,0.01087188720703125,27.388702392578125
116,0.01032257080078125,27.399024963378906
117,0.00977325439453125,27.408798217773438
118,0.00902557373046875,27.417823791503906
119,0.00855255126953125,27.426376342773438
120,0.00823211669921875,27.434608459472656
121,0.007843017578125,27.44245147705078
122,0.0076141357421875,27.45006561279297
123,0.00730133056640625,27.457366943359375
124,0.0071868896484375,27.464553833007812
125,0.006771087646484375,27.471324920654297
126,0.006526947021484375,27.47785186767578
127,0.006229400634765625,27.484081268310547
128,0.006130218505859375,27.490211486816406
129,0.005741119384765625,27.495952606201172
130,0.005615234375,27.501567840576172
131,0.005340576171875,27.506908416748047
132,0.00518035888671875,27.512088775634766
133,0.005046844482421875,27.517135620117188
134,0.004917144775390625,27.522052764892578
135,0.004817962646484375,27.526870727539062
136,0.0045623779296875,27.53143310546875
137,0.0045013427734375,27.535934448242188
138,0.0043487548828125,27.540283203125
139,0.0042572021484375,27.544540405273438
140,0.00409698486328125,27.54863739013672
141,0.00409698486328125,27.552734375
142,0.003955841064453125,27.556690216064453
143,0.0038433074951171875,27.56053352355957
144,0.0037403106689453125,27.564273834228516
145,0.0036773681640625,27.567951202392578
146,0.003589630126953125,27.57154083251953
147,0.0034732818603515625,27.575014114379883
148,0.0034236907958984375,27.57843780517578
149,0.003353118896484375,27.581790924072266
150,0.0032978057861328125,27.5850887298584
151,0.003231048583984375,27.588319778442383
152,0.00319671630859375,27.591516494750977
153,0.00313568115234375,27.59465217590332
154,0.0030803680419921875,27.597732543945312
155,0.0030364990234375,27.60076904296875
156,0.0029811859130859375,27.603750228881836
157,0.0029239654541015625,27.606674194335938
158,0.0028858184814453125,27.609560012817383
159,0.00284576416015625,27.61240577697754
160,0.0027790069580078125,27.615184783935547
161,0.0027294158935546875,27.6179141998291
162,0.00270843505859375,27.620622634887695
163,0.0026683807373046875,27.623291015625
164,0.002635955810546875,27.625926971435547
165,0.00258636474609375,27.62851333618164
166,0.00254058837890625,27.631053924560547
167,0.0025310516357421875,27.63358497619629
168,0.0024890899658203125,27.63607406616211
169,0.00243377685546875,27.638507843017578
170,0.002422332763671875,27.64093017578125
171,0.0023860931396484375,27.6433162689209
172,0.0023517608642578125,27.645668029785156
173,0.0023174285888671875,27.647985458374023
174,0.00226593017578125,27.650251388549805
175,0.00225067138671875,27.652502059936523
176,0.0022182464599609375,27.654720306396484
177,0.0022029876708984375,27.656923294067383
178,0.00217437744140625,27.65909767150879
179,0.00214385986328125,27.66124153137207
180,0.0021305084228515625,27.663372039794922
181,0.0020999908447265625,27.66547203063965
182,0.002079010009765625,27.667551040649414
183,0.0020503997802734375,27.669601440429688
184,0.002017974853515625,27.671619415283203
185,0.00200653076171875,27.673625946044922
186,0.001987457275390625,27.675613403320312
187,0.0019664764404296875,27.677579879760742
188,0.00193023681640625,27.67951011657715
189,0.0019168853759765625,27.681427001953125
190,0.0019092559814453125,27.68333625793457
191,0.0018949508666992188,27.68523120880127
192,0.0018568038940429688,27.687088012695312
193,0.0018367767333984375,27.68892478942871
194,0.0018215179443359375,27.690746307373047
195,0.0017948150634765625,27.692541122436523
196,0.0017824172973632812,27.694323539733887
197,0.0017633438110351562,27.696086883544922
198,0.0017452239990234375,27.697832107543945
199,0.0017223358154296875,27.699554443359375
200,0.0017042160034179688,27.701258659362793
201,0.0017032623291015625,27.702961921691895
202,0.001682281494140625,27.704644203186035
203,0.0016574859619140625,27.70630168914795
204,0.00164031982421875,27.707942008972168
205,0.0016317367553710938,27.70957374572754
206,0.001613616943359375,27.7111873626709
207,0.0016002655029296875,27.712787628173828
208,0.0015897750854492188,27.714377403259277
209,0.0015716552734375,27.715949058532715
210,0.0015497207641601562,27.717498779296875
211,0.0015439987182617188,27.719042778015137
212,0.001529693603515625,27.720572471618652
213,0.0015134811401367188,27.72208595275879
214,0.001491546630859375,27.72357749938965
215,0.0014801025390625,27.72505760192871
216,0.0014629364013671875,27.726520538330078
217,0.0014657974243164062,27.727986335754395
218,0.00144195556640625,27.7294282913208
219,0.0014314651489257812,27.730859756469727
220,0.0014162063598632812,27.73227596282959
221,0.0013952255249023438,27.733671188354492
222,0.001392364501953125,27.735063552856445
223,0.0013780593872070312,27.736441612243652
224,0.0013723373413085938,27.73781394958496
225,0.0013532638549804688,27.73916721343994
226,0.0013456344604492188,27.74051284790039
227,0.0013322830200195312,27.74184513092041
228,0.0013132095336914062,27.7431583404541
229,0.0013065338134765625,27.744464874267578
230,0.0012979507446289062,27.745762825012207
231,0.0012874603271484375,27.747050285339355
232,0.0012798309326171875,27.748330116271973
233,0.0012645721435546875,27.749594688415527
234,0.0012559890747070312,27.750850677490234
235,0.001247406005859375,27.752098083496094
236,0.00124359130859375,27.753341674804688
237,0.0012340545654296875,27.754575729370117
238,0.0012216567993164062,27.755797386169434
239,0.0012111663818359375,27.75700855255127
240,0.0012035369873046875,27.758212089538574
241,0.00119781494140625,27.75940990447998
242,0.001186370849609375,27.76059627532959
243,0.0011777877807617188,27.76177406311035
244,0.0011644363403320312,27.762938499450684
245,0.0011615753173828125,27.764100074768066
246,0.00115203857421875,27.765252113342285
247,0.0011396408081054688,27.76639175415039
248,0.00113677978515625,27.767528533935547
249,0.0011262893676757812,27.768654823303223
250,0.0011205673217773438,27.769775390625
251,0.0011157989501953125,27.770891189575195
252,0.001110076904296875,27.772001266479492
253,0.001102447509765625,27.773103713989258
254,0.0010929107666015625,27.77419662475586
255,0.0010814666748046875,27.775278091430664
256,0.0010814666748046875,27.77635955810547
257,0.0010814666748046875,27.777441024780273
258,0.0010662078857421875,27.778507232666016
259,0.001064300537109375,27.779571533203125
260,0.0010623931884765625,27.7806339263916
261,0.0010557174682617188,27.781689643859863
262,0.0010499954223632812,27.782739639282227
263,0.0010423660278320312,27.78378200531006
264,0.0010328292846679688,27.784814834594727
265,0.0010290145874023438,27.78584384918213
266,0.0010204315185546875,27.786864280700684
267,0.00101470947265625,27.78787899017334
268,0.0010061264038085938,27.78888511657715
269,0.001003265380859375,27.789888381958008
270,0.000995635986328125,27.790884017944336
