step,loss,cumulative_loss_sum
1,4.57421875,4.57421875
2,4.57421875,9.1484375
3,4.57421875,13.72265625
4,4.57421875,18.296875
5,4.57421875,22.87109375
6,4.57421875,27.4453125
7,4.57421875,32.01953125
8,4.18359375,36.203125
9,3.662109375,39.865234375
10,3.662109375,43.52734375
11,2.896484375,46.423828125
12,2.486328125,48.91015625
13,2.01953125,50.9296875
14,1.7119140625,52.6416015625
15,2.015625,54.6572265625
16,2.015625,56.6728515625
17,1.625,58.2978515625
18,1.724609375,60.0224609375
19,1.505859375,61.5283203125
20,1.5537109375,63.08203125
21,1.4189453125,64.5009765625
22,1.357421875,65.8583984375
23,1.326171875,67.1845703125
24,1.208984375,68.3935546875
25,1.1328125,69.5263671875
26,1.126953125,70.6533203125
27,1.048828125,71.7021484375
28,1.0322265625,72.734375
29,0.91796875,73.65234375
30,0.9677734375,74.6201171875
31,0.875,75.4951171875
32,0.98291015625,76.47802734375
33,0.8193359375,77.29736328125
34,0.91064453125,78.2080078125
35,0.787109375,78.9951171875
36,0.80859375,79.8037109375
37,0.73779296875,80.54150390625
38,0.75927734375,81.30078125
39,0.70458984375,82.00537109375
40,0.6982421875,82.70361328125
41,0.65673828125,83.3603515625
42,0.634765625,83.9951171875
43,0.59228515625,84.58740234375
44,0.546875,85.13427734375
45,0.56689453125,85.701171875
46,0.5146484375,86.2158203125
47,0.51708984375,86.73291015625
48,0.490966796875,87.223876953125
49,0.47900390625,87.702880859375
50,0.466064453125,88.1689453125
51,0.446044921875,88.614990234375
52,0.43798828125,89.052978515625
53,0.435791015625,89.48876953125
54,0.4140625,89.90283203125
55,0.429931640625,90.332763671875
56,0.4052734375,90.738037109375
57,0.39404296875,91.132080078125
58,0.39404296875,91.526123046875
59,0.369140625,91.895263671875
60,0.39013671875,92.285400390625
61,0.357177734375,92.642578125
62,0.36865234375,93.01123046875
63,0.344970703125,93.356201171875
64,0.3447265625,93.700927734375
65,0.329345703125,94.0302734375
66,0.327392578125,94.357666015625
67,0.3173828125,94.675048828125
68,0.320068359375,94.9951171875
69,0.299560546875,95.294677734375
70,0.3056640625,95.600341796875
71,0.290771484375,95.89111328125
72,0.301513671875,96.192626953125
73,0.281982421875,96.474609375
74,0.287109375,96.76171875
75,0.27392578125,97.03564453125
76,0.271240234375,97.306884765625
77,0.260498046875,97.5673828125
78,0.260498046875,97.827880859375
79,0.25341796875,98.081298828125
80,0.2529296875,98.334228515625
81,0.2498779296875,98.5841064453125
82,0.244873046875,98.8289794921875
83,0.2330322265625,99.06201171875
84,0.2337646484375,99.2957763671875
85,0.229248046875,99.5250244140625
86,0.2264404296875,99.75146484375
87,0.2164306640625,99.9678955078125
88,0.22119140625,100.1890869140625
89,0.2042236328125,100.393310546875
90,0.212158203125,100.60546875
91,0.19921875,100.8046875
92,0.2000732421875,101.0047607421875
93,0.2083740234375,101.213134765625
94,0.1864013671875,101.3995361328125
95,0.197998046875,101.5975341796875
96,0.1851806640625,101.78271484375
97,0.1923828125,101.97509765625
98,0.1802978515625,102.1553955078125
99,0.1793212890625,102.334716796875
100,0.1728515625,102.507568359375
101,0.177001953125,102.6845703125
102,0.165283203125,102.849853515625
103,0.1796875,103.029541015625
104,0.159912109375,103.189453125
105,0.1593017578125,103.3487548828125
106,0.157958984375,103.5067138671875
107,0.160400390625,103.6671142578125
108,0.150390625,103.8175048828125
109,0.1458740234375,103.96337890625
110,0.1502685546875,104.1136474609375
111,0.136474609375,104.2501220703125
112,0.1434326171875,104.3935546875
113,0.1307373046875,104.5242919921875
114,0.1336669921875,104.657958984375
115,0.15380859375,104.811767578125
116,0.1273193359375,104.9390869140625
117,0.1241455078125,105.063232421875
118,0.125,105.188232421875
119,0.1478271484375,105.3360595703125
120,0.1160888671875,105.4521484375
121,0.1060791015625,105.5582275390625
122,0.1087646484375,105.6669921875
123,0.108154296875,105.775146484375
124,0.09844970703125,105.87359619140625
125,0.10455322265625,105.9781494140625
126,0.0966796875,106.0748291015625
127,0.08941650390625,106.16424560546875
128,0.0947265625,106.25897216796875
129,0.0885009765625,106.34747314453125
130,0.08837890625,106.43585205078125
131,0.0843505859375,106.52020263671875
132,0.0858154296875,106.60601806640625
133,0.0811767578125,106.68719482421875
134,0.08282470703125,106.77001953125
135,0.07958984375,106.849609375
136,0.07904052734375,106.92864990234375
137,0.0804443359375,107.00909423828125
138,0.0743408203125,107.08343505859375
139,0.074462890625,107.15789794921875
140,0.07177734375,107.22967529296875
141,0.0693359375,107.29901123046875
142,0.071044921875,107.37005615234375
143,0.06866455078125,107.438720703125
144,0.067626953125,107.50634765625
145,0.06500244140625,107.57135009765625
146,0.06500244140625,107.6363525390625
147,0.062042236328125,107.69839477539062
148,0.064453125,107.76284790039062
149,0.0587158203125,107.82156372070312
150,0.062225341796875,107.8837890625
151,0.05706787109375,107.94085693359375
152,0.0576171875,107.99847412109375
153,0.08953857421875,108.0880126953125
154,0.05401611328125,108.14202880859375
155,0.06622314453125,108.208251953125
156,0.05511474609375,108.26336669921875
157,0.0543212890625,108.31768798828125
158,0.053192138671875,108.37088012695312
159,0.058013916015625,108.42889404296875
160,0.049835205078125,108.47872924804688
161,0.05670166015625,108.53543090820312
162,0.04840087890625,108.58383178710938
163,0.05133056640625,108.63516235351562
164,0.047607421875,108.68276977539062
165,0.06683349609375,108.74960327148438
166,0.044403076171875,108.79400634765625
167,0.052581787109375,108.84658813476562
168,0.044891357421875,108.8914794921875
169,0.047607421875,108.9390869140625
170,0.04315185546875,108.98223876953125
171,0.0458984375,109.02813720703125
172,0.0426025390625,109.07073974609375
173,0.044281005859375,109.11502075195312
174,0.0416259765625,109.15664672851562
175,0.042816162109375,109.199462890625
176,0.040985107421875,109.24044799804688
177,0.040771484375,109.28121948242188
178,0.04034423828125,109.32156372070312
179,0.040283203125,109.36184692382812
180,0.038818359375,109.40066528320312
181,0.042022705078125,109.44268798828125
182,0.0382080078125,109.48089599609375
183,0.042388916015625,109.52328491210938
184,0.035797119140625,109.55908203125
185,0.038299560546875,109.59738159179688
186,0.035247802734375,109.63262939453125
187,0.038543701171875,109.67117309570312
188,0.035308837890625,109.70648193359375
189,0.036407470703125,109.74288940429688
190,0.03466796875,109.77755737304688
191,0.03350830078125,109.81106567382812
192,0.035736083984375,109.8468017578125
193,0.03167724609375,109.87847900390625
194,0.033538818359375,109.91201782226562
195,0.031463623046875,109.9434814453125
196,0.033721923828125,109.97720336914062
197,0.03173828125,110.00894165039062
198,0.0293121337890625,110.03825378417969
199,0.032470703125,110.07072448730469
200,0.030059814453125,110.10078430175781
201,0.031341552734375,110.13212585449219
202,0.0299072265625,110.16203308105469
203,0.0285491943359375,110.19058227539062
204,0.0287628173828125,110.21934509277344
205,0.0303497314453125,110.24969482421875
206,0.0277099609375,110.27740478515625
207,0.02862548828125,110.3060302734375
208,0.0267486572265625,110.33277893066406
209,0.0276641845703125,110.36044311523438
210,0.02685546875,110.38729858398438
211,0.0264892578125,110.41378784179688
212,0.0257110595703125,110.43949890136719
213,0.024627685546875,110.46412658691406
214,0.0255126953125,110.48963928222656
215,0.0253448486328125,110.51498413085938
216,0.02471923828125,110.53970336914062
217,0.0245208740234375,110.56422424316406
218,0.023040771484375,110.58726501464844
219,0.02410888671875,110.61137390136719
220,0.029541015625,110.64091491699219
221,0.0217437744140625,110.66265869140625
222,0.0231475830078125,110.68580627441406
223,0.023712158203125,110.70951843261719
224,0.0220184326171875,110.73153686523438
225,0.022705078125,110.75424194335938
226,0.0216064453125,110.77584838867188
227,0.0223388671875,110.79818725585938
228,0.0212249755859375,110.81941223144531
229,0.02166748046875,110.84107971191406
230,0.021209716796875,110.86228942871094
231,0.021331787109375,110.88362121582031
232,0.0204315185546875,110.904052734375
233,0.0208587646484375,110.92491149902344
234,0.020355224609375,110.94526672363281
235,0.0203857421875,110.96565246582031
236,0.01995849609375,110.98561096191406
237,0.0201416015625,111.00575256347656
238,0.018951416015625,111.02470397949219
239,0.033111572265625,111.05781555175781
240,0.01751708984375,111.07533264160156
241,0.021026611328125,111.09635925292969
242,0.018035888671875,111.11439514160156
243,0.0166473388671875,111.13104248046875
244,0.01763916015625,111.148681640625
245,0.017425537109375,111.16610717773438
246,0.01751708984375,111.18362426757812
247,0.0168914794921875,111.20051574707031
248,0.0168609619140625,111.21737670898438
249,0.016876220703125,111.2342529296875
250,0.0162506103515625,111.25050354003906
251,0.016387939453125,111.26689147949219
252,0.016143798828125,111.28303527832031
253,0.0157928466796875,111.298828125
254,0.0158233642578125,111.31465148925781
255,0.0159454345703125,111.33059692382812
256,0.01502227783203125,111.34561920166016
257,0.01526641845703125,111.36088562011719
258,0.014862060546875,111.37574768066406
259,0.0150604248046875,111.39080810546875
260,0.013946533203125,111.40475463867188
261,0.01456451416015625,111.41931915283203
262,0.01355743408203125,111.43287658691406
263,0.014312744140625,111.44718933105469
264,0.0133056640625,111.46049499511719
265,0.01482391357421875,111.4753189086914
266,0.0131988525390625,111.48851776123047
267,0.01227569580078125,111.50079345703125
268,0.0121917724609375,111.51298522949219
269,0.0142059326171875,111.52719116210938
270,0.01165771484375,111.53884887695312
271,0.0130157470703125,111.55186462402344
272,0.01134490966796875,111.5632095336914
273,0.01430511474609375,111.5775146484375
274,0.01165008544921875,111.58916473388672
275,0.01244354248046875,111.60160827636719
276,0.0118865966796875,111.61349487304688
277,0.01142120361328125,111.62491607666016
278,0.0115814208984375,111.6364974975586
279,0.01105499267578125,111.64755249023438
280,0.01139068603515625,111.65894317626953
281,0.0108795166015625,111.6698226928711
282,0.010528564453125,111.68035125732422
283,0.01102447509765625,111.69137573242188
284,0.01021575927734375,111.70159149169922
285,0.010589599609375,111.7121810913086
286,0.00988006591796875,111.72206115722656
287,0.010833740234375,111.73289489746094
288,0.010101318359375,111.74299621582031
289,0.01041412353515625,111.75341033935547
290,0.01068115234375,111.76409149169922
291,0.01004791259765625,111.77413940429688
292,0.01007080078125,111.78421020507812
293,0.0103302001953125,111.79454040527344
294,0.009979248046875,111.80451965332031
295,0.00981903076171875,111.81433868408203
296,0.00928497314453125,111.82362365722656
297,0.01043701171875,111.83406066894531
298,0.00885772705078125,111.8429183959961
299,0.015289306640625,111.85820770263672
300,0.008575439453125,111.86678314208984
301,0.009063720703125,111.87584686279297
302,0.00939178466796875,111.88523864746094
303,0.00858306884765625,111.8938217163086
304,0.00897216796875,111.90279388427734
305,0.00841522216796875,111.91120910644531
306,0.0087890625,111.91999816894531
307,0.0081939697265625,111.92819213867188
308,0.00881195068359375,111.93700408935547
309,0.00792694091796875,111.94493103027344
310,0.00835418701171875,111.95328521728516
311,0.007671356201171875,111.96095657348633
312,0.0081329345703125,111.96908950805664
313,0.00783538818359375,111.97692489624023
314,0.0077362060546875,111.98466110229492
315,0.00722503662109375,111.99188613891602
316,0.007678985595703125,111.99956512451172
317,0.00836944580078125,112.0079345703125
318,0.007228851318359375,112.01516342163086
319,0.007617950439453125,112.02278137207031
320,0.007251739501953125,112.03003311157227
321,0.007137298583984375,112.03717041015625
322,0.007686614990234375,112.04485702514648
323,0.006465911865234375,112.05132293701172
324,0.007266998291015625,112.05858993530273
325,0.007778167724609375,112.06636810302734
326,0.006763458251953125,112.0731315612793
327,0.006885528564453125,112.08001708984375
328,0.00653839111328125,112.08655548095703
329,0.00689697265625,112.09345245361328
330,0.006378173828125,112.0998306274414
331,0.00649261474609375,112.1063232421875
332,0.006542205810546875,112.11286544799805
333,0.006374359130859375,112.1192398071289
334,0.00611114501953125,112.12535095214844
335,0.01331329345703125,112.13866424560547
336,0.005889892578125,112.1445541381836
337,0.006275177001953125,112.15082931518555
338,0.005901336669921875,112.15673065185547
339,0.0056915283203125,112.16242218017578
340,0.00611114501953125,112.16853332519531
341,0.005687713623046875,112.17422103881836
342,0.005672454833984375,112.17989349365234
343,0.006267547607421875,112.18616104125977
344,0.00537109375,112.19153213500977
345,0.0054779052734375,112.1970100402832
346,0.005466461181640625,112.20247650146484
347,0.018585205078125,112.22106170654297
348,0.0052032470703125,112.22626495361328
349,0.005764007568359375,112.23202896118164
350,0.005096435546875,112.23712539672852
351,0.008209228515625,112.24533462524414
352,0.00482177734375,112.25015640258789
353,0.006626129150390625,112.25678253173828
354,0.006359100341796875,112.26314163208008
355,0.004833221435546875,112.26797485351562
356,0.00582122802734375,112.27379608154297
357,0.00464630126953125,112.2784423828125
358,0.0051727294921875,112.28361511230469
359,0.0045928955078125,112.2882080078125
360,0.00487518310546875,112.29308319091797
361,0.004505157470703125,112.29758834838867
362,0.004974365234375,112.30256271362305
363,0.00447845458984375,112.30704116821289
364,0.00463104248046875,112.31167221069336
365,0.004669189453125,112.31634140014648
366,0.004322052001953125,112.32066345214844
367,0.004459381103515625,112.32512283325195
368,0.00444793701171875,112.32957077026367
369,0.004261016845703125,112.33383178710938
370,0.004650115966796875,112.33848190307617
371,0.004077911376953125,112.34255981445312
372,0.0045928955078125,112.34715270996094
373,0.0040435791015625,112.3511962890625
374,0.003704071044921875,112.35490036010742
375,0.0038738250732421875,112.35877418518066
376,0.004207611083984375,112.36298179626465
377,0.004425048828125,112.36740684509277
378,0.00402069091796875,112.37142753601074
379,0.004138946533203125,112.37556648254395
380,0.003887176513671875,112.37945365905762
381,0.003871917724609375,112.38332557678223
382,0.0038738250732421875,112.38719940185547
383,0.0037670135498046875,112.39096641540527
384,0.00388336181640625,112.39484977722168
385,0.0036869049072265625,112.3985366821289
386,0.0037975311279296875,112.40233421325684
387,0.003696441650390625,112.40603065490723
388,0.0036411285400390625,112.40967178344727
389,0.003582000732421875,112.41325378417969
390,0.0035533905029296875,112.41680717468262
391,0.0034465789794921875,112.42025375366211
392,0.0034656524658203125,112.42371940612793
393,0.0033626556396484375,112.42708206176758
394,0.00341796875,112.43050003051758
395,0.0033111572265625,112.43381118774414
396,0.00313568115234375,112.43694686889648
397,0.005573272705078125,112.44252014160156
398,0.0031490325927734375,112.44566917419434
399,0.0032958984375,112.44896507263184
400,0.0030956268310546875,112.45206069946289
401,0.003063201904296875,112.45512390136719
402,0.00301361083984375,112.45813751220703
403,0.006748199462890625,112.46488571166992
404,0.002887725830078125,112.4677734375
405,0.003803253173828125,112.47157669067383
406,0.002899169921875,112.4744758605957
407,0.0031108856201171875,112.47758674621582
408,0.0033130645751953125,112.48089981079102
409,0.00286865234375,112.48376846313477
410,0.0029544830322265625,112.48672294616699
411,0.0029048919677734375,112.48962783813477
412,0.0030879974365234375,112.49271583557129
413,0.0027599334716796875,112.49547576904297
414,0.00376129150390625,112.49923706054688
415,0.002780914306640625,112.50201797485352
416,0.0026760101318359375,112.50469398498535
417,0.002826690673828125,112.50752067565918
418,0.0026645660400390625,112.51018524169922
419,0.002468109130859375,112.51265335083008
420,0.0027675628662109375,112.51542091369629
421,0.0029582977294921875,112.51837921142578
422,0.002559661865234375,112.52093887329102
423,0.0027713775634765625,112.52371025085449
424,0.0025386810302734375,112.52624893188477
425,0.00260162353515625,112.52885055541992
426,0.0025501251220703125,112.53140068054199
427,0.002471923828125,112.53387260437012
428,0.002544403076171875,112.53641700744629
429,0.002422332763671875,112.53883934020996
430,0.00255584716796875,112.54139518737793
431,0.002384185791015625,112.54377937316895
432,0.002544403076171875,112.54632377624512
433,0.002323150634765625,112.54864692687988
434,0.002414703369140625,112.55106163024902
435,0.00228118896484375,112.55334281921387
436,0.0024700164794921875,112.55581283569336
437,0.0022373199462890625,112.55805015563965
438,0.0021457672119140625,112.56019592285156
439,0.0023288726806640625,112.56252479553223
440,0.002262115478515625,112.56478691101074
441,0.002292633056640625,112.56707954406738
442,0.0021514892578125,112.5692310333252
443,0.0020542144775390625,112.57128524780273
444,0.0021762847900390625,112.57346153259277
445,0.0021381378173828125,112.57559967041016
446,0.001918792724609375,112.57751846313477
447,0.0018987655639648438,112.57941722869873
448,0.0019521713256835938,112.58136940002441
449,0.00225830078125,112.58362770080566
450,0.00238037109375,112.58600807189941
451,0.00194549560546875,112.58795356750488
452,0.0021228790283203125,112.5900764465332
453,0.0019426345825195312,112.59201908111572
454,0.0021152496337890625,112.59413433074951
455,0.0019063949584960938,112.59604072570801
456,0.002071380615234375,112.59811210632324
457,0.0019073486328125,112.60001945495605
458,0.0020580291748046875,112.60207748413086
459,0.0018768310546875,112.60395431518555
460,0.0019741058349609375,112.60592842102051
461,0.0018548965454101562,112.60778331756592
462,0.0019330978393554688,112.60971641540527
463,0.001819610595703125,112.61153602600098
464,0.0019121170043945312,112.61344814300537
465,0.0017976760864257812,112.6152458190918
466,0.0016765594482421875,112.61692237854004
467,0.0017004013061523438,112.61862277984619
468,0.00160980224609375,112.62023258209229
469,0.0015802383422851562,112.62181282043457
470,0.0015745162963867188,112.62338733673096
471,0.0016908645629882812,112.62507820129395
472,0.0015649795532226562,112.62664318084717
473,0.0015592575073242188,112.62820243835449
474,0.0015888214111328125,112.62979125976562
475,0.0016489028930664062,112.63144016265869
476,0.0014934539794921875,112.63293361663818
477,0.0014848709106445312,112.63441848754883
478,0.0015048980712890625,112.63592338562012
479,0.0016355514526367188,112.63755893707275
480,0.0016012191772460938,112.63916015625
481,0.0017347335815429688,112.64089488983154
482,0.001483917236328125,112.64237880706787
483,0.0014390945434570312,112.64381790161133
484,0.001453399658203125,112.64527130126953
485,0.0013751983642578125,112.64664649963379
486,0.0013570785522460938,112.64800357818604
487,0.0013513565063476562,112.64935493469238
488,0.0014352798461914062,112.65079021453857
489,0.00136566162109375,112.65215587615967
490,0.00147247314453125,112.6536283493042
491,0.0013341903686523438,112.65496253967285
492,0.0013427734375,112.65630531311035
493,0.0014123916625976562,112.65771770477295
494,0.00164031982421875,112.65935802459717
495,0.0013952255249023438,112.66075325012207
496,0.001369476318359375,112.66212272644043
497,0.001247406005859375,112.66337013244629
498,0.0012464523315429688,112.66461658477783
499,0.0012769699096679688,112.6658935546875
500,0.001354217529296875,112.6672477722168
501,0.0012540817260742188,112.66850185394287
502,0.00122833251953125,112.6697301864624
503,0.0012683868408203125,112.67099857330322
504,0.0013027191162109375,112.67230129241943
505,0.0011949539184570312,112.67349624633789
506,0.0011968612670898438,112.67469310760498
507,0.0012645721435546875,112.67595767974854
508,0.0011663436889648438,112.6771240234375
509,0.0011730194091796875,112.67829704284668
510,0.0011768341064453125,112.67947387695312
511,0.0012359619140625,112.68070983886719
512,0.0011358261108398438,112.68184566497803
513,0.0011196136474609375,112.68296527862549
514,0.001140594482421875,112.68410587310791
515,0.0011453628540039062,112.68525123596191
516,0.0011606216430664062,112.68641185760498
517,0.0011386871337890625,112.68755054473877
518,0.001171112060546875,112.68872165679932
519,0.0010852813720703125,112.68980693817139
520,0.0011434555053710938,112.69095039367676
521,0.0010700225830078125,112.69202041625977
522,0.0010700225830078125,112.69309043884277
523,0.0010824203491210938,112.6941728591919
524,0.0010881423950195312,112.69526100158691
525,0.0010881423950195312,112.69634914398193
526,0.0011043548583984375,112.69745349884033
527,0.0010633468627929688,112.69851684570312
528,0.0010614395141601562,112.69957828521729
529,0.0010528564453125,112.7006311416626
530,0.001071929931640625,112.70170307159424
531,0.0010166168212890625,112.70271968841553
532,0.0010309219360351562,112.70375061035156
533,0.0010166168212890625,112.70476722717285
534,0.0010366439819335938,112.70580387115479
535,0.0009937286376953125,112.70679759979248
