step,loss,cumulative_loss_sum
1,1.91015625,1.91015625
2,1.91015625,3.8203125
3,1.91015625,5.73046875
4,1.91015625,7.640625
5,1.91015625,9.55078125
6,1.8251953125,11.3759765625
7,1.7548828125,13.130859375
8,1.6845703125,14.8154296875
9,1.61328125,16.4287109375
10,1.5478515625,17.9765625
11,1.490234375,19.466796875
12,1.4306640625,20.8974609375
13,1.37109375,22.2685546875
14,1.322265625,23.5908203125
15,1.275390625,24.8662109375
16,1.2236328125,26.08984375
17,1.177734375,27.267578125
18,1.130859375,28.3984375
19,1.083984375,29.482421875
20,1.037109375,30.51953125
21,0.9912109375,31.5107421875
22,0.94775390625,32.45849609375
23,0.91064453125,33.369140625
24,0.8720703125,34.2412109375
25,0.841796875,35.0830078125
26,0.81005859375,35.89306640625
27,0.77978515625,36.6728515625
28,0.75048828125,37.42333984375
29,0.72216796875,38.1455078125
30,0.69677734375,38.84228515625
31,0.671875,39.51416015625
32,0.6484375,40.16259765625
33,0.625,40.78759765625
34,0.60302734375,41.390625
35,0.58203125,41.97265625
36,0.5595703125,42.5322265625
37,0.54248046875,43.07470703125
38,0.52197265625,43.5966796875
39,0.50537109375,44.10205078125
40,0.487548828125,44.589599609375
41,0.469970703125,45.0595703125
42,0.45361328125,45.51318359375
43,0.438232421875,45.951416015625
44,0.423095703125,46.37451171875
45,0.40966796875,46.7841796875
46,0.395263671875,47.179443359375
47,0.38330078125,47.562744140625
48,0.3671875,47.929931640625
49,0.355224609375,48.28515625
50,0.34130859375,48.62646484375
51,0.328125,48.95458984375
52,0.31787109375,49.2724609375
53,0.30419921875,49.57666015625
54,0.294189453125,49.870849609375
55,0.28369140625,50.154541015625
56,0.272216796875,50.4267578125
57,0.263916015625,50.690673828125
58,0.2548828125,50.945556640625
59,0.245849609375,51.19140625
60,0.236328125,51.427734375
61,0.2281494140625,51.6558837890625
62,0.219970703125,51.8758544921875
63,0.212890625,52.0887451171875
64,0.203857421875,52.2926025390625
65,0.1973876953125,52.489990234375
66,0.18896484375,52.678955078125
67,0.180419921875,52.859375
68,0.1737060546875,53.0330810546875
69,0.16650390625,53.1995849609375
70,0.1602783203125,53.35986328125
71,0.1534423828125,53.5133056640625
72,0.14697265625,53.6602783203125
73,0.140380859375,53.8006591796875
74,0.1346435546875,53.935302734375
75,0.12890625,54.064208984375
76,0.12286376953125,54.18707275390625
77,0.11798095703125,54.3050537109375
78,0.11199951171875,54.41705322265625
79,0.10693359375,54.52398681640625
80,0.1024169921875,54.62640380859375
81,0.09814453125,54.72454833984375
82,0.093017578125,54.81756591796875
83,0.0888671875,54.90643310546875
84,0.08489990234375,54.9913330078125
85,0.08056640625,55.0718994140625
86,0.07708740234375,55.14898681640625
87,0.07330322265625,55.2222900390625
88,0.0693359375,55.2916259765625
89,0.0662841796875,55.35791015625
90,0.06304931640625,55.42095947265625
91,0.059783935546875,55.480743408203125
92,0.05645751953125,55.537200927734375
93,0.053253173828125,55.5904541015625
94,0.0509033203125,55.641357421875
95,0.048065185546875,55.689422607421875
96,0.0458984375,55.735321044921875
97,0.043212890625,55.778533935546875
98,0.040802001953125,55.8193359375
99,0.03875732421875,55.85809326171875
100,0.036834716796875,55.894927978515625
101,0.03485107421875,55.929779052734375
102,0.032958984375,55.962738037109375
103,0.03106689453125,55.993804931640625
104,0.0292510986328125,56.02305603027344
105,0.02764892578125,56.05070495605469
106,0.0259552001953125,56.07666015625
107,0.024627685546875,56.101287841796875
108,0.023223876953125,56.12451171875
109,0.021942138671875,56.146453857421875
110,0.0206146240234375,56.16706848144531
111,0.0193023681640625,56.186370849609375
112,0.018096923828125,56.2044677734375
113,0.0169677734375,56.221435546875
114,0.016082763671875,56.237518310546875
115,0.01502227783203125,56.252540588378906
116,0.0142364501953125,56.26677703857422
117,0.0134735107421875,56.280250549316406
118,0.01264190673828125,56.29289245605469
119,0.01216888427734375,56.30506134033203
120,0.01154327392578125,56.31660461425781
121,0.010986328125,56.32759094238281
122,0.0105438232421875,56.338134765625
123,0.01003265380859375,56.348167419433594
124,0.00959014892578125,56.357757568359375
125,0.00917816162109375,56.36693572998047
126,0.0088958740234375,56.375831604003906
127,0.0085296630859375,56.384361267089844
128,0.0082855224609375,56.39264678955078
129,0.00803375244140625,56.40068054199219
130,0.0077056884765625,56.40838623046875
131,0.007511138916015625,56.415897369384766
132,0.007251739501953125,56.42314910888672
133,0.00707244873046875,56.43022155761719
134,0.006816864013671875,56.43703842163086
135,0.006618499755859375,56.44365692138672
136,0.00644683837890625,56.450103759765625
137,0.0063629150390625,56.45646667480469
138,0.006103515625,56.46257019042969
139,0.00589752197265625,56.468467712402344
140,0.005786895751953125,56.4742546081543
141,0.005657196044921875,56.47991180419922
142,0.005535125732421875,56.48544692993164
143,0.00537872314453125,56.49082565307617
144,0.005268096923828125,56.49609375
145,0.0051727294921875,56.50126647949219
146,0.005054473876953125,56.50632095336914
147,0.004940032958984375,56.511260986328125
148,0.0048370361328125,56.51609802246094
149,0.004764556884765625,56.5208625793457
150,0.004627227783203125,56.525489807128906
151,0.004566192626953125,56.53005599975586
152,0.0045013427734375,56.5345573425293
153,0.004405975341796875,56.538963317871094
154,0.0042877197265625,56.543251037597656
155,0.004230499267578125,56.547481536865234
156,0.004154205322265625,56.5516357421875
157,0.004077911376953125,56.55571365356445
158,0.00400543212890625,56.55971908569336
159,0.003936767578125,56.563655853271484
160,0.0039005279541015625,56.567556381225586
161,0.00382232666015625,56.57137870788574
162,0.0037555694580078125,56.57513427734375
163,0.003692626953125,56.578826904296875
164,0.0036563873291015625,56.58248329162598
165,0.00359344482421875,56.586076736450195
166,0.003543853759765625,56.58962059020996
167,0.003490447998046875,56.59311103820801
168,0.0034351348876953125,56.5965461730957
169,0.0033893585205078125,56.59993553161621
170,0.0033473968505859375,56.6032829284668
171,0.0032939910888671875,56.606576919555664
172,0.003261566162109375,56.60983848571777
173,0.0032100677490234375,56.6130485534668
174,0.00313568115234375,56.61618423461914
175,0.0031261444091796875,56.61931037902832
176,0.00307464599609375,56.622385025024414
177,0.0030231475830078125,56.62540817260742
178,0.0029964447021484375,56.62840461730957
179,0.002956390380859375,56.63136100769043
180,0.00292205810546875,56.6342830657959
181,0.0028629302978515625,56.63714599609375
182,0.002857208251953125,56.6400032043457
183,0.0028057098388671875,56.64280891418457
184,0.00279998779296875,56.64560890197754
185,0.0027523040771484375,56.64836120605469
186,0.0027179718017578125,56.651079177856445
187,0.002689361572265625,56.65376853942871
188,0.0026645660400390625,56.65643310546875
189,0.002635955810546875,56.6590690612793
190,0.002582550048828125,56.661651611328125
191,0.0025653839111328125,56.66421699523926
192,0.0025463104248046875,56.66676330566406
193,0.002498626708984375,56.66926193237305
194,0.00249481201171875,56.671756744384766
195,0.00244903564453125,56.6742057800293
196,0.002429962158203125,56.6766357421875
197,0.002414703369140625,56.67905044555664
198,0.0024013519287109375,56.68145179748535
199,0.002368927001953125,56.683820724487305
200,0.00234222412109375,56.6861629486084
201,0.0023174285888671875,56.688480377197266
202,0.002300262451171875,56.69078063964844
203,0.002269744873046875,56.693050384521484
204,0.002254486083984375,56.69530487060547
205,0.002216339111328125,56.6975212097168
206,0.0021953582763671875,56.699716567993164
207,0.002185821533203125,56.70190238952637
208,0.002178192138671875,56.70408058166504
209,0.0021343231201171875,56.706214904785156
210,0.002140045166015625,56.70835494995117
211,0.002109527587890625,56.71046447753906
212,0.0020923614501953125,56.71255683898926
213,0.0020732879638671875,56.714630126953125
214,0.0020542144775390625,56.716684341430664
215,0.0020599365234375,56.7187442779541
216,0.0020351409912109375,56.72077941894531
217,0.002010345458984375,56.7227897644043
218,0.0019893646240234375,56.72477912902832
219,0.001964569091796875,56.72674369812012
220,0.0019464492797851562,56.7286901473999
221,0.00194549560546875,56.73063564300537
222,0.0019283294677734375,56.732563972473145
223,0.0019006729125976562,56.73446464538574
224,0.0018835067749023438,56.736348152160645
225,0.0018606185913085938,56.73820877075195
226,0.001861572265625,56.74007034301758
227,0.0018434524536132812,56.74191379547119
228,0.0018215179443359375,56.74373531341553
229,0.0017938613891601562,56.74552917480469
230,0.0017957687377929688,56.74732494354248
231,0.0017786026000976562,56.74910354614258
232,0.0017576217651367188,56.750861167907715
233,0.001758575439453125,56.75261974334717
234,0.001743316650390625,56.75436305999756
235,0.001739501953125,56.756102561950684
236,0.0017004013061523438,56.757802963256836
237,0.00170135498046875,56.759504318237305
238,0.0016813278198242188,56.76118564605713
239,0.0016870498657226562,56.76287269592285
240,0.00167083740234375,56.764543533325195
241,0.00167083740234375,56.76621437072754
242,0.0016527175903320312,56.76786708831787
243,0.0016269683837890625,56.76949405670166
244,0.0016145706176757812,56.771108627319336
245,0.0016164779663085938,56.772725105285645
246,0.0015974044799804688,56.774322509765625
247,0.0015735626220703125,56.775896072387695
248,0.00157928466796875,56.777475357055664
249,0.001556396484375,56.77903175354004
250,0.0015659332275390625,56.78059768676758
251,0.0015316009521484375,56.78212928771973
252,0.0015306472778320312,56.78365993499756
253,0.0015192031860351562,56.785179138183594
254,0.001514434814453125,56.78669357299805
255,0.0014963150024414062,56.78818988800049
256,0.0014820098876953125,56.789671897888184
257,0.0014791488647460938,56.79115104675293
258,0.00146484375,56.79261589050293
259,0.0014657974243164062,56.794081687927246
260,0.0014476776123046875,56.79552936553955
261,0.001430511474609375,56.79695987701416
262,0.0014181137084960938,56.798377990722656
263,0.0014047622680664062,56.79978275299072
264,0.0014047622680664062,56.80118751525879
265,0.0013866424560546875,56.802574157714844
266,0.001392364501953125,56.8039665222168
267,0.0013895034790039062,56.8053560256958
268,0.0013751983642578125,56.80673122406006
269,0.0013551712036132812,56.80808639526367
270,0.0013628005981445312,56.809449195861816
271,0.0013418197631835938,56.810791015625
272,0.001323699951171875,56.81211471557617
273,0.001331329345703125,56.813446044921875
274,0.001312255859375,56.81475830078125
275,0.001316070556640625,56.81607437133789
276,0.0012960433959960938,56.81737041473389
277,0.0012826919555664062,56.81865310668945
278,0.0012807846069335938,56.81993389129639
279,0.0012845993041992188,56.821218490600586
280,0.0012722015380859375,56.82249069213867
281,0.001255035400390625,56.82374572753906
282,0.00125885009765625,56.82500457763672
283,0.001239776611328125,56.82624435424805
284,0.001247406005859375,56.827491760253906
285,0.00122833251953125,56.82872009277344
286,0.001232147216796875,56.829952239990234
287,0.0012140274047851562,56.83116626739502
288,0.0012025833129882812,56.83236885070801
289,0.0012025833129882812,56.833571434020996
290,0.0011882781982421875,56.83475971221924
291,0.0011949539184570312,56.835954666137695
292,0.0011730194091796875,56.837127685546875
293,0.0011749267578125,56.83830261230469
294,0.0011577606201171875,56.839460372924805
295,0.0011434555053710938,56.840603828430176
296,0.0011615753173828125,56.84176540374756
297,0.0011510848999023438,56.84291648864746
298,0.0011358261108398438,56.8440523147583
299,0.0011224746704101562,56.84517478942871
300,0.0011272430419921875,56.8463020324707
301,0.0011119842529296875,56.84741401672363
302,0.0011129379272460938,56.84852695465088
303,0.0010967254638671875,56.849623680114746
304,0.0010957717895507812,56.8507194519043
305,0.0010862350463867188,56.851805686950684
306,0.0010938644409179688,56.8528995513916
307,0.0010747909545898438,56.85397434234619
308,0.0010776519775390625,56.85505199432373
309,0.001064300537109375,56.85611629486084
310,0.0010614395141601562,56.857177734375
311,0.0010499954223632812,56.85822772979736
312,0.0010528564453125,56.859280586242676
313,0.0010557174682617188,56.86033630371094
314,0.0010433197021484375,56.861379623413086
315,0.0010242462158203125,56.862403869628906
316,0.0010242462158203125,56.86342811584473
317,0.0010118484497070312,56.864439964294434
318,0.0010175704956054688,56.86545753479004
319,0.00101470947265625,56.866472244262695
320,0.0010242462158203125,56.867496490478516
321,0.0010023117065429688,56.86849880218506
322,0.0009937286376953125,56.869492530822754
