step,loss,cumulative_loss_sum
1,5.28125,5.28125
2,5.28125,10.5625
3,5.28125,15.84375
4,5.28125,21.125
5,5.28125,26.40625
6,5.28125,31.6875
7,5.078125,36.765625
8,4.8828125,41.6484375
9,4.6796875,46.328125
10,4.48046875,50.80859375
11,4.28515625,55.09375
12,4.078125,59.171875
13,4.078125,63.25
14,3.890625,67.140625
15,3.6796875,70.8203125
16,3.482421875,74.302734375
17,3.279296875,77.58203125
18,3.103515625,80.685546875
19,2.931640625,83.6171875
20,2.783203125,86.400390625
21,2.64453125,89.044921875
22,2.515625,91.560546875
23,2.40234375,93.962890625
24,2.306640625,96.26953125
25,2.20703125,98.4765625
26,2.119140625,100.595703125
27,2.029296875,102.625
28,1.9501953125,104.5751953125
29,1.8603515625,106.435546875
30,1.7900390625,108.2255859375
31,1.7119140625,109.9375
32,1.6435546875,111.5810546875
33,1.5791015625,113.16015625
34,1.5166015625,114.6767578125
35,1.45703125,116.1337890625
36,1.396484375,117.5302734375
37,1.349609375,118.8798828125
38,1.2900390625,120.169921875
39,1.240234375,121.41015625
40,1.1953125,122.60546875
41,1.13671875,123.7421875
42,1.0927734375,124.8349609375
43,1.05078125,125.8857421875
44,1.005859375,126.8916015625
45,0.96435546875,127.85595703125
46,0.9248046875,128.78076171875
47,0.8876953125,129.66845703125
48,0.85693359375,130.525390625
49,0.8232421875,131.3486328125
50,0.79052734375,132.13916015625
51,0.75244140625,132.8916015625
52,0.7265625,133.6181640625
53,0.697265625,134.3154296875
54,0.66943359375,134.98486328125
55,0.638671875,135.62353515625
56,0.60986328125,136.2333984375
57,0.57763671875,136.81103515625
58,0.54931640625,137.3603515625
59,0.5244140625,137.884765625
60,0.49462890625,138.37939453125
61,0.46630859375,138.845703125
62,0.442138671875,139.287841796875
63,0.41845703125,139.706298828125
64,0.39306640625,140.099365234375
65,0.369140625,140.468505859375
66,0.3486328125,140.817138671875
67,0.328369140625,141.1455078125
68,0.3115234375,141.45703125
69,0.29296875,141.75
70,0.27587890625,142.02587890625
71,0.2626953125,142.28857421875
72,0.2469482421875,142.5355224609375
73,0.2335205078125,142.76904296875
74,0.2230224609375,142.9920654296875
75,0.208984375,143.2010498046875
76,0.19775390625,143.3988037109375
77,0.18603515625,143.5848388671875
78,0.1759033203125,143.7607421875
79,0.166259765625,143.927001953125
80,0.156005859375,144.0830078125
81,0.1463623046875,144.2293701171875
82,0.137939453125,144.3673095703125
83,0.13037109375,144.4976806640625
84,0.12310791015625,144.62078857421875
85,0.115966796875,144.73675537109375
86,0.1094970703125,144.84625244140625
87,0.10418701171875,144.950439453125
88,0.09893798828125,145.04937744140625
89,0.0933837890625,145.14276123046875
90,0.08935546875,145.23211669921875
91,0.0855712890625,145.31768798828125
92,0.081298828125,145.39898681640625
93,0.07720947265625,145.4761962890625
94,0.0732421875,145.5494384765625
95,0.0701904296875,145.61962890625
96,0.067138671875,145.686767578125
97,0.06341552734375,145.75018310546875
98,0.06072998046875,145.8109130859375
99,0.05755615234375,145.86846923828125
100,0.054656982421875,145.92312622070312
101,0.051971435546875,145.97509765625
102,0.04925537109375,146.02435302734375
103,0.046173095703125,146.07052612304688
104,0.044189453125,146.11471557617188
105,0.041900634765625,146.1566162109375
106,0.039337158203125,146.19595336914062
107,0.037261962890625,146.23321533203125
108,0.0350341796875,146.26824951171875
109,0.033172607421875,146.30142211914062
110,0.031097412109375,146.33251953125
111,0.0295562744140625,146.36207580566406
112,0.0279388427734375,146.3900146484375
113,0.02642822265625,146.41644287109375
114,0.0246734619140625,146.4411163330078
115,0.0235748291015625,146.46469116210938
116,0.0220794677734375,146.4867706298828
117,0.0211029052734375,146.50787353515625
118,0.01983642578125,146.5277099609375
119,0.01885986328125,146.54656982421875
120,0.01763916015625,146.564208984375
121,0.016845703125,146.5810546875
122,0.0160369873046875,146.5970916748047
123,0.0151824951171875,146.61227416992188
124,0.014404296875,146.62667846679688
125,0.01366424560546875,146.64034271240234
126,0.0128936767578125,146.65323638916016
127,0.01239013671875,146.6656265258789
128,0.011749267578125,146.67737579345703
129,0.01119232177734375,146.68856811523438
130,0.01078033447265625,146.69934844970703
131,0.01039886474609375,146.70974731445312
132,0.01000213623046875,146.7197494506836
133,0.0096435546875,146.7293930053711
134,0.0093536376953125,146.7387466430664
135,0.0090789794921875,146.7478256225586
136,0.008758544921875,146.75658416748047
137,0.008544921875,146.76512908935547
138,0.00830841064453125,146.7734375
139,0.008056640625,146.781494140625
140,0.00788116455078125,146.78937530517578
141,0.00771331787109375,146.79708862304688
142,0.007534027099609375,146.80462265014648
143,0.007274627685546875,146.81189727783203
144,0.00711822509765625,146.8190155029297
145,0.006961822509765625,146.82597732543945
146,0.0068206787109375,146.8327980041504
147,0.006626129150390625,146.83942413330078
148,0.006439208984375,146.84586334228516
149,0.006305694580078125,146.85216903686523
150,0.006168365478515625,146.85833740234375
151,0.006046295166015625,146.86438369750977
152,0.0059051513671875,146.87028884887695
153,0.005779266357421875,146.87606811523438
154,0.00565338134765625,146.88172149658203
155,0.00557708740234375,146.88729858398438
156,0.00550079345703125,146.8927993774414
157,0.00537872314453125,146.89817810058594
158,0.00531768798828125,146.90349578857422
159,0.00519561767578125,146.90869140625
160,0.00511932373046875,146.91381072998047
161,0.005039215087890625,146.91884994506836
162,0.0049285888671875,146.92377853393555
163,0.004863739013671875,146.92864227294922
164,0.004756927490234375,146.93339920043945
165,0.004695892333984375,146.93809509277344
166,0.00463104248046875,146.9427261352539
167,0.0045623779296875,146.9472885131836
168,0.00446319580078125,146.95175170898438
169,0.004398345947265625,146.95615005493164
170,0.00437164306640625,146.96052169799805
171,0.004276275634765625,146.9647979736328
172,0.004241943359375,146.9690399169922
173,0.004154205322265625,146.97319412231445
174,0.004093170166015625,146.97728729248047
175,0.00403594970703125,146.9813232421875
176,0.003978729248046875,146.98530197143555
177,0.00391387939453125,146.98921585083008
178,0.00386810302734375,146.99308395385742
179,0.0038299560546875,146.9969139099121
180,0.00377655029296875,147.00069046020508
181,0.0037288665771484375,147.00441932678223
182,0.0036468505859375,147.00806617736816
183,0.00362396240234375,147.0116901397705
184,0.0035991668701171875,147.01528930664062
185,0.0035190582275390625,147.01880836486816
186,0.0034732818603515625,147.02228164672852
187,0.00342559814453125,147.02570724487305
188,0.003406524658203125,147.02911376953125
189,0.0033588409423828125,147.03247261047363
190,0.0033054351806640625,147.0357780456543
191,0.00328826904296875,147.03906631469727
192,0.00323486328125,147.04230117797852
193,0.0032138824462890625,147.0455150604248
194,0.0031890869140625,147.04870414733887
195,0.003147125244140625,147.051851272583
196,0.003101348876953125,147.05495262145996
197,0.0030803680419921875,147.05803298950195
198,0.003017425537109375,147.06105041503906
199,0.0029926300048828125,147.06404304504395
200,0.0029754638671875,147.06701850891113
201,0.00293731689453125,147.06995582580566
202,0.0028972625732421875,147.0728530883789
203,0.002872467041015625,147.07572555541992
204,0.0028553009033203125,147.07858085632324
205,0.002834320068359375,147.0814151763916
206,0.00279998779296875,147.08421516418457
207,0.002773284912109375,147.08698844909668
208,0.00275421142578125,147.08974266052246
209,0.002716064453125,147.0924587249756
210,0.0026798248291015625,147.0951385498047
211,0.002643585205078125,147.09778213500977
212,0.002643585205078125,147.10042572021484
213,0.00262451171875,147.1030502319336
214,0.002590179443359375,147.10564041137695
215,0.0025691986083984375,147.10820960998535
216,0.0025501251220703125,147.11075973510742
217,0.0025157928466796875,147.1132755279541
218,0.0025005340576171875,147.11577606201172
219,0.0024662017822265625,147.11824226379395
220,0.0024433135986328125,147.12068557739258
221,0.0024280548095703125,147.12311363220215
222,0.002410888671875,147.12552452087402
223,0.0023746490478515625,147.12789916992188
224,0.0023632049560546875,147.13026237487793
225,0.0023403167724609375,147.1326026916504
226,0.0023250579833984375,147.1349277496338
227,0.0023097991943359375,147.13723754882812
228,0.0022945404052734375,147.1395320892334
229,0.00228118896484375,147.14181327819824
230,0.0022430419921875,147.14405632019043
231,0.0022430419921875,147.14629936218262
232,0.0021953582763671875,147.14849472045898
233,0.0021800994873046875,147.1506748199463
234,0.0021820068359375,147.15285682678223
235,0.0021514892578125,147.15500831604004
236,0.002132415771484375,147.15714073181152
237,0.0021076202392578125,147.15924835205078
238,0.002086639404296875,147.16133499145508
239,0.002086639404296875,147.16342163085938
240,0.0020732879638671875,147.16549491882324
241,0.002044677734375,147.16753959655762
242,0.0020313262939453125,147.16957092285156
243,0.002017974853515625,147.17158889770508
244,0.00200653076171875,147.1735954284668
245,0.00199127197265625,147.17558670043945
246,0.0019741058349609375,147.1775608062744
247,0.00196075439453125,147.17952156066895
248,0.001949310302734375,147.18147087097168
249,0.001922607421875,147.18339347839355
250,0.0019216537475585938,147.1853151321411
251,0.0018901824951171875,147.18720531463623
252,0.0018930435180664062,147.1890983581543
253,0.0018815994262695312,147.19097995758057
254,0.001865386962890625,147.19284534454346
255,0.00183868408203125,147.1946840286255
256,0.0018367767333984375,147.1965208053589
257,0.0018291473388671875,147.19834995269775
258,0.0018157958984375,147.2001657485962
259,0.001789093017578125,147.20195484161377
260,0.0017881393432617188,147.20374298095703
261,0.001773834228515625,147.20551681518555
262,0.0017642974853515625,147.2072811126709
263,0.0017633438110351562,147.20904445648193
264,0.001739501953125,147.21078395843506
265,0.0017404556274414062,147.2125244140625
266,0.0017137527465820312,147.21423816680908
267,0.0017137527465820312,147.21595191955566
268,0.0017032623291015625,147.21765518188477
269,0.001689910888671875,147.21934509277344
270,0.0016803741455078125,147.22102546691895
271,0.0016689300537109375,147.22269439697266
272,0.0016536712646484375,147.2243480682373
273,0.00165557861328125,147.2260036468506
274,0.0016298294067382812,147.22763347625732
275,0.0016193389892578125,147.22925281524658
276,0.001621246337890625,147.23087406158447
277,0.00159454345703125,147.2324686050415
278,0.0015850067138671875,147.23405361175537
279,0.0015840530395507812,147.23563766479492
280,0.0015726089477539062,147.23721027374268
281,0.0015621185302734375,147.23877239227295
282,0.0015516281127929688,147.24032402038574
283,0.0015411376953125,147.24186515808105
284,0.0015306472778320312,147.2433958053589
285,0.0015287399291992188,147.2449245452881
286,0.00151824951171875,147.2464427947998
287,0.0015096664428710938,147.24795246124268
288,0.0014982223510742188,147.24945068359375
289,0.0014886856079101562,147.25093936920166
290,0.0014781951904296875,147.2524175643921
291,0.0014781951904296875,147.25389575958252
292,0.0014562606811523438,147.25535202026367
293,0.0014562606811523438,147.25680828094482
294,0.0014429092407226562,147.25825119018555
295,0.0014333724975585938,147.2596845626831
296,0.0014333724975585938,147.26111793518066
297,0.00142669677734375,147.262544631958
298,0.0014162063598632812,147.26396083831787
299,0.0014142990112304688,147.2653751373291
300,0.0013942718505859375,147.2667694091797
301,0.0013942718505859375,147.26816368103027
302,0.001384735107421875,147.2695484161377
303,0.001377105712890625,147.2709255218506
304,0.00136566162109375,147.27229118347168
305,0.0013570785522460938,147.27364826202393
306,0.0013570785522460938,147.27500534057617
307,0.0013475418090820312,147.27635288238525
308,0.0013380050659179688,147.27769088745117
309,0.0013380050659179688,147.2790288925171
310,0.0013284683227539062,147.28035736083984
311,0.0013275146484375,147.28168487548828
312,0.0013093948364257812,147.2829942703247
313,0.001308441162109375,147.28430271148682
314,0.0012912750244140625,147.28559398651123
315,0.0012912750244140625,147.28688526153564
316,0.0012903213500976562,147.28817558288574
317,0.00127410888671875,147.28944969177246
318,0.0012712478637695312,147.29072093963623
319,0.0012645721435546875,147.29198551177979
320,0.0012617111206054688,147.2932472229004
321,0.001262664794921875,147.2945098876953
322,0.0012454986572265625,147.29575538635254
323,0.0012454986572265625,147.29700088500977
324,0.0012369155883789062,147.29823780059814
325,0.0012273788452148438,147.29946517944336
326,0.00122833251953125,147.3006935119629
327,0.001220703125,147.3019142150879
328,0.0012111663818359375,147.30312538146973
329,0.0012111663818359375,147.30433654785156
330,0.001201629638671875,147.30553817749023
331,0.001194000244140625,147.30673217773438
332,0.0011949539184570312,147.30792713165283
333,0.0011844635009765625,147.3091115951538
334,0.001186370849609375,147.31029796600342
335,0.0011749267578125,147.31147289276123
336,0.0011682510375976562,147.31264114379883
337,0.00115966796875,147.31380081176758
338,0.0011587142944335938,147.314959526062
339,0.0011510848999023438,147.3161106109619
340,0.00115203857421875,147.31726264953613
341,0.0011444091796875,147.31840705871582
342,0.0011444091796875,147.3195514678955
343,0.0011262893676757812,147.32067775726318
344,0.001129150390625,147.3218069076538
345,0.0011262893676757812,147.32293319702148
346,0.001117706298828125,147.3240509033203
347,0.0011091232299804688,147.3251600265503
348,0.001110076904296875,147.3262701034546
349,0.0011005401611328125,147.32737064361572
350,0.0011005401611328125,147.32847118377686
351,0.0010938644409179688,147.32956504821777
352,0.001094818115234375,147.330659866333
353,0.0010929107666015625,147.3317527770996
354,0.0010766983032226562,147.33282947540283
355,0.0010766983032226562,147.33390617370605
356,0.0010766983032226562,147.33498287200928
357,0.0010700225830078125,147.33605289459229
358,0.00106048583984375,147.33711338043213
359,0.0010690689086914062,147.33818244934082
360,0.0010547637939453125,147.33923721313477
361,0.0010547637939453125,147.3402919769287
362,0.0010461807250976562,147.3413381576538
363,0.0010404586791992188,147.342378616333
364,0.0010404586791992188,147.3434190750122
365,0.0010395050048828125,147.3444585800171
366,0.0010309219360351562,147.34548950195312
367,0.00102996826171875,147.34651947021484
368,0.0010309219360351562,147.34755039215088
369,0.0010232925415039062,147.34857368469238
370,0.0010251998901367188,147.34959888458252
371,0.001010894775390625,147.3506097793579
372,0.001003265380859375,147.35161304473877
373,0.001003265380859375,147.35261631011963
374,0.001003265380859375,147.3536195755005
375,0.000995635986328125,147.35461521148682
