step,loss,cumulative_loss_sum
1,2.978515625,2.978515625
2,2.978515625,5.95703125
3,2.978515625,8.935546875
4,2.978515625,11.9140625
5,2.978515625,14.892578125
6,2.978515625,17.87109375
7,2.978515625,20.849609375
8,2.638671875,23.48828125
9,2.404296875,25.892578125
10,2.23828125,28.130859375
11,2.076171875,30.20703125
12,1.90234375,32.109375
13,1.734375,33.84375
14,1.58984375,35.43359375
15,1.4052734375,36.8388671875
16,1.228515625,38.0673828125
17,1.1650390625,39.232421875
18,1.0205078125,40.2529296875
19,0.93408203125,41.18701171875
20,0.84619140625,42.033203125
21,0.74755859375,42.78076171875
22,0.6640625,43.44482421875
23,0.5830078125,44.02783203125
24,0.50341796875,44.53125
25,0.447509765625,44.978759765625
26,0.384521484375,45.36328125
27,0.349853515625,45.713134765625
28,0.314453125,46.027587890625
29,0.28271484375,46.310302734375
30,0.250732421875,46.56103515625
31,0.22412109375,46.78515625
32,0.1978759765625,46.9830322265625
33,0.17724609375,47.1602783203125
34,0.1617431640625,47.322021484375
35,0.1507568359375,47.4727783203125
36,0.1376953125,47.6104736328125
37,0.127197265625,47.7376708984375
38,0.1165771484375,47.854248046875
39,0.10675048828125,47.96099853515625
40,0.0982666015625,48.05926513671875
41,0.08984375,48.14910888671875
42,0.084228515625,48.23333740234375
43,0.0771484375,48.31048583984375
44,0.0726318359375,48.38311767578125
45,0.066162109375,48.44927978515625
46,0.061553955078125,48.510833740234375
47,0.057708740234375,48.56854248046875
48,0.05499267578125,48.62353515625
49,0.05206298828125,48.67559814453125
50,0.050384521484375,48.725982666015625
51,0.0472412109375,48.773223876953125
52,0.045257568359375,48.8184814453125
53,0.042144775390625,48.860626220703125
54,0.04010009765625,48.900726318359375
55,0.03753662109375,48.938262939453125
56,0.0361328125,48.974395751953125
57,0.03375244140625,49.008148193359375
58,0.032379150390625,49.04052734375
59,0.0305328369140625,49.07106018066406
60,0.029449462890625,49.10050964355469
61,0.0274505615234375,49.127960205078125
62,0.0261383056640625,49.15409851074219
63,0.0248565673828125,49.178955078125
64,0.02386474609375,49.20281982421875
65,0.02276611328125,49.2255859375
66,0.02197265625,49.24755859375
67,0.02056884765625,49.26812744140625
68,0.019805908203125,49.287933349609375
69,0.01849365234375,49.306427001953125
70,0.018218994140625,49.32464599609375
71,0.0169525146484375,49.34159851074219
72,0.016448974609375,49.35804748535156
73,0.0155181884765625,49.373565673828125
74,0.01529693603515625,49.38886260986328
75,0.0142974853515625,49.403160095214844
76,0.01377105712890625,49.41693115234375
77,0.012939453125,49.42987060546875
78,0.0121612548828125,49.44203186035156
79,0.01184844970703125,49.453880310058594
80,0.01137542724609375,49.46525573730469
81,0.0110931396484375,49.476348876953125
82,0.01068878173828125,49.487037658691406
83,0.01007080078125,49.497108459472656
84,0.00982666015625,49.506935119628906
85,0.00931549072265625,49.51625061035156
86,0.0089569091796875,49.52520751953125
87,0.008697509765625,49.533905029296875
88,0.00833892822265625,49.54224395751953
89,0.00792694091796875,49.5501708984375
90,0.007781982421875,49.557952880859375
91,0.007389068603515625,49.56534194946289
92,0.007053375244140625,49.57239532470703
93,0.006755828857421875,49.57915115356445
94,0.006519317626953125,49.585670471191406
95,0.006183624267578125,49.591854095458984
96,0.005985260009765625,49.59783935546875
97,0.00568389892578125,49.60352325439453
98,0.00554656982421875,49.60906982421875
99,0.00528717041015625,49.614356994628906
100,0.0049591064453125,49.61931610107422
101,0.004894256591796875,49.624210357666016
102,0.004638671875,49.628849029541016
103,0.0044403076171875,49.6332893371582
104,0.004322052001953125,49.637611389160156
105,0.00420379638671875,49.641815185546875
106,0.004077911376953125,49.64589309692383
107,0.003978729248046875,49.649871826171875
108,0.0037841796875,49.653656005859375
109,0.0037078857421875,49.65736389160156
110,0.0035572052001953125,49.66092109680176
111,0.0034961700439453125,49.6644172668457
112,0.0033702850341796875,49.66778755187988
113,0.0032939910888671875,49.67108154296875
114,0.0031833648681640625,49.674264907836914
115,0.0031108856201171875,49.67737579345703
116,0.0030193328857421875,49.68039512634277
117,0.00296783447265625,49.68336296081543
118,0.002880096435546875,49.68624305725098
119,0.0028076171875,49.68905067443848
120,0.0027561187744140625,49.69180679321289
121,0.0026988983154296875,49.69450569152832
122,0.002651214599609375,49.69715690612793
123,0.002597808837890625,49.69975471496582
124,0.0025482177734375,49.70230293273926
125,0.00247955322265625,49.704782485961914
126,0.0024394989013671875,49.70722198486328
127,0.0023937225341796875,49.70961570739746
128,0.002361297607421875,49.71197700500488
129,0.002315521240234375,49.71429252624512
130,0.00225830078125,49.71655082702637
131,0.002246856689453125,49.71879768371582
132,0.002197265625,49.72099494934082
133,0.0021572113037109375,49.72315216064453
134,0.0021190643310546875,49.725271224975586
135,0.0020904541015625,49.72736167907715
136,0.0020503997802734375,49.72941207885742
137,0.0020122528076171875,49.73142433166504
138,0.0019855499267578125,49.7334098815918
139,0.0019664764404296875,49.73537635803223
140,0.0019350051879882812,49.737311363220215
141,0.0018987655639648438,49.73921012878418
142,0.001873016357421875,49.7410831451416
143,0.0018396377563476562,49.74292278289795
144,0.0018100738525390625,49.74473285675049
145,0.0017986297607421875,49.74653148651123
146,0.0017833709716796875,49.74831485748291
147,0.0017576217651367188,49.75007247924805
148,0.001743316650390625,49.75181579589844
149,0.0017108917236328125,49.75352668762207
150,0.0016870498657226562,49.75521373748779
151,0.0016641616821289062,49.75687789916992
152,0.0016469955444335938,49.758524894714355
153,0.0016345977783203125,49.760159492492676
154,0.001613616943359375,49.761773109436035
155,0.0015821456909179688,49.76335525512695
156,0.0015707015991210938,49.764925956726074
157,0.001567840576171875,49.766493797302246
158,0.00154876708984375,49.76804256439209
159,0.0015163421630859375,49.769558906555176
160,0.001514434814453125,49.77107334136963
161,0.0014972686767578125,49.77257061004639
162,0.0014781951904296875,49.774048805236816
163,0.001468658447265625,49.77551746368408
164,0.0014476776123046875,49.77696514129639
165,0.0014390945434570312,49.778404235839844
166,0.001430511474609375,49.77983474731445
167,0.0014028549194335938,49.78123760223389
168,0.0013933181762695312,49.782630920410156
169,0.0013780593872070312,49.78400897979736
170,0.001369476318359375,49.78537845611572
171,0.0013523101806640625,49.78673076629639
172,0.0013456344604492188,49.788076400756836
173,0.0013246536254882812,49.789401054382324
174,0.0013275146484375,49.79072856903076
175,0.001316070556640625,49.7920446395874
176,0.00130462646484375,49.793349266052246
177,0.0012836456298828125,49.79463291168213
178,0.0012798309326171875,49.795912742614746
179,0.00125885009765625,49.7971715927124
180,0.0012502670288085938,49.79842185974121
181,0.0012445449829101562,49.79966640472412
182,0.0012378692626953125,49.800904273986816
183,0.0012235641479492188,49.802127838134766
184,0.0012149810791015625,49.80334281921387
185,0.0012006759643554688,49.80454349517822
186,0.0011892318725585938,49.80573272705078
187,0.001190185546875,49.806922912597656
188,0.0011806488037109375,49.80810356140137
189,0.00115966796875,49.80926322937012
190,0.0011615753173828125,49.8104248046875
191,0.0011386871337890625,49.81156349182129
192,0.0011396408081054688,49.812703132629395
193,0.0011301040649414062,49.813833236694336
194,0.0011224746704101562,49.814955711364746
195,0.0011234283447265625,49.81607913970947
196,0.0011034011840820312,49.817182540893555
197,0.001094818115234375,49.81827735900879
198,0.001087188720703125,49.81936454772949
199,0.0010833740234375,49.82044792175293
200,0.0010805130004882812,49.82152843475342
201,0.0010662078857421875,49.82259464263916
202,0.0010528564453125,49.82364749908447
203,0.0010509490966796875,49.82469844818115
204,0.0010385513305664062,49.82573699951172
205,0.0010309219360351562,49.826767921447754
206,0.0010271072387695312,49.82779502868652
207,0.0010242462158203125,49.828819274902344
208,0.0010118484497070312,49.82983112335205
209,0.0010080337524414062,49.83083915710449
210,0.0010004043579101562,49.8318395614624
211,0.0009918212890625,49.832831382751465
