step,loss,cumulative_loss_sum
1,2.95703125,2.95703125
2,2.95703125,5.9140625
3,2.95703125,8.87109375
4,2.95703125,11.828125
5,2.95703125,14.78515625
6,2.95703125,17.7421875
7,2.95703125,20.69921875
8,2.578125,23.27734375
9,2.578125,25.85546875
10,2.17578125,28.03125
11,2.01171875,30.04296875
12,1.8134765625,31.8564453125
13,1.6103515625,33.466796875
14,1.466796875,34.93359375
15,1.341796875,36.275390625
16,1.2119140625,37.4873046875
17,1.0751953125,38.5625
18,0.90771484375,39.47021484375
19,0.80224609375,40.2724609375
20,0.73486328125,41.00732421875
21,0.64306640625,41.650390625
22,0.56787109375,42.21826171875
23,0.50927734375,42.7275390625
24,0.46484375,43.1923828125
25,0.412109375,43.6044921875
26,0.35791015625,43.96240234375
27,0.318359375,44.28076171875
28,0.290771484375,44.571533203125
29,0.25732421875,44.828857421875
30,0.2314453125,45.060302734375
31,0.2156982421875,45.2760009765625
32,0.1981201171875,45.47412109375
33,0.1734619140625,45.6475830078125
34,0.1575927734375,45.80517578125
35,0.1488037109375,45.9539794921875
36,0.1331787109375,46.087158203125
37,0.1229248046875,46.2100830078125
38,0.11248779296875,46.32257080078125
39,0.11279296875,46.43536376953125
40,0.1021728515625,46.53753662109375
41,0.0966796875,46.63421630859375
42,0.09832763671875,46.7325439453125
43,0.0869140625,46.8194580078125
44,0.0821533203125,46.901611328125
45,0.0750732421875,46.9766845703125
46,0.0799560546875,47.056640625
47,0.06988525390625,47.12652587890625
48,0.06817626953125,47.1947021484375
49,0.06475830078125,47.25946044921875
50,0.0626220703125,47.32208251953125
51,0.059173583984375,47.381256103515625
52,0.0628662109375,47.444122314453125
53,0.054901123046875,47.4990234375
54,0.05120849609375,47.55023193359375
55,0.05035400390625,47.6005859375
56,0.045867919921875,47.646453857421875
57,0.04608154296875,47.692535400390625
58,0.043914794921875,47.7364501953125
59,0.041656494140625,47.778106689453125
60,0.039642333984375,47.8177490234375
61,0.03741455078125,47.85516357421875
62,0.03509521484375,47.8902587890625
63,0.033416748046875,47.923675537109375
64,0.03399658203125,47.957672119140625
65,0.032012939453125,47.98968505859375
66,0.029296875,48.01898193359375
67,0.0288238525390625,48.04780578613281
68,0.0274505615234375,48.07525634765625
69,0.0263519287109375,48.10160827636719
70,0.025634765625,48.12724304199219
71,0.0246124267578125,48.15185546875
72,0.0237579345703125,48.17561340332031
73,0.0225982666015625,48.198211669921875
74,0.0221099853515625,48.22032165527344
75,0.0203704833984375,48.240692138671875
76,0.021026611328125,48.26171875
77,0.0194854736328125,48.28120422363281
78,0.01861572265625,48.29981994628906
79,0.0172576904296875,48.31707763671875
80,0.0172882080078125,48.33436584472656
81,0.0162353515625,48.35060119628906
82,0.01552581787109375,48.366127014160156
83,0.01476287841796875,48.380889892578125
84,0.01467132568359375,48.39556121826172
85,0.0138092041015625,48.40937042236328
86,0.0135650634765625,48.422935485839844
87,0.01268768310546875,48.43562316894531
88,0.01250457763671875,48.44812774658203
89,0.01214599609375,48.46027374267578
90,0.01174163818359375,48.472015380859375
91,0.0111541748046875,48.48316955566406
92,0.0110015869140625,48.494171142578125
93,0.01059722900390625,48.50476837158203
94,0.01031494140625,48.51508331298828
95,0.0098114013671875,48.52489471435547
96,0.010040283203125,48.534934997558594
97,0.00954437255859375,48.54447937011719
98,0.00962066650390625,48.554100036621094
99,0.00963592529296875,48.56373596191406
100,0.0089569091796875,48.57269287109375
101,0.00908660888671875,48.58177947998047
102,0.00847625732421875,48.59025573730469
103,0.0091094970703125,48.599365234375
104,0.0080413818359375,48.60740661621094
105,0.0081787109375,48.61558532714844
106,0.007762908935546875,48.623348236083984
107,0.0078887939453125,48.6312370300293
108,0.007320404052734375,48.63855743408203
109,0.007366180419921875,48.64592361450195
110,0.007053375244140625,48.652976989746094
111,0.006885528564453125,48.65986251831055
112,0.006732940673828125,48.666595458984375
113,0.006610870361328125,48.6732063293457
114,0.006397247314453125,48.679603576660156
115,0.006618499755859375,48.686222076416016
116,0.0058746337890625,48.69209671020508
117,0.00594329833984375,48.69804000854492
118,0.0056915283203125,48.703731536865234
119,0.00574493408203125,48.709476470947266
120,0.005397796630859375,48.714874267578125
121,0.00566864013671875,48.720542907714844
122,0.005168914794921875,48.725711822509766
123,0.005443572998046875,48.73115539550781
124,0.0049896240234375,48.73614501953125
125,0.005123138427734375,48.741268157958984
126,0.00473785400390625,48.74600601196289
127,0.005008697509765625,48.751014709472656
128,0.004352569580078125,48.755367279052734
129,0.00447845458984375,48.75984573364258
130,0.004230499267578125,48.764076232910156
131,0.00412750244140625,48.76820373535156
132,0.00399017333984375,48.772193908691406
133,0.00397491455078125,48.77616882324219
134,0.0036792755126953125,48.77984809875488
135,0.003559112548828125,48.78340721130371
136,0.003505706787109375,48.78691291809082
137,0.00328826904296875,48.79020118713379
138,0.003173828125,48.79337501525879
139,0.003055572509765625,48.796430587768555
140,0.00305938720703125,48.799489974975586
141,0.00299835205078125,48.80248832702637
142,0.00299072265625,48.80547904968262
143,0.002765655517578125,48.808244705200195
144,0.0026340484619140625,48.81087875366211
145,0.00257110595703125,48.81344985961914
146,0.0025157928466796875,48.81596565246582
147,0.00244903564453125,48.81841468811035
148,0.0023651123046875,48.82077980041504
149,0.0023288726806640625,48.8231086730957
150,0.0022869110107421875,48.825395584106445
151,0.0022525787353515625,48.8276481628418
152,0.0021762847900390625,48.829824447631836
153,0.0021381378173828125,48.83196258544922
154,0.0020656585693359375,48.834028244018555
155,0.0020389556884765625,48.83606719970703
156,0.0019817352294921875,48.83804893493652
157,0.0019445419311523438,48.839993476867676
158,0.0019235610961914062,48.84191703796387
159,0.0019207000732421875,48.84383773803711
160,0.0018987655639648438,48.845736503601074
161,0.0019474029541015625,48.847683906555176
162,0.0018510818481445312,48.84953498840332
163,0.0017948150634765625,48.8513298034668
164,0.0017604827880859375,48.85309028625488
165,0.0017242431640625,48.854814529418945
166,0.0017032623291015625,48.85651779174805
167,0.00170135498046875,48.858219146728516
168,0.0016832351684570312,48.85990238189697
169,0.001636505126953125,48.861538887023926
170,0.0016231536865234375,48.86316204071045
171,0.0016012191772460938,48.864763259887695
172,0.0015726089477539062,48.86633586883545
173,0.001556396484375,48.867892265319824
174,0.0015239715576171875,48.86941623687744
175,0.0014934539794921875,48.870909690856934
176,0.0015344619750976562,48.87244415283203
177,0.00154876708984375,48.873992919921875
178,0.0014629364013671875,48.87545585632324
179,0.001415252685546875,48.87687110900879
180,0.0013914108276367188,48.878262519836426
181,0.0013895034790039062,48.87965202331543
182,0.001369476318359375,48.88102149963379
183,0.001361846923828125,48.88238334655762
184,0.0013303756713867188,48.883713722229004
185,0.0013332366943359375,48.88504695892334
186,0.0013284683227539062,48.886375427246094
187,0.0013227462768554688,48.88769817352295
188,0.0013113021850585938,48.88900947570801
189,0.0013055801391601562,48.89031505584717
190,0.0012578964233398438,48.89157295227051
191,0.001247406005859375,48.89282035827637
192,0.001224517822265625,48.89404487609863
193,0.00121307373046875,48.8952579498291
194,0.0011968612670898438,48.89645481109619
195,0.00118255615234375,48.897637367248535
196,0.0011796951293945312,48.89881706237793
197,0.0011653900146484375,48.89998245239258
198,0.0011510848999023438,48.90113353729248
199,0.0011453628540039062,48.902278900146484
200,0.0011453628540039062,48.90342426300049
201,0.0011281967163085938,48.9045524597168
202,0.0011081695556640625,48.90566062927246
203,0.0010967254638671875,48.90675735473633
204,0.0011014938354492188,48.90785884857178
205,0.0010881423950195312,48.9089469909668
206,0.0010738372802734375,48.91002082824707
207,0.0010623931884765625,48.91108322143555
208,0.0010509490966796875,48.91213417053223
209,0.0010538101196289062,48.913187980651855
210,0.00104522705078125,48.91423320770264
211,0.0010347366333007812,48.91526794433594
212,0.0010223388671875,48.916290283203125
213,0.001007080078125,48.91729736328125
214,0.00099945068359375,48.918296813964844
