step,loss,cumulative_loss_sum
1,4.65234375,4.65234375
2,4.65234375,9.3046875
3,4.65234375,13.95703125
4,4.65234375,18.609375
5,4.65234375,23.26171875
6,4.65234375,27.9140625
7,4.65234375,32.56640625
8,4.4453125,37.01171875
9,4.19921875,41.2109375
10,4.07421875,45.28515625
11,3.982421875,49.267578125
12,3.833984375,53.1015625
13,3.72265625,56.82421875
14,3.56640625,60.390625
15,3.44921875,63.83984375
16,3.2265625,67.06640625
17,3.140625,70.20703125
18,2.986328125,73.193359375
19,2.767578125,75.9609375
20,2.517578125,78.478515625
21,2.517578125,80.99609375
22,2.263671875,83.259765625
23,2.04296875,85.302734375
24,1.8251953125,87.1279296875
25,1.5830078125,88.7109375
26,1.4091796875,90.1201171875
27,1.5537109375,91.673828125
28,1.5537109375,93.2275390625
29,1.3115234375,94.5390625
30,1.2373046875,95.7763671875
31,1.0830078125,96.859375
32,1.1181640625,97.9775390625
33,0.99951171875,98.97705078125
34,1.041015625,100.01806640625
35,0.9541015625,100.97216796875
36,0.93896484375,101.9111328125
37,0.865234375,102.7763671875
38,0.82958984375,103.60595703125
39,0.78173828125,104.3876953125
40,0.765625,105.1533203125
41,0.72998046875,105.88330078125
42,0.703125,106.58642578125
43,0.67919921875,107.265625
44,0.65869140625,107.92431640625
45,0.6220703125,108.54638671875
46,0.6240234375,109.17041015625
47,0.5859375,109.75634765625
48,0.58984375,110.34619140625
49,0.546875,110.89306640625
50,0.55419921875,111.447265625
51,0.5078125,111.955078125
52,0.51904296875,112.47412109375
53,0.489990234375,112.964111328125
54,0.49755859375,113.461669921875
55,0.470947265625,113.9326171875
56,0.4716796875,114.404296875
57,0.43115234375,114.83544921875
58,0.44384765625,115.279296875
59,0.40234375,115.681640625
60,0.4169921875,116.0986328125
61,0.367431640625,116.466064453125
62,0.38720703125,116.853271484375
63,0.34521484375,117.198486328125
64,0.36767578125,117.566162109375
65,0.331298828125,117.8974609375
66,0.355712890625,118.253173828125
67,0.30078125,118.553955078125
68,0.3271484375,118.881103515625
69,0.3017578125,119.182861328125
70,0.30810546875,119.490966796875
71,0.272216796875,119.76318359375
72,0.291748046875,120.054931640625
73,0.25634765625,120.311279296875
74,0.277099609375,120.58837890625
75,0.2486572265625,120.8370361328125
76,0.266357421875,121.1033935546875
77,0.2398681640625,121.34326171875
78,0.252685546875,121.595947265625
79,0.224365234375,121.8203125
80,0.22314453125,122.04345703125
81,0.2191162109375,122.2625732421875
82,0.212890625,122.4754638671875
83,0.2186279296875,122.694091796875
84,0.2021484375,122.896240234375
85,0.2049560546875,123.1011962890625
86,0.1868896484375,123.2880859375
87,0.2005615234375,123.4886474609375
88,0.1800537109375,123.668701171875
89,0.1944580078125,123.8631591796875
90,0.1702880859375,124.033447265625
91,0.179443359375,124.212890625
92,0.165283203125,124.378173828125
93,0.174072265625,124.55224609375
94,0.1578369140625,124.7100830078125
95,0.169921875,124.8800048828125
96,0.1544189453125,125.034423828125
97,0.15576171875,125.190185546875
98,0.1397705078125,125.3299560546875
99,0.15478515625,125.4847412109375
100,0.139404296875,125.6241455078125
101,0.1453857421875,125.76953125
102,0.133056640625,125.902587890625
103,0.1351318359375,126.0377197265625
104,0.166015625,126.2037353515625
105,0.13427734375,126.3380126953125
106,0.1331787109375,126.47119140625
107,0.1339111328125,126.6051025390625
108,0.118408203125,126.7235107421875
109,0.1270751953125,126.8505859375
110,0.1099853515625,126.9605712890625
111,0.12042236328125,127.08099365234375
112,0.10675048828125,127.187744140625
113,0.1163330078125,127.3040771484375
114,0.10333251953125,127.40740966796875
115,0.109130859375,127.51654052734375
116,0.10040283203125,127.616943359375
117,0.10675048828125,127.72369384765625
118,0.095458984375,127.81915283203125
119,0.10308837890625,127.9222412109375
120,0.0924072265625,128.0146484375
121,0.09564208984375,128.11029052734375
122,0.09173583984375,128.2020263671875
123,0.0931396484375,128.295166015625
124,0.08453369140625,128.37969970703125
125,0.091796875,128.47149658203125
126,0.0811767578125,128.55267333984375
127,0.08660888671875,128.6392822265625
128,0.075927734375,128.7152099609375
129,0.0916748046875,128.806884765625
130,0.07440185546875,128.88128662109375
131,0.08746337890625,128.96875
132,0.07781982421875,129.04656982421875
133,0.0697021484375,129.11627197265625
134,0.07342529296875,129.189697265625
135,0.06658935546875,129.25628662109375
136,0.072509765625,129.32879638671875
137,0.06207275390625,129.390869140625
138,0.07379150390625,129.46466064453125
139,0.06451416015625,129.5291748046875
140,0.0589599609375,129.588134765625
141,0.063232421875,129.6513671875
142,0.056396484375,129.707763671875
143,0.060821533203125,129.76858520507812
144,0.05242919921875,129.82101440429688
145,0.0638427734375,129.88485717773438
146,0.051055908203125,129.9359130859375
147,0.0577392578125,129.99365234375
148,0.05157470703125,130.04522705078125
149,0.049652099609375,130.09487915039062
150,0.05206298828125,130.14694213867188
151,0.04559326171875,130.19253540039062
152,0.050201416015625,130.24273681640625
153,0.0440673828125,130.28680419921875
154,0.04278564453125,130.32958984375
155,0.04534912109375,130.37493896484375
156,0.04498291015625,130.419921875
157,0.03985595703125,130.45977783203125
158,0.044403076171875,130.50418090820312
159,0.0374755859375,130.54165649414062
160,0.04266357421875,130.58432006835938
161,0.035858154296875,130.62017822265625
162,0.040802001953125,130.66098022460938
163,0.033172607421875,130.69415283203125
164,0.0372314453125,130.73138427734375
165,0.0357666015625,130.76715087890625
166,0.035125732421875,130.80227661132812
167,0.03387451171875,130.83615112304688
168,0.03411865234375,130.87026977539062
169,0.03228759765625,130.90255737304688
170,0.03271484375,130.93527221679688
171,0.031036376953125,130.96630859375
172,0.03173828125,130.998046875
173,0.030303955078125,131.02835083007812
174,0.0310821533203125,131.05943298339844
175,0.0275726318359375,131.08700561523438
176,0.029571533203125,131.1165771484375
177,0.0268707275390625,131.14344787597656
178,0.0286407470703125,131.17208862304688
179,0.0258026123046875,131.19789123535156
180,0.0281219482421875,131.22601318359375
181,0.024871826171875,131.25088500976562
182,0.0270843505859375,131.27796936035156
183,0.0236663818359375,131.3016357421875
184,0.025848388671875,131.32748413085938
185,0.022674560546875,131.35015869140625
186,0.0242919921875,131.37445068359375
187,0.0225372314453125,131.39698791503906
188,0.02374267578125,131.4207305908203
189,0.0214385986328125,131.44216918945312
190,0.0231781005859375,131.46534729003906
191,0.0205535888671875,131.48590087890625
192,0.0224456787109375,131.5083465576172
193,0.019927978515625,131.5282745361328
194,0.0214385986328125,131.54971313476562
195,0.01910400390625,131.56881713867188
196,0.020782470703125,131.589599609375
197,0.019500732421875,131.60910034179688
198,0.02020263671875,131.62930297851562
199,0.018798828125,131.64810180664062
200,0.019622802734375,131.667724609375
201,0.0181121826171875,131.6858367919922
202,0.01922607421875,131.70506286621094
203,0.0173797607421875,131.72244262695312
204,0.018951416015625,131.74139404296875
205,0.0167999267578125,131.75819396972656
206,0.01806640625,131.77626037597656
207,0.01617431640625,131.7924346923828
208,0.017364501953125,131.80979919433594
209,0.01568603515625,131.8254852294922
210,0.01690673828125,131.84239196777344
211,0.01541900634765625,131.8578109741211
212,0.0162811279296875,131.87409210205078
213,0.014678955078125,131.8887710571289
214,0.016021728515625,131.90479278564453
215,0.014312744140625,131.91910552978516
216,0.0152587890625,131.93436431884766
217,0.013824462890625,131.94818878173828
218,0.014190673828125,131.9623794555664
219,0.01490020751953125,131.97727966308594
220,0.0137939453125,131.99107360839844
221,0.01221466064453125,132.00328826904297
222,0.01393890380859375,132.01722717285156
223,0.01442718505859375,132.03165435791016
224,0.0123748779296875,132.04402923583984
225,0.01212310791015625,132.05615234375
226,0.01318359375,132.0693359375
227,0.011199951171875,132.08053588867188
228,0.01299285888671875,132.0935287475586
229,0.01073455810546875,132.10426330566406
230,0.0124359130859375,132.11669921875
231,0.01064300537109375,132.1273422241211
232,0.01168060302734375,132.13902282714844
233,0.01076507568359375,132.14978790283203
234,0.01094818115234375,132.16073608398438
235,0.0104827880859375,132.1712188720703
236,0.01007080078125,132.18128967285156
237,0.01018524169921875,132.19147491455078
238,0.009368896484375,132.20084381103516
239,0.00951385498046875,132.21035766601562
240,0.00939178466796875,132.2197494506836
241,0.0088043212890625,132.22855377197266
242,0.009185791015625,132.23773956298828
243,0.00971221923828125,132.24745178222656
244,0.008636474609375,132.25608825683594
245,0.00864410400390625,132.26473236083984
246,0.0087127685546875,132.27344512939453
247,0.0081329345703125,132.28157806396484
248,0.008148193359375,132.28972625732422
249,0.00830078125,132.29802703857422
250,0.00771331787109375,132.3057403564453
251,0.00785064697265625,132.31359100341797
252,0.0077056884765625,132.32129669189453
253,0.00774383544921875,132.32904052734375
254,0.007152557373046875,132.3361930847168
255,0.00742340087890625,132.3436164855957
256,0.007595062255859375,132.35121154785156
257,0.006694793701171875,132.35790634155273
258,0.006496429443359375,132.3644027709961
259,0.00774383544921875,132.3721466064453
260,0.006237030029296875,132.3783836364746
261,0.00701904296875,132.38540267944336
262,0.006988525390625,132.39239120483398
263,0.00653839111328125,132.39892959594727
264,0.0058441162109375,132.4047737121582
265,0.006153106689453125,132.41092681884766
266,0.00620269775390625,132.41712951660156
267,0.005786895751953125,132.42291641235352
268,0.0064849853515625,132.42940139770508
269,0.005992889404296875,132.43539428710938
270,0.005306243896484375,132.44070053100586
271,0.0054473876953125,132.44614791870117
272,0.0052337646484375,132.4513816833496
273,0.005741119384765625,132.45712280273438
274,0.00550079345703125,132.4626235961914
275,0.0050201416015625,132.46764373779297
276,0.004974365234375,132.47261810302734
277,0.004791259765625,132.47740936279297
278,0.00487518310546875,132.48228454589844
279,0.0046234130859375,132.48690795898438
280,0.00466156005859375,132.49156951904297
281,0.004608154296875,132.49617767333984
282,0.005275726318359375,132.5014533996582
283,0.004276275634765625,132.50572967529297
284,0.004482269287109375,132.51021194458008
285,0.004390716552734375,132.5146026611328
286,0.005146026611328125,132.51974868774414
287,0.00411224365234375,132.52386093139648
288,0.004634857177734375,132.52849578857422
289,0.0043182373046875,132.5328140258789
290,0.004039764404296875,132.5368537902832
291,0.004077911376953125,132.54093170166016
292,0.004001617431640625,132.5449333190918
293,0.003978729248046875,132.54891204833984
294,0.004261016845703125,132.55317306518555
295,0.00389862060546875,132.55707168579102
296,0.003570556640625,132.56064224243164
297,0.003704071044921875,132.56434631347656
298,0.0036258697509765625,132.56797218322754
299,0.0034160614013671875,132.5713882446289
300,0.0035495758056640625,132.57493782043457
301,0.00333404541015625,132.57827186584473
302,0.0038394927978515625,132.58211135864258
303,0.00307464599609375,132.58518600463867
304,0.00333404541015625,132.58852005004883
305,0.00337982177734375,132.59189987182617
306,0.00305938720703125,132.5949592590332
307,0.0030956268310546875,132.59805488586426
308,0.0032501220703125,132.60130500793457
309,0.003101348876953125,132.60440635681152
310,0.0027256011962890625,132.6071319580078
311,0.00267791748046875,132.60980987548828
312,0.0027523040771484375,132.61256217956543
313,0.0029850006103515625,132.61554718017578
314,0.002872467041015625,132.6184196472168
315,0.0025844573974609375,132.62100410461426
316,0.002582550048828125,132.6235866546631
317,0.0024929046630859375,132.62607955932617
318,0.0024776458740234375,132.6285572052002
319,0.0025634765625,132.6311206817627
320,0.00251007080078125,132.63363075256348
321,0.0025043487548828125,132.63613510131836
322,0.0024356842041015625,132.63857078552246
323,0.0024738311767578125,132.64104461669922
324,0.0025691986083984375,132.64361381530762
325,0.0022144317626953125,132.6458282470703
326,0.00225830078125,132.64808654785156
327,0.0024776458740234375,132.6505641937256
328,0.002227783203125,132.6527919769287
329,0.002197265625,132.6549892425537
330,0.0021343231201171875,132.65712356567383
331,0.00206756591796875,132.6591911315918
332,0.002048492431640625,132.66123962402344
333,0.002017974853515625,132.66325759887695
334,0.002079010009765625,132.66533660888672
335,0.001987457275390625,132.6673240661621
336,0.001956939697265625,132.66928100585938
337,0.0020389556884765625,132.67131996154785
338,0.001888275146484375,132.67320823669434
339,0.0018358230590820312,132.67504405975342
340,0.0018138885498046875,132.67685794830322
341,0.001789093017578125,132.6786470413208
342,0.00179290771484375,132.68043994903564
343,0.001758575439453125,132.6821985244751
344,0.001739501953125,132.68393802642822
345,0.0017194747924804688,132.6856575012207
346,0.0017032623291015625,132.6873607635498
347,0.001678466796875,132.68903923034668
348,0.0016679763793945312,132.69070720672607
349,0.001697540283203125,132.69240474700928
350,0.001659393310546875,132.69406414031982
351,0.001628875732421875,132.69569301605225
352,0.0015964508056640625,132.6972894668579
353,0.0015888214111328125,132.69887828826904
354,0.0016021728515625,132.7004804611206
355,0.0017032623291015625,132.7021837234497
356,0.0015707015991210938,132.70375442504883
357,0.0015478134155273438,132.70530223846436
358,0.0015325546264648438,132.70683479309082
359,0.0015010833740234375,132.70833587646484
360,0.0014934539794921875,132.70982933044434
361,0.0014715194702148438,132.71130084991455
362,0.0014791488647460938,132.7127799987793
363,0.0014696121215820312,132.71424961090088
364,0.0014505386352539062,132.71570014953613
365,0.0014133453369140625,132.71711349487305
366,0.0014104843139648438,132.718523979187
367,0.00139617919921875,132.71992015838623
368,0.0013952255249023438,132.72131538391113
369,0.0014200210571289062,132.72273540496826
370,0.0015344619750976562,132.72426986694336
371,0.001373291015625,132.72564315795898
372,0.0013427734375,132.72698593139648
373,0.0013446807861328125,132.72833061218262
374,0.0013322830200195312,132.72966289520264
375,0.0013113021850585938,132.7309741973877
376,0.0012998580932617188,132.73227405548096
377,0.0013036727905273438,132.73357772827148
378,0.0012769699096679688,132.73485469818115
379,0.0012836456298828125,132.73613834381104
380,0.0012874603271484375,132.73742580413818
381,0.001346588134765625,132.73877239227295
382,0.0012569427490234375,132.74002933502197
383,0.0012292861938476562,132.74125862121582
384,0.001262664794921875,132.74252128601074
385,0.001331329345703125,132.74385261535645
386,0.001220703125,132.74507331848145
387,0.001190185546875,132.74626350402832
388,0.0011730194091796875,132.7474365234375
389,0.0011653900146484375,132.74860191345215
390,0.001186370849609375,132.74978828430176
391,0.0011920928955078125,132.75098037719727
392,0.0011529922485351562,132.7521333694458
393,0.0011444091796875,132.7532777786255
394,0.0011510848999023438,132.7544288635254
395,0.0011501312255859375,132.75557899475098
396,0.0011262893676757812,132.75670528411865
397,0.0011301040649414062,132.7578353881836
398,0.00110626220703125,132.75894165039062
399,0.001094818115234375,132.76003646850586
400,0.0010938644409179688,132.76113033294678
401,0.0010995864868164062,132.7622299194336
402,0.0010690689086914062,132.76329898834229
403,0.001064300537109375,132.7643632888794
404,0.0010652542114257812,132.76542854309082
405,0.0010662078857421875,132.76649475097656
406,0.0010499954223632812,132.76754474639893
407,0.0010671615600585938,132.76861190795898
408,0.0010366439819335938,132.76964855194092
409,0.0010442733764648438,132.77069282531738
410,0.0010194778442382812,132.77171230316162
411,0.0010175704956054688,132.77272987365723
412,0.001033782958984375,132.7737636566162
413,0.0010366439819335938,132.77480030059814
414,0.0010013580322265625,132.77580165863037
415,0.0009832382202148438,132.7767848968506
