step,loss,cumulative_loss_sum
1,4.109375,4.109375
2,4.109375,8.21875
3,4.109375,12.328125
4,4.109375,16.4375
5,4.109375,20.546875
6,4.109375,24.65625
7,4.109375,28.765625
8,3.80859375,32.57421875
9,3.57421875,36.1484375
10,3.349609375,39.498046875
11,3.150390625,42.6484375
12,2.978515625,45.626953125
13,2.81640625,48.443359375
14,2.642578125,51.0859375
15,2.4921875,53.578125
16,2.369140625,55.947265625
17,2.22265625,58.169921875
18,2.072265625,60.2421875
19,1.9169921875,62.1591796875
20,1.7685546875,63.927734375
21,1.623046875,65.55078125
22,1.5009765625,67.0517578125
23,1.384765625,68.4365234375
24,1.28515625,69.7216796875
25,1.2001953125,70.921875
26,1.1220703125,72.0439453125
27,1.041015625,73.0849609375
28,0.9716796875,74.056640625
29,0.9130859375,74.9697265625
30,0.85009765625,75.81982421875
31,0.791015625,76.61083984375
32,0.74169921875,77.3525390625
33,0.6904296875,78.04296875
34,0.650390625,78.693359375
35,0.60546875,79.298828125
36,0.56689453125,79.86572265625
37,0.53564453125,80.4013671875
38,0.51025390625,80.91162109375
39,0.481689453125,81.393310546875
40,0.455078125,81.848388671875
41,0.424072265625,82.2724609375
42,0.40673828125,82.67919921875
43,0.390625,83.06982421875
44,0.373046875,83.44287109375
45,0.355224609375,83.798095703125
46,0.343505859375,84.1416015625
47,0.33056640625,84.47216796875
48,0.314208984375,84.786376953125
49,0.299560546875,85.0859375
50,0.288818359375,85.374755859375
51,0.276611328125,85.6513671875
52,0.263916015625,85.915283203125
53,0.251708984375,86.1669921875
54,0.2437744140625,86.4107666015625
55,0.2362060546875,86.64697265625
56,0.2236328125,86.87060546875
57,0.2158203125,87.08642578125
58,0.206298828125,87.292724609375
59,0.197021484375,87.48974609375
60,0.185302734375,87.675048828125
61,0.1783447265625,87.8533935546875
62,0.172119140625,88.0255126953125
63,0.1636962890625,88.189208984375
64,0.1556396484375,88.3448486328125
65,0.14794921875,88.4927978515625
66,0.14111328125,88.6339111328125
67,0.135009765625,88.7689208984375
68,0.128173828125,88.8970947265625
69,0.1236572265625,89.020751953125
70,0.116943359375,89.1376953125
71,0.112548828125,89.250244140625
72,0.10821533203125,89.35845947265625
73,0.10198974609375,89.46044921875
74,0.09539794921875,89.55584716796875
75,0.0921630859375,89.64801025390625
76,0.08795166015625,89.7359619140625
77,0.0836181640625,89.819580078125
78,0.080322265625,89.89990234375
79,0.07574462890625,89.97564697265625
80,0.07244873046875,90.048095703125
81,0.068115234375,90.1162109375
82,0.06549072265625,90.18170166015625
83,0.061187744140625,90.24288940429688
84,0.058197021484375,90.30108642578125
85,0.055450439453125,90.35653686523438
86,0.052825927734375,90.40936279296875
87,0.05029296875,90.45965576171875
88,0.04766845703125,90.50732421875
89,0.044647216796875,90.55197143554688
90,0.0423583984375,90.59432983398438
91,0.04034423828125,90.63467407226562
92,0.038482666015625,90.67315673828125
93,0.036712646484375,90.70986938476562
94,0.03558349609375,90.74545288085938
95,0.03369140625,90.77914428710938
96,0.032745361328125,90.8118896484375
97,0.0307464599609375,90.84263610839844
98,0.029693603515625,90.87232971191406
99,0.028564453125,90.90089416503906
100,0.0272979736328125,90.92819213867188
101,0.0265655517578125,90.95475769042969
102,0.0255279541015625,90.98028564453125
103,0.024444580078125,91.00473022460938
104,0.0234375,91.02816772460938
105,0.0220794677734375,91.05024719238281
106,0.0213623046875,91.07160949707031
107,0.0201568603515625,91.09176635742188
108,0.0198516845703125,91.11161804199219
109,0.0184783935546875,91.13009643554688
110,0.0183258056640625,91.14842224121094
111,0.0172576904296875,91.16567993164062
112,0.0169525146484375,91.18263244628906
113,0.0161895751953125,91.19882202148438
114,0.016021728515625,91.21484375
115,0.01509857177734375,91.22994232177734
116,0.0150146484375,91.24495697021484
117,0.0142364501953125,91.25919342041016
118,0.01419830322265625,91.27339172363281
119,0.01323699951171875,91.28662872314453
120,0.01300811767578125,91.29963684082031
121,0.0123443603515625,91.31198120117188
122,0.01212310791015625,91.32410430908203
123,0.01160430908203125,91.33570861816406
124,0.01134490966796875,91.34705352783203
125,0.010986328125,91.35803985595703
126,0.0106353759765625,91.3686752319336
127,0.01027679443359375,91.37895202636719
128,0.01010894775390625,91.3890609741211
129,0.0096893310546875,91.39875030517578
130,0.009490966796875,91.40824127197266
131,0.00913238525390625,91.41737365722656
132,0.00882720947265625,91.42620086669922
133,0.00847625732421875,91.43467712402344
134,0.00826263427734375,91.44293975830078
135,0.00787353515625,91.45081329345703
136,0.007678985595703125,91.45849227905273
137,0.00730133056640625,91.46579360961914
138,0.00701904296875,91.47281265258789
139,0.006855010986328125,91.47966766357422
140,0.006687164306640625,91.48635482788086
141,0.00643157958984375,91.4927864074707
142,0.00638580322265625,91.49917221069336
143,0.006145477294921875,91.50531768798828
144,0.00604248046875,91.51136016845703
145,0.0057525634765625,91.5171127319336
146,0.005634307861328125,91.52274703979492
147,0.005466461181640625,91.52821350097656
148,0.005352020263671875,91.53356552124023
149,0.00522613525390625,91.53879165649414
150,0.005062103271484375,91.54385375976562
151,0.004970550537109375,91.54882431030273
152,0.0048675537109375,91.55369186401367
153,0.004741668701171875,91.55843353271484
154,0.00464630126953125,91.56307983398438
155,0.0045166015625,91.56759643554688
156,0.004444122314453125,91.57204055786133
157,0.004375457763671875,91.576416015625
158,0.00428009033203125,91.58069610595703
159,0.00420379638671875,91.58489990234375
160,0.00412750244140625,91.58902740478516
161,0.004047393798828125,91.59307479858398
162,0.003993988037109375,91.5970687866211
163,0.0038967132568359375,91.60096549987793
164,0.0038318634033203125,91.60479736328125
165,0.0037441253662109375,91.60854148864746
166,0.0036983489990234375,91.61223983764648
167,0.0036678314208984375,91.61590766906738
168,0.003597259521484375,91.61950492858887
169,0.0035381317138671875,91.62304306030273
170,0.0034694671630859375,91.62651252746582
171,0.003406524658203125,91.62991905212402
172,0.0033397674560546875,91.63325881958008
173,0.00330352783203125,91.63656234741211
174,0.0032672882080078125,91.63982963562012
175,0.00321197509765625,91.64304161071777
176,0.00316619873046875,91.64620780944824
177,0.003093719482421875,91.64930152893066
178,0.0030841827392578125,91.65238571166992
179,0.0030193328857421875,91.65540504455566
180,0.003002166748046875,91.65840721130371
181,0.002941131591796875,91.66134834289551
182,0.0029201507568359375,91.66426849365234
183,0.002864837646484375,91.66713333129883
184,0.0028247833251953125,91.66995811462402
185,0.0027904510498046875,91.67274856567383
186,0.00275421142578125,91.67550277709961
187,0.0027256011962890625,91.6782283782959
188,0.00269317626953125,91.68092155456543
189,0.0026607513427734375,91.6835823059082
190,0.0026302337646484375,91.68621253967285
191,0.002590179443359375,91.68880271911621
192,0.0025577545166015625,91.69136047363281
193,0.0025386810302734375,91.69389915466309
194,0.0025005340576171875,91.6963996887207
195,0.00247955322265625,91.69887924194336
196,0.0024394989013671875,91.70131874084473
197,0.0024242401123046875,91.70374298095703
198,0.0023860931396484375,91.70612907409668
199,0.0023746490478515625,91.70850372314453
200,0.0023479461669921875,91.71085166931152
201,0.0023136138916015625,91.71316528320312
202,0.002288818359375,91.7154541015625
203,0.0022602081298828125,91.71771430969238
204,0.0022487640380859375,91.71996307373047
205,0.00222015380859375,91.72218322753906
206,0.002197265625,91.72438049316406
207,0.002170562744140625,91.7265510559082
208,0.0021495819091796875,91.72870063781738
209,0.002124786376953125,91.73082542419434
210,0.0021038055419921875,91.73292922973633
211,0.002079010009765625,91.7350082397461
212,0.0020694732666015625,91.7370777130127
213,0.0020294189453125,91.73910713195801
214,0.0020084381103515625,91.74111557006836
215,0.0019893646240234375,91.74310493469238
216,0.001979827880859375,91.74508476257324
217,0.0019702911376953125,91.74705505371094
218,0.0019435882568359375,91.74899864196777
219,0.001911163330078125,91.75090980529785
220,0.0018978118896484375,91.7528076171875
221,0.0018711090087890625,91.75467872619629
222,0.0018520355224609375,91.75653076171875
223,0.0018243789672851562,91.75835514068604
224,0.0018157958984375,91.76017093658447
225,0.0017871856689453125,91.76195812225342
226,0.0017805099487304688,91.76373863220215
227,0.0017719268798828125,91.76551055908203
228,0.0017385482788085938,91.76724910736084
229,0.0017366409301757812,91.76898574829102
230,0.0017108917236328125,91.77069664001465
231,0.0017061233520507812,91.7724027633667
232,0.0016889572143554688,91.77409172058105
233,0.0016622543334960938,91.77575397491455
234,0.0016536712646484375,91.7774076461792
235,0.0016269683837890625,91.77903461456299
236,0.001636505126953125,91.78067111968994
237,0.0016183853149414062,91.78228950500488
238,0.001605987548828125,91.78389549255371
239,0.0015878677368164062,91.78548336029053
240,0.0015783309936523438,91.78706169128418
241,0.0015630722045898438,91.78862476348877
242,0.0015430450439453125,91.79016780853271
243,0.0015287399291992188,91.79169654846191
244,0.00152587890625,91.79322242736816
245,0.0015048980712890625,91.79472732543945
246,0.0014972686767578125,91.79622459411621
247,0.0014829635620117188,91.79770755767822
248,0.0014715194702148438,91.79917907714844
249,0.00146484375,91.80064392089844
250,0.0014438629150390625,91.80208778381348
251,0.0014410018920898438,91.80352878570557
252,0.0014286041259765625,91.80495738983154
253,0.00142669677734375,91.80638408660889
254,0.0014057159423828125,91.80778980255127
255,0.0014019012451171875,91.80919170379639
256,0.0013837814331054688,91.81057548522949
257,0.001384735107421875,91.81196022033691
258,0.0013675689697265625,91.81332778930664
259,0.001361846923828125,91.81468963623047
260,0.0013427734375,91.81603240966797
261,0.0013370513916015625,91.81736946105957
262,0.0013332366943359375,91.8187026977539
263,0.001323699951171875,91.82002639770508
264,0.0013065338134765625,91.82133293151855
265,0.0012922286987304688,91.82262516021729
266,0.001293182373046875,91.82391834259033
267,0.0012807846069335938,91.82519912719727
268,0.0012731552124023438,91.82647228240967
269,0.00125885009765625,91.82773113250732
270,0.0012540817260742188,91.8289852142334
271,0.0012426376342773438,91.83022785186768
272,0.001232147216796875,91.83145999908447
273,0.0012226104736328125,91.8326826095581
274,0.0012273788452148438,91.83390998840332
275,0.001216888427734375,91.83512687683105
276,0.001201629638671875,91.83632850646973
277,0.0012054443359375,91.83753395080566
278,0.0011959075927734375,91.83872985839844
279,0.0011844635009765625,91.83991432189941
280,0.0011720657348632812,91.84108638763428
281,0.0011701583862304688,91.84225654602051
282,0.00115966796875,91.84341621398926
283,0.0011577606201171875,91.84457397460938
284,0.0011472702026367188,91.84572124481201
285,0.0011425018310546875,91.84686374664307
286,0.0011358261108398438,91.8479995727539
287,0.0011234283447265625,91.84912300109863
288,0.0011167526245117188,91.85023975372314
289,0.0011186599731445312,91.85135841369629
290,0.0011110305786132812,91.8524694442749
291,0.0010976791381835938,91.85356712341309
292,0.00109100341796875,91.85465812683105
293,0.0010852813720703125,91.85574340820312
294,0.0010766983032226562,91.85682010650635
295,0.0010747909545898438,91.85789489746094
296,0.0010595321655273438,91.85895442962646
297,0.0010652542114257812,91.86001968383789
298,0.00106048583984375,91.86108016967773
299,0.0010538101196289062,91.86213397979736
300,0.0010509490966796875,91.86318492889404
301,0.0010404586791992188,91.86422538757324
302,0.0010328292846679688,91.86525821685791
303,0.00102996826171875,91.86628818511963
304,0.0010242462158203125,91.86731243133545
305,0.0010194778442382812,91.86833190917969
306,0.0010166168212890625,91.86934852600098
307,0.0010099411010742188,91.87035846710205
308,0.001007080078125,91.87136554718018
309,0.00099945068359375,91.87236499786377
