step,loss,cumulative_loss_sum
1,4.4140625,4.4140625
2,4.4140625,8.828125
3,4.4140625,13.2421875
4,4.4140625,17.65625
5,4.4140625,22.0703125
6,4.4140625,26.484375
7,4.4140625,30.8984375
8,4.12109375,35.01953125
9,3.8203125,38.83984375
10,3.5546875,42.39453125
11,3.263671875,45.658203125
12,2.96484375,48.623046875
13,2.716796875,51.33984375
14,2.451171875,53.791015625
15,2.263671875,56.0546875
16,2.09375,58.1484375
17,1.99609375,60.14453125
18,1.908203125,62.052734375
19,1.875,63.927734375
20,1.7646484375,65.6923828125
21,1.720703125,67.4130859375
22,1.609375,69.0224609375
23,1.55859375,70.5810546875
24,1.47265625,72.0537109375
25,1.3974609375,73.451171875
26,1.3076171875,74.7587890625
27,1.2607421875,76.01953125
28,1.1650390625,77.1845703125
29,1.087890625,78.2724609375
30,1.041015625,79.3134765625
31,0.96923828125,80.28271484375
32,0.90625,81.18896484375
33,0.82958984375,82.0185546875
34,0.80029296875,82.81884765625
35,0.751953125,83.57080078125
36,0.71142578125,84.2822265625
37,0.66015625,84.9423828125
38,0.62890625,85.5712890625
39,0.59375,86.1650390625
40,0.56982421875,86.73486328125
41,0.5625,87.29736328125
42,0.5400390625,87.83740234375
43,0.5068359375,88.34423828125
44,0.492919921875,88.837158203125
45,0.459228515625,89.29638671875
46,0.440673828125,89.737060546875
47,0.426025390625,90.1630859375
48,0.409912109375,90.572998046875
49,0.390380859375,90.96337890625
50,0.37255859375,91.3359375
51,0.36474609375,91.70068359375
52,0.356201171875,92.056884765625
53,0.3310546875,92.387939453125
54,0.336181640625,92.72412109375
55,0.310546875,93.03466796875
56,0.317138671875,93.351806640625
57,0.299560546875,93.6513671875
58,0.29296875,93.9443359375
59,0.2890625,94.2333984375
60,0.282958984375,94.516357421875
61,0.27587890625,94.792236328125
62,0.268310546875,95.060546875
63,0.258544921875,95.319091796875
64,0.2568359375,95.575927734375
65,0.248779296875,95.82470703125
66,0.239013671875,96.063720703125
67,0.2320556640625,96.2957763671875
68,0.2200927734375,96.515869140625
69,0.2349853515625,96.7508544921875
70,0.21044921875,96.9613037109375
71,0.212646484375,97.1739501953125
72,0.1968994140625,97.370849609375
73,0.2008056640625,97.5716552734375
74,0.1903076171875,97.761962890625
75,0.1907958984375,97.9527587890625
76,0.1793212890625,98.132080078125
77,0.1817626953125,98.3138427734375
78,0.17236328125,98.4862060546875
79,0.169189453125,98.6553955078125
80,0.161865234375,98.8172607421875
81,0.158935546875,98.9761962890625
82,0.1522216796875,99.12841796875
83,0.1500244140625,99.2784423828125
84,0.145263671875,99.4237060546875
85,0.139404296875,99.5631103515625
86,0.1392822265625,99.702392578125
87,0.1348876953125,99.8372802734375
88,0.130615234375,99.9678955078125
89,0.129638671875,100.0975341796875
90,0.1253662109375,100.222900390625
91,0.12298583984375,100.34588623046875
92,0.122314453125,100.46820068359375
93,0.11865234375,100.58685302734375
94,0.11614990234375,100.7030029296875
95,0.11431884765625,100.81732177734375
96,0.1129150390625,100.93023681640625
97,0.109619140625,101.03985595703125
98,0.1080322265625,101.14788818359375
99,0.105224609375,101.25311279296875
100,0.10406494140625,101.357177734375
101,0.10028076171875,101.45745849609375
102,0.09869384765625,101.55615234375
103,0.09515380859375,101.65130615234375
104,0.0948486328125,101.74615478515625
105,0.0919189453125,101.83807373046875
106,0.09112548828125,101.92919921875
107,0.0882568359375,102.0174560546875
108,0.08721923828125,102.10467529296875
109,0.08367919921875,102.1883544921875
110,0.0843505859375,102.272705078125
111,0.08184814453125,102.35455322265625
112,0.08135986328125,102.4359130859375
113,0.0780029296875,102.513916015625
114,0.0791015625,102.593017578125
115,0.07586669921875,102.66888427734375
116,0.07647705078125,102.745361328125
117,0.07269287109375,102.81805419921875
118,0.0731201171875,102.89117431640625
119,0.07025146484375,102.96142578125
120,0.0704345703125,103.0318603515625
121,0.06768798828125,103.09954833984375
122,0.06768798828125,103.167236328125
123,0.065185546875,103.232421875
124,0.06500244140625,103.29742431640625
125,0.062744140625,103.36016845703125
126,0.062347412109375,103.42251586914062
127,0.060089111328125,103.48260498046875
128,0.060882568359375,103.54348754882812
129,0.05841064453125,103.60189819335938
130,0.05804443359375,103.65994262695312
131,0.056121826171875,103.716064453125
132,0.0556640625,103.771728515625
133,0.05426025390625,103.82598876953125
134,0.053314208984375,103.87930297851562
135,0.0518798828125,103.93118286132812
136,0.052398681640625,103.98358154296875
137,0.050079345703125,104.03366088867188
138,0.048370361328125,104.08203125
139,0.0487060546875,104.1307373046875
140,0.046875,104.1776123046875
141,0.04864501953125,104.22625732421875
142,0.04534912109375,104.2716064453125
143,0.046142578125,104.3177490234375
144,0.045074462890625,104.36282348632812
145,0.044189453125,104.40701293945312
146,0.042572021484375,104.4495849609375
147,0.040863037109375,104.49044799804688
148,0.041412353515625,104.5318603515625
149,0.03948974609375,104.57135009765625
150,0.039886474609375,104.61123657226562
151,0.038604736328125,104.64984130859375
152,0.038726806640625,104.68856811523438
153,0.03717041015625,104.72573852539062
154,0.037567138671875,104.7633056640625
155,0.03546142578125,104.79876708984375
156,0.034576416015625,104.83334350585938
157,0.034149169921875,104.86749267578125
158,0.03326416015625,104.9007568359375
159,0.0325927734375,104.933349609375
160,0.032257080078125,104.96560668945312
161,0.03094482421875,104.99655151367188
162,0.03106689453125,105.02761840820312
163,0.0294189453125,105.05703735351562
164,0.0298919677734375,105.08692932128906
165,0.0280914306640625,105.11502075195312
166,0.02825927734375,105.14328002929688
167,0.0279998779296875,105.17127990722656
168,0.027191162109375,105.19847106933594
169,0.0261077880859375,105.22457885742188
170,0.0262908935546875,105.25086975097656
171,0.024871826171875,105.27574157714844
172,0.0245208740234375,105.30026245117188
173,0.0247039794921875,105.32496643066406
174,0.024017333984375,105.34898376464844
175,0.023162841796875,105.37214660644531
176,0.0233154296875,105.39546203613281
177,0.0223388671875,105.41780090332031
178,0.022247314453125,105.44004821777344
179,0.0217132568359375,105.46176147460938
180,0.021484375,105.48324584960938
181,0.0210418701171875,105.50428771972656
182,0.0202789306640625,105.52456665039062
183,0.01953125,105.54409790039062
184,0.019561767578125,105.56365966796875
185,0.0196685791015625,105.58332824707031
186,0.0189666748046875,105.602294921875
187,0.018524169921875,105.62081909179688
188,0.018463134765625,105.6392822265625
189,0.0177459716796875,105.65702819824219
190,0.0176849365234375,105.67471313476562
191,0.0170745849609375,105.69178771972656
192,0.017181396484375,105.70896911621094
193,0.0160980224609375,105.72506713867188
194,0.01666259765625,105.74172973632812
195,0.01556396484375,105.75729370117188
196,0.0158538818359375,105.77314758300781
197,0.015106201171875,105.78825378417969
198,0.01500701904296875,105.80326080322266
199,0.0145111083984375,105.8177719116211
200,0.0145721435546875,105.83234405517578
201,0.0137939453125,105.84613800048828
202,0.014068603515625,105.8602066040039
203,0.013031005859375,105.87323760986328
204,0.0141754150390625,105.88741302490234
205,0.01280975341796875,105.90022277832031
206,0.01268768310546875,105.91291046142578
207,0.01216888427734375,105.92507934570312
208,0.011810302734375,105.9368896484375
209,0.0128173828125,105.94970703125
210,0.0115966796875,105.9613037109375
211,0.011871337890625,105.97317504882812
212,0.01128387451171875,105.98445892333984
213,0.011505126953125,105.99596405029297
214,0.0109100341796875,106.00687408447266
215,0.011077880859375,106.01795196533203
216,0.01064300537109375,106.02859497070312
217,0.01076507568359375,106.03936004638672
218,0.0102691650390625,106.04962921142578
219,0.01025390625,106.05988311767578
220,0.01001739501953125,106.06990051269531
221,0.00977325439453125,106.07967376708984
222,0.009765625,106.08943939208984
223,0.0092926025390625,106.0987319946289
224,0.00945281982421875,106.10818481445312
225,0.00905609130859375,106.11724090576172
226,0.0090484619140625,106.12628936767578
227,0.00861358642578125,106.13490295410156
228,0.00872039794921875,106.14362335205078
229,0.0082855224609375,106.15190887451172
230,0.0085296630859375,106.16043853759766
231,0.00791168212890625,106.16835021972656
232,0.0081634521484375,106.176513671875
233,0.0076904296875,106.1842041015625
234,0.00794219970703125,106.19214630126953
235,0.007381439208984375,106.19952774047852
236,0.007640838623046875,106.20716857910156
237,0.007175445556640625,106.2143440246582
238,0.007434844970703125,106.2217788696289
239,0.00689697265625,106.22867584228516
240,0.007083892822265625,106.23575973510742
241,0.0065460205078125,106.24230575561523
242,0.006679534912109375,106.24898529052734
243,0.0062255859375,106.25521087646484
244,0.0064849853515625,106.2616958618164
245,0.0060577392578125,106.26775360107422
246,0.00621795654296875,106.27397155761719
247,0.005771636962890625,106.27974319458008
248,0.005916595458984375,106.28565979003906
249,0.005496978759765625,106.29115676879883
250,0.00572967529296875,106.2968864440918
251,0.005237579345703125,106.3021240234375
252,0.00555419921875,106.30767822265625
253,0.00507354736328125,106.31275177001953
254,0.005344390869140625,106.31809616088867
255,0.0048828125,106.32297897338867
256,0.00510406494140625,106.32808303833008
257,0.0046539306640625,106.33273696899414
258,0.004913330078125,106.33765029907227
259,0.004489898681640625,106.3421401977539
260,0.004650115966796875,106.3467903137207
261,0.004276275634765625,106.35106658935547
262,0.0045166015625,106.35558319091797
263,0.004024505615234375,106.3596076965332
264,0.004329681396484375,106.36393737792969
265,0.00386810302734375,106.36780548095703
266,0.004119873046875,106.3719253540039
267,0.0037078857421875,106.3756332397461
268,0.00400543212890625,106.379638671875
269,0.003566741943359375,106.38320541381836
270,0.003787994384765625,106.38699340820312
271,0.003452301025390625,106.39044570922852
272,0.00365447998046875,106.39410018920898
273,0.003276824951171875,106.39737701416016
274,0.00353240966796875,106.40090942382812
275,0.0031528472900390625,106.40406227111816
276,0.003345489501953125,106.40740776062012
277,0.003063201904296875,106.41047096252441
278,0.0032062530517578125,106.41367721557617
279,0.00292205810546875,106.41659927368164
280,0.003124237060546875,106.41972351074219
281,0.0027904510498046875,106.42251396179199
282,0.0029964447021484375,106.42551040649414
283,0.002685546875,106.42819595336914
284,0.0028629302978515625,106.43105888366699
285,0.00254058837890625,106.4335994720459
286,0.0027446746826171875,106.43634414672852
287,0.00246429443359375,106.43880844116211
288,0.0026226043701171875,106.44143104553223
289,0.00234222412109375,106.44377326965332
290,0.0024814605712890625,106.44625473022461
291,0.0022640228271484375,106.44851875305176
292,0.00240325927734375,106.4509220123291
293,0.002193450927734375,106.45311546325684
294,0.00231170654296875,106.4554271697998
295,0.0020599365234375,106.45748710632324
296,0.00199127197265625,106.4594783782959
297,0.001956939697265625,106.46143531799316
298,0.001941680908203125,106.46337699890137
299,0.0019207000732421875,106.46529769897461
300,0.001926422119140625,106.46722412109375
301,0.0018777847290039062,106.46910190582275
302,0.0017881393432617188,106.47089004516602
303,0.00177001953125,106.47266006469727
304,0.001728057861328125,106.4743881225586
305,0.0016002655029296875,106.47598838806152
306,0.00162506103515625,106.47761344909668
307,0.0015096664428710938,106.47912311553955
308,0.0015153884887695312,106.48063850402832
309,0.0015020370483398438,106.48214054107666
310,0.0014495849609375,106.4835901260376
311,0.0014486312866210938,106.48503875732422
312,0.00141143798828125,106.4864501953125
313,0.0014286041259765625,106.48787879943848
314,0.0013780593872070312,106.48925685882568
315,0.0013942718505859375,106.49065113067627
316,0.0013399124145507812,106.49199104309082
317,0.001346588134765625,106.49333763122559
318,0.0013170242309570312,106.49465465545654
319,0.001346588134765625,106.49600124359131
320,0.0012559890747070312,106.49725723266602
321,0.0012636184692382812,106.49852085113525
322,0.0012598037719726562,106.49978065490723
323,0.0012407302856445312,106.50102138519287
324,0.001194000244140625,106.50221538543701
325,0.00118255615234375,106.50339794158936
326,0.0011959075927734375,106.50459384918213
327,0.0011587142944335938,106.50575256347656
328,0.001155853271484375,106.50690841674805
329,0.00118255615234375,106.50809097290039
330,0.0011491775512695312,106.50924015045166
331,0.0011091232299804688,106.51034927368164
332,0.0011014938354492188,106.51145076751709
333,0.0010862350463867188,106.51253700256348
334,0.0010585784912109375,106.51359558105469
335,0.0010557174682617188,106.51465129852295
336,0.001041412353515625,106.51569271087646
337,0.0010290145874023438,106.51672172546387
338,0.0010461807250976562,106.51776790618896
339,0.0010213851928710938,106.51878929138184
340,0.000988006591796875,106.51977729797363
