step,loss,cumulative_loss_sum
1,1.275390625,1.275390625
2,1.275390625,2.55078125
3,1.275390625,3.826171875
4,1.275390625,5.1015625
5,1.275390625,6.376953125
6,1.275390625,7.65234375
7,1.275390625,8.927734375
8,1.123046875,10.05078125
9,0.9541015625,11.0048828125
10,0.79736328125,11.80224609375
11,0.6845703125,12.48681640625
12,0.57861328125,13.0654296875
13,0.482666015625,13.548095703125
14,0.4228515625,13.970947265625
15,0.366943359375,14.337890625
16,0.32568359375,14.66357421875
17,0.29052734375,14.9541015625
18,0.261962890625,15.216064453125
19,0.23828125,15.454345703125
20,0.2198486328125,15.6741943359375
21,0.2047119140625,15.87890625
22,0.18994140625,16.06884765625
23,0.178466796875,16.247314453125
24,0.1661376953125,16.4134521484375
25,0.15869140625,16.5721435546875
26,0.150390625,16.7225341796875
27,0.1424560546875,16.864990234375
28,0.1319580078125,16.9969482421875
29,0.12353515625,17.1204833984375
30,0.115234375,17.2357177734375
31,0.10821533203125,17.34393310546875
32,0.1051025390625,17.44903564453125
33,0.09906005859375,17.548095703125
34,0.09344482421875,17.64154052734375
35,0.08984375,17.73138427734375
36,0.086669921875,17.81805419921875
37,0.08319091796875,17.9012451171875
38,0.07891845703125,17.98016357421875
39,0.07635498046875,18.0565185546875
40,0.0726318359375,18.129150390625
41,0.0716552734375,18.2008056640625
42,0.06878662109375,18.26959228515625
43,0.06719970703125,18.3367919921875
44,0.0638427734375,18.400634765625
45,0.06195068359375,18.46258544921875
46,0.058807373046875,18.521392822265625
47,0.05804443359375,18.579437255859375
48,0.054443359375,18.633880615234375
49,0.053070068359375,18.68695068359375
50,0.050811767578125,18.737762451171875
51,0.04998779296875,18.787750244140625
52,0.046783447265625,18.83453369140625
53,0.046600341796875,18.881134033203125
54,0.04437255859375,18.925506591796875
55,0.0423583984375,18.967864990234375
56,0.04132080078125,19.009185791015625
57,0.03912353515625,19.048309326171875
58,0.03814697265625,19.086456298828125
59,0.03643798828125,19.122894287109375
60,0.035736083984375,19.15863037109375
61,0.034088134765625,19.192718505859375
62,0.033203125,19.225921630859375
63,0.0322265625,19.258148193359375
64,0.03131103515625,19.289459228515625
65,0.0301361083984375,19.319595336914062
66,0.0294189453125,19.349014282226562
67,0.02862548828125,19.377639770507812
68,0.027862548828125,19.405502319335938
69,0.02716064453125,19.432662963867188
70,0.0261688232421875,19.458831787109375
71,0.0253448486328125,19.484176635742188
72,0.0247802734375,19.508956909179688
73,0.0237884521484375,19.532745361328125
74,0.0229339599609375,19.555679321289062
75,0.0224609375,19.578140258789062
76,0.0215911865234375,19.5997314453125
77,0.0204315185546875,19.620162963867188
78,0.02008056640625,19.640243530273438
79,0.01904296875,19.659286499023438
80,0.0181732177734375,19.677459716796875
81,0.01763916015625,19.695098876953125
82,0.0165557861328125,19.711654663085938
83,0.0160064697265625,19.7276611328125
84,0.01494598388671875,19.74260711669922
85,0.0147552490234375,19.757362365722656
86,0.0140838623046875,19.771446228027344
87,0.01375579833984375,19.785202026367188
88,0.0135955810546875,19.798797607421875
89,0.0131072998046875,19.811904907226562
90,0.01265716552734375,19.824562072753906
91,0.01239776611328125,19.836959838867188
92,0.0118865966796875,19.848846435546875
93,0.0114593505859375,19.860305786132812
94,0.0111083984375,19.871414184570312
95,0.010955810546875,19.882369995117188
96,0.0106048583984375,19.892974853515625
97,0.01049041748046875,19.903465270996094
98,0.01010894775390625,19.91357421875
99,0.00986480712890625,19.923439025878906
100,0.00952911376953125,19.932968139648438
101,0.0094451904296875,19.942413330078125
102,0.00891876220703125,19.951332092285156
103,0.009063720703125,19.96039581298828
104,0.008544921875,19.96894073486328
105,0.00849151611328125,19.977432250976562
106,0.008148193359375,19.985580444335938
107,0.00807952880859375,19.99365997314453
108,0.007732391357421875,20.001392364501953
109,0.007640838623046875,20.009033203125
110,0.007305145263671875,20.016338348388672
111,0.007251739501953125,20.023590087890625
112,0.006916046142578125,20.030506134033203
113,0.0068511962890625,20.037357330322266
114,0.00659942626953125,20.043956756591797
115,0.0065765380859375,20.050533294677734
116,0.006282806396484375,20.05681610107422
117,0.0062408447265625,20.06305694580078
118,0.00597381591796875,20.06903076171875
119,0.00594329833984375,20.074974060058594
120,0.005748748779296875,20.08072280883789
121,0.005706787109375,20.086429595947266
122,0.005523681640625,20.09195327758789
123,0.005474090576171875,20.097427368164062
124,0.005252838134765625,20.102680206298828
125,0.005214691162109375,20.107894897460938
126,0.005035400390625,20.112930297851562
127,0.005039215087890625,20.117969512939453
128,0.00482177734375,20.122791290283203
129,0.00478363037109375,20.127574920654297
130,0.0046539306640625,20.13222885131836
131,0.0045928955078125,20.136821746826172
132,0.004398345947265625,20.141220092773438
133,0.00438690185546875,20.145606994628906
134,0.00415802001953125,20.149765014648438
135,0.0041351318359375,20.153900146484375
136,0.00405120849609375,20.15795135498047
137,0.003948211669921875,20.16189956665039
138,0.0038661956787109375,20.1657657623291
139,0.003833770751953125,20.169599533081055
140,0.0036602020263671875,20.173259735107422
141,0.0035724639892578125,20.17683219909668
142,0.0034618377685546875,20.180294036865234
143,0.0033588409423828125,20.183652877807617
144,0.0032787322998046875,20.186931610107422
145,0.003192901611328125,20.19012451171875
146,0.003139495849609375,20.19326400756836
147,0.0030689239501953125,20.196332931518555
148,0.003040313720703125,20.199373245239258
149,0.0029697418212890625,20.202342987060547
150,0.0028934478759765625,20.205236434936523
151,0.0028858184814453125,20.20812225341797
152,0.0028095245361328125,20.2109317779541
153,0.0027561187744140625,20.213687896728516
154,0.002674102783203125,20.21636199951172
155,0.0026702880859375,20.219032287597656
156,0.002643585205078125,20.221675872802734
157,0.0025844573974609375,20.224260330200195
158,0.0025463104248046875,20.226806640625
159,0.00252532958984375,20.229331970214844
160,0.0024738311767578125,20.2318058013916
161,0.0024585723876953125,20.234264373779297
162,0.00238800048828125,20.236652374267578
163,0.0023899078369140625,20.239042282104492
164,0.0023136138916015625,20.241355895996094
165,0.002300262451171875,20.243656158447266
166,0.0022735595703125,20.245929718017578
167,0.0022296905517578125,20.248159408569336
168,0.0021915435791015625,20.250350952148438
169,0.0021762847900390625,20.252527236938477
170,0.002147674560546875,20.254674911499023
171,0.002140045166015625,20.25681495666504
172,0.002105712890625,20.258920669555664
173,0.0020809173583984375,20.261001586914062
174,0.0020656585693359375,20.2630672454834
175,0.002048492431640625,20.26511573791504
176,0.00202178955078125,20.26713752746582
177,0.0019893646240234375,20.269126892089844
178,0.00197601318359375,20.271102905273438
179,0.001956939697265625,20.273059844970703
180,0.0019388198852539062,20.274998664855957
181,0.0019388198852539062,20.27693748474121
182,0.0019102096557617188,20.278847694396973
183,0.0018930435180664062,20.28074073791504
184,0.001865386962890625,20.28260612487793
185,0.00185394287109375,20.284460067749023
186,0.0018253326416015625,20.286285400390625
187,0.0018138885498046875,20.28809928894043
188,0.0018062591552734375,20.289905548095703
189,0.0017757415771484375,20.29168128967285
190,0.0017604827880859375,20.293441772460938
191,0.0017423629760742188,20.29518413543701
192,0.0017194747924804688,20.296903610229492
193,0.0017042160034179688,20.29860782623291
194,0.0016994476318359375,20.300307273864746
195,0.001674652099609375,20.301981925964355
196,0.0016584396362304688,20.303640365600586
197,0.0016374588012695312,20.305277824401855
198,0.0016279220581054688,20.30690574645996
199,0.0016222000122070312,20.308527946472168
200,0.0015954971313476562,20.310123443603516
201,0.0015878677368164062,20.311711311340332
202,0.0015668869018554688,20.313278198242188
203,0.001556396484375,20.314834594726562
204,0.0015478134155273438,20.31638240814209
205,0.0015363693237304688,20.31791877746582
206,0.0015287399291992188,20.31944751739502
207,0.0015125274658203125,20.32096004486084
208,0.0015010833740234375,20.322461128234863
209,0.0014848709106445312,20.323945999145508
210,0.0014705657958984375,20.325416564941406
211,0.001461029052734375,20.32687759399414
212,0.0014429092407226562,20.328320503234863
213,0.001430511474609375,20.329751014709473
214,0.00144195556640625,20.33119297027588
215,0.001422882080078125,20.332615852355957
216,0.00140380859375,20.334019660949707
217,0.0013914108276367188,20.335411071777344
218,0.00139617919921875,20.336807250976562
219,0.0013856887817382812,20.3381929397583
220,0.0013637542724609375,20.33955669403076
221,0.0013628005981445312,20.340919494628906
222,0.0013551712036132812,20.34227466583252
223,0.0013437271118164062,20.343618392944336
224,0.0013399124145507812,20.344958305358887
225,0.001323699951171875,20.34628200531006
226,0.001316070556640625,20.3475980758667
227,0.001308441162109375,20.34890651702881
228,0.0013074874877929688,20.3502140045166
229,0.0012941360473632812,20.351508140563965
230,0.0012865066528320312,20.352794647216797
231,0.001270294189453125,20.35406494140625
232,0.0012693405151367188,20.355334281921387
233,0.0012664794921875,20.356600761413574
234,0.0012607574462890625,20.357861518859863
235,0.001251220703125,20.35911273956299
236,0.0012378692626953125,20.360350608825684
237,0.0012311935424804688,20.361581802368164
238,0.001216888427734375,20.3627986907959
239,0.0012111663818359375,20.364009857177734
240,0.0011997222900390625,20.365209579467773
241,0.001201629638671875,20.366411209106445
242,0.0011873245239257812,20.36759853363037
243,0.001178741455078125,20.36877727508545
244,0.001178741455078125,20.369956016540527
245,0.0011701583862304688,20.371126174926758
246,0.0011568069458007812,20.37228298187256
247,0.0011463165283203125,20.37342929840088
248,0.0011463165283203125,20.3745756149292
249,0.0011320114135742188,20.375707626342773
250,0.001132965087890625,20.376840591430664
251,0.0011281967163085938,20.377968788146973
252,0.0011186599731445312,20.379087448120117
253,0.0011119842529296875,20.380199432373047
254,0.0011043548583984375,20.381303787231445
255,0.0010986328125,20.382402420043945
256,0.0010881423950195312,20.383490562438965
257,0.0010881423950195312,20.384578704833984
258,0.0010805130004882812,20.385659217834473
259,0.0010728836059570312,20.38673210144043
260,0.0010671615600585938,20.38779926300049
261,0.0010595321655273438,20.388858795166016
262,0.0010576248168945312,20.38991641998291
263,0.0010576248168945312,20.390974044799805
264,0.00104522705078125,20.392019271850586
265,0.0010395050048828125,20.39305877685547
266,0.0010347366333007812,20.39409351348877
267,0.0010309219360351562,20.395124435424805
268,0.0010328292846679688,20.396157264709473
269,0.0010232925415039062,20.397180557250977
270,0.0010156631469726562,20.39819622039795
271,0.001018524169921875,20.39921474456787
272,0.0010080337524414062,20.400222778320312
273,0.0010013580322265625,20.40122413635254
274,0.0009908676147460938,20.402215003967285
