step,loss,cumulative_loss_sum
1,4.48828125,4.48828125
2,4.48828125,8.9765625
3,4.48828125,13.46484375
4,4.48828125,17.953125
5,4.48828125,22.44140625
6,4.48828125,26.9296875
7,4.265625,31.1953125
8,4.03515625,35.23046875
9,3.787109375,39.017578125
10,3.5625,42.580078125
11,3.326171875,45.90625
12,3.125,49.03125
13,2.921875,51.953125
14,2.71484375,54.66796875
15,2.52734375,57.1953125
16,2.3671875,59.5625
17,2.1953125,61.7578125
18,2.048828125,63.806640625
19,1.9228515625,65.7294921875
20,1.7841796875,67.513671875
21,1.6708984375,69.1845703125
22,1.5634765625,70.748046875
23,1.43359375,72.181640625
24,1.3017578125,73.4833984375
25,1.189453125,74.6728515625
26,1.0869140625,75.759765625
27,1.0107421875,76.7705078125
28,0.9365234375,77.70703125
29,0.86572265625,78.57275390625
30,0.79931640625,79.3720703125
31,0.73779296875,80.10986328125
32,0.67919921875,80.7890625
33,0.6259765625,81.4150390625
34,0.57568359375,81.99072265625
35,0.52783203125,82.5185546875
36,0.4873046875,83.005859375
37,0.445556640625,83.451416015625
38,0.412841796875,83.8642578125
39,0.377685546875,84.241943359375
40,0.347412109375,84.58935546875
41,0.317626953125,84.906982421875
42,0.291259765625,85.1982421875
43,0.26611328125,85.46435546875
44,0.2435302734375,85.7078857421875
45,0.223388671875,85.9312744140625
46,0.2056884765625,86.136962890625
47,0.18701171875,86.323974609375
48,0.17138671875,86.495361328125
49,0.1571044921875,86.6524658203125
50,0.1439208984375,86.79638671875
51,0.13232421875,86.9287109375
52,0.1217041015625,87.0504150390625
53,0.11114501953125,87.16156005859375
54,0.10333251953125,87.264892578125
55,0.0938720703125,87.3587646484375
56,0.085693359375,87.4444580078125
57,0.0784912109375,87.52294921875
58,0.07159423828125,87.59454345703125
59,0.0650634765625,87.65960693359375
60,0.059478759765625,87.71908569335938
61,0.05462646484375,87.77371215820312
62,0.05047607421875,87.82418823242188
63,0.04620361328125,87.87039184570312
64,0.0423583984375,87.91275024414062
65,0.03857421875,87.95132446289062
66,0.035919189453125,87.98724365234375
67,0.032867431640625,88.02011108398438
68,0.0304412841796875,88.05055236816406
69,0.0280914306640625,88.07864379882812
70,0.0258636474609375,88.10450744628906
71,0.0240325927734375,88.1285400390625
72,0.0224609375,88.1510009765625
73,0.020965576171875,88.17196655273438
74,0.019683837890625,88.191650390625
75,0.018341064453125,88.20999145507812
76,0.0171661376953125,88.22715759277344
77,0.016021728515625,88.24317932128906
78,0.01483154296875,88.25801086425781
79,0.01399993896484375,88.27201080322266
80,0.01300811767578125,88.28501892089844
81,0.01187896728515625,88.2968978881836
82,0.01111602783203125,88.30801391601562
83,0.0104522705078125,88.31846618652344
84,0.00988006591796875,88.3283462524414
85,0.00927734375,88.3376235961914
86,0.00884246826171875,88.34646606445312
87,0.00848388671875,88.35494995117188
88,0.0080413818359375,88.36299133300781
89,0.007663726806640625,88.37065505981445
90,0.0073699951171875,88.37802505493164
91,0.00705718994140625,88.38508224487305
92,0.006805419921875,88.39188766479492
93,0.006580352783203125,88.39846801757812
94,0.00628662109375,88.40475463867188
95,0.006137847900390625,88.41089248657227
96,0.0059356689453125,88.41682815551758
97,0.005764007568359375,88.42259216308594
98,0.005588531494140625,88.42818069458008
99,0.005443572998046875,88.43362426757812
100,0.005268096923828125,88.43889236450195
101,0.00514984130859375,88.44404220581055
102,0.005046844482421875,88.44908905029297
103,0.0048980712890625,88.45398712158203
104,0.0047760009765625,88.4587631225586
105,0.0046539306640625,88.46341705322266
106,0.004535675048828125,88.46795272827148
107,0.0044403076171875,88.47239303588867
108,0.004329681396484375,88.47672271728516
109,0.004215240478515625,88.48093795776367
110,0.004154205322265625,88.48509216308594
111,0.004047393798828125,88.48913955688477
112,0.00395965576171875,88.49309921264648
113,0.00386810302734375,88.49696731567383
114,0.0038089752197265625,88.50077629089355
115,0.003742218017578125,88.50451850891113
116,0.0036373138427734375,88.5081558227539
117,0.0035953521728515625,88.51175117492676
118,0.003520965576171875,88.51527214050293
119,0.0034656524658203125,88.51873779296875
120,0.0033969879150390625,88.52213478088379
121,0.0033416748046875,88.52547645568848
122,0.0033111572265625,88.52878761291504
123,0.0032501220703125,88.53203773498535
124,0.003177642822265625,88.53521537780762
125,0.003147125244140625,88.53836250305176
126,0.00305938720703125,88.54142189025879
127,0.0030059814453125,88.5444278717041
128,0.0029621124267578125,88.54738998413086
129,0.0029087066650390625,88.5502986907959
130,0.0028705596923828125,88.55316925048828
131,0.0028285980224609375,88.55599784851074
132,0.002777099609375,88.55877494812012
133,0.002735137939453125,88.56151008605957
134,0.0026988983154296875,88.564208984375
135,0.0026836395263671875,88.56689262390137
136,0.0026397705078125,88.56953239440918
137,0.00260162353515625,88.57213401794434
138,0.00257110595703125,88.57470512390137
139,0.002536773681640625,88.57724189758301
140,0.00250244140625,88.57974433898926
141,0.0024623870849609375,88.58220672607422
142,0.0024394989013671875,88.58464622497559
143,0.0023937225341796875,88.58703994750977
144,0.002376556396484375,88.58941650390625
145,0.002353668212890625,88.59177017211914
146,0.0023040771484375,88.59407424926758
147,0.0022907257080078125,88.59636497497559
148,0.0022373199462890625,88.59860229492188
149,0.0022220611572265625,88.6008243560791
150,0.002185821533203125,88.6030101776123
151,0.0021839141845703125,88.60519409179688
152,0.00215911865234375,88.60735321044922
153,0.00214385986328125,88.6094970703125
154,0.002117156982421875,88.61161422729492
155,0.002101898193359375,88.61371612548828
156,0.002071380615234375,88.61578750610352
157,0.002044677734375,88.61783218383789
158,0.00201416015625,88.61984634399414
159,0.0020084381103515625,88.62185478210449
160,0.00197601318359375,88.62383079528809
161,0.0019464492797851562,88.62577724456787
162,0.0019350051879882812,88.62771224975586
163,0.00191497802734375,88.6296272277832
164,0.001911163330078125,88.63153839111328
165,0.0018835067749023438,88.63342189788818
166,0.0018758773803710938,88.63529777526855
167,0.0018463134765625,88.63714408874512
168,0.0018329620361328125,88.63897705078125
169,0.0018224716186523438,88.6407995223999
170,0.0018053054809570312,88.64260482788086
171,0.001781463623046875,88.6443862915039
172,0.0017681121826171875,88.64615440368652
173,0.00174713134765625,88.64790153503418
174,0.0017328262329101562,88.64963436126709
175,0.0017347335815429688,88.65136909484863
176,0.00170135498046875,88.6530704498291
177,0.0016880035400390625,88.65475845336914
178,0.0016717910766601562,88.6564302444458
179,0.001667022705078125,88.65809726715088
180,0.001651763916015625,88.6597490310669
181,0.0016431808471679688,88.66139221191406
182,0.0016164779663085938,88.66300868988037
183,0.0016040802001953125,88.66461277008057
184,0.0015802383422851562,88.66619300842285
185,0.00157928466796875,88.66777229309082
186,0.0015630722045898438,88.66933536529541
187,0.0015554428100585938,88.67089080810547
188,0.0015478134155273438,88.672438621521
189,0.0015277862548828125,88.67396640777588
190,0.0015277862548828125,88.67549419403076
191,0.0015048980712890625,88.67699909210205
192,0.0015010833740234375,88.67850017547607
193,0.0014867782592773438,88.67998695373535
194,0.0014677047729492188,88.6814546585083
195,0.0014600753784179688,88.68291473388672
196,0.0014429092407226562,88.68435764312744
197,0.0014390945434570312,88.6857967376709
198,0.0014276504516601562,88.68722438812256
199,0.0014209747314453125,88.688645362854
200,0.001407623291015625,88.69005298614502
201,0.0013971328735351562,88.69145011901855
202,0.0013742446899414062,88.6928243637085
203,0.0013675689697265625,88.69419193267822
204,0.0013608932495117188,88.69555282592773
205,0.0013513565063476562,88.69690418243408
206,0.0013408660888671875,88.69824504852295
207,0.0013265609741210938,88.69957160949707
208,0.0013256072998046875,88.70089721679688
209,0.0013170242309570312,88.70221424102783
210,0.0013017654418945312,88.70351600646973
211,0.001293182373046875,88.70480918884277
212,0.0012769699096679688,88.70608615875244
213,0.00127410888671875,88.70736026763916
214,0.0012617111206054688,88.70862197875977
215,0.0012454986572265625,88.70986747741699
216,0.0012445449829101562,88.7111120223999
217,0.0012340545654296875,88.71234607696533
218,0.0012187957763671875,88.7135648727417
219,0.00121307373046875,88.71477794647217
220,0.0012054443359375,88.7159833908081
221,0.0012044906616210938,88.71718788146973
222,0.0011949539184570312,88.71838283538818
223,0.001178741455078125,88.71956157684326
224,0.0011682510375976562,88.72072982788086
225,0.0011606216430664062,88.72189044952393
226,0.0011539459228515625,88.72304439544678
227,0.001155853271484375,88.72420024871826
228,0.0011358261108398438,88.7253360748291
229,0.0011281967163085938,88.72646427154541
230,0.0011243820190429688,88.72758865356445
231,0.00112152099609375,88.72871017456055
232,0.00110626220703125,88.72981643676758
233,0.0011014938354492188,88.73091793060303
234,0.0010900497436523438,88.73200798034668
235,0.0010900497436523438,88.73309803009033
236,0.0010833740234375,88.73418140411377
237,0.00107574462890625,88.73525714874268
238,0.0010766983032226562,88.7363338470459
239,0.0010585784912109375,88.73739242553711
240,0.0010538101196289062,88.73844623565674
241,0.001041412353515625,88.73948764801025
242,0.0010347366333007812,88.74052238464355
243,0.0010404586791992188,88.74156284332275
244,0.0010290145874023438,88.74259185791016
245,0.0010194778442382812,88.7436113357544
246,0.0010089874267578125,88.74462032318115
247,0.0010061264038085938,88.74562644958496
248,0.00099945068359375,88.74662590026855
