step,loss,cumulative_loss_sum
1,1.54296875,1.54296875
2,1.54296875,3.0859375
3,1.54296875,4.62890625
4,1.54296875,6.171875
5,1.54296875,7.71484375
6,1.54296875,9.2578125
7,1.4140625,10.671875
8,1.3134765625,11.9853515625
9,1.216796875,13.2021484375
10,1.1318359375,14.333984375
11,1.0654296875,15.3994140625
12,1.0107421875,16.41015625
13,0.9658203125,17.3759765625
14,0.92236328125,18.29833984375
15,0.8779296875,19.17626953125
16,0.83203125,20.00830078125
17,0.79296875,20.80126953125
18,0.75390625,21.55517578125
19,0.71826171875,22.2734375
20,0.68359375,22.95703125
21,0.6494140625,23.6064453125
22,0.62158203125,24.22802734375
23,0.59326171875,24.8212890625
24,0.5625,25.3837890625
25,0.529296875,25.9130859375
26,0.50244140625,26.41552734375
27,0.475830078125,26.891357421875
28,0.45263671875,27.343994140625
29,0.42919921875,27.773193359375
30,0.407958984375,28.18115234375
31,0.38818359375,28.5693359375
32,0.370361328125,28.939697265625
33,0.35302734375,29.292724609375
34,0.3369140625,29.629638671875
35,0.3232421875,29.952880859375
36,0.30859375,30.261474609375
37,0.29248046875,30.553955078125
38,0.280029296875,30.833984375
39,0.267578125,31.1015625
40,0.25439453125,31.35595703125
41,0.244873046875,31.600830078125
42,0.23779296875,31.838623046875
43,0.228759765625,32.0673828125
44,0.2215576171875,32.2889404296875
45,0.216552734375,32.5054931640625
46,0.2091064453125,32.714599609375
47,0.2047119140625,32.9193115234375
48,0.1949462890625,33.1142578125
49,0.18994140625,33.30419921875
50,0.181884765625,33.486083984375
51,0.179443359375,33.66552734375
52,0.169921875,33.83544921875
53,0.1650390625,34.00048828125
54,0.1588134765625,34.1593017578125
55,0.15283203125,34.3121337890625
56,0.146240234375,34.4583740234375
57,0.1396484375,34.5980224609375
58,0.134765625,34.7327880859375
59,0.12890625,34.8616943359375
60,0.1236572265625,34.9853515625
61,0.11767578125,35.10302734375
62,0.11279296875,35.2158203125
63,0.1070556640625,35.3228759765625
64,0.10205078125,35.4249267578125
65,0.09765625,35.5225830078125
66,0.0933837890625,35.615966796875
67,0.089111328125,35.705078125
68,0.08416748046875,35.78924560546875
69,0.080078125,35.86932373046875
70,0.07623291015625,35.945556640625
71,0.0718994140625,36.0174560546875
72,0.06842041015625,36.08587646484375
73,0.06524658203125,36.151123046875
74,0.0625,36.213623046875
75,0.059051513671875,36.272674560546875
76,0.056854248046875,36.32952880859375
77,0.05364990234375,36.3831787109375
78,0.05126953125,36.4344482421875
79,0.048828125,36.4832763671875
80,0.04669189453125,36.52996826171875
81,0.045196533203125,36.575164794921875
82,0.042938232421875,36.61810302734375
83,0.040802001953125,36.658905029296875
84,0.03900146484375,36.697906494140625
85,0.037139892578125,36.73504638671875
86,0.03582763671875,36.7708740234375
87,0.034332275390625,36.805206298828125
88,0.033172607421875,36.83837890625
89,0.031585693359375,36.869964599609375
90,0.0302734375,36.900238037109375
91,0.0292205810546875,36.92945861816406
92,0.0280609130859375,36.95751953125
93,0.027008056640625,36.984527587890625
94,0.0260009765625,37.010528564453125
95,0.0245361328125,37.035064697265625
96,0.023406982421875,37.0584716796875
97,0.022247314453125,37.080718994140625
98,0.02130126953125,37.102020263671875
99,0.020416259765625,37.1224365234375
100,0.0194854736328125,37.14192199707031
101,0.0185699462890625,37.160491943359375
102,0.0176239013671875,37.17811584472656
103,0.016876220703125,37.19499206542969
104,0.016204833984375,37.21119689941406
105,0.01544189453125,37.22663879394531
106,0.01500701904296875,37.24164581298828
107,0.01432037353515625,37.25596618652344
108,0.0138092041015625,37.269775390625
109,0.01337432861328125,37.28314971923828
110,0.01276397705078125,37.29591369628906
111,0.0123291015625,37.30824279785156
112,0.0118408203125,37.32008361816406
113,0.0113067626953125,37.331390380859375
114,0.0109405517578125,37.34233093261719
115,0.010498046875,37.35282897949219
116,0.01009368896484375,37.36292266845703
117,0.009765625,37.37268829345703
118,0.00942230224609375,37.382110595703125
119,0.00905609130859375,37.39116668701172
120,0.00881195068359375,37.39997863769531
121,0.00852203369140625,37.40850067138672
122,0.00829315185546875,37.41679382324219
123,0.00801849365234375,37.42481231689453
124,0.007801055908203125,37.432613372802734
125,0.0075225830078125,37.44013595581055
126,0.007320404052734375,37.44745635986328
127,0.007083892822265625,37.45454025268555
128,0.006977081298828125,37.461517333984375
129,0.0067901611328125,37.46830749511719
130,0.00655364990234375,37.47486114501953
131,0.0063934326171875,37.48125457763672
132,0.006206512451171875,37.48746109008789
133,0.006053924560546875,37.49351501464844
134,0.005931854248046875,37.499446868896484
135,0.0057220458984375,37.50516891479492
136,0.005573272705078125,37.5107421875
137,0.0054473876953125,37.51618957519531
138,0.005306243896484375,37.5214958190918
139,0.0052032470703125,37.52669906616211
140,0.005084991455078125,37.53178405761719
141,0.0049591064453125,37.5367431640625
142,0.00484466552734375,37.541587829589844
143,0.004730224609375,37.54631805419922
144,0.00463104248046875,37.55094909667969
145,0.004520416259765625,37.55546951293945
146,0.004436492919921875,37.559906005859375
147,0.00435638427734375,37.56426239013672
148,0.004261016845703125,37.56852340698242
149,0.004180908203125,37.57270431518555
150,0.00411224365234375,37.57681655883789
151,0.0040283203125,37.58084487915039
152,0.003963470458984375,37.584808349609375
153,0.0038776397705078125,37.58868598937988
154,0.00382232666015625,37.59250831604004
155,0.0037555694580078125,37.59626388549805
156,0.003704071044921875,37.59996795654297
157,0.0036258697509765625,37.603593826293945
158,0.0035762786865234375,37.60717010498047
159,0.0035305023193359375,37.610700607299805
160,0.0034580230712890625,37.614158630371094
161,0.0033931732177734375,37.61755180358887
162,0.0033626556396484375,37.620914459228516
163,0.003299713134765625,37.62421417236328
164,0.0032482147216796875,37.62746238708496
165,0.0032100677490234375,37.630672454833984
166,0.003143310546875,37.63381576538086
167,0.003124237060546875,37.636940002441406
168,0.0030670166015625,37.64000701904297
169,0.0030193328857421875,37.64302635192871
170,0.00296783447265625,37.64599418640137
171,0.002925872802734375,37.6489200592041
172,0.0029010772705078125,37.65182113647461
173,0.0028476715087890625,37.6546688079834
174,0.002811431884765625,37.657480239868164
175,0.0027923583984375,37.6602725982666
176,0.002750396728515625,37.66302299499512
177,0.0027179718017578125,37.665740966796875
178,0.00266265869140625,37.66840362548828
179,0.0026454925537109375,37.67104911804199
180,0.0026149749755859375,37.67366409301758
181,0.0025691986083984375,37.67623329162598
182,0.0025348663330078125,37.678768157958984
183,0.0025177001953125,37.6812858581543
184,0.002483367919921875,37.68376922607422
185,0.00244903564453125,37.68621826171875
186,0.00240325927734375,37.688621520996094
187,0.0023651123046875,37.69098663330078
188,0.0023555755615234375,37.693342208862305
189,0.0023250579833984375,37.6956672668457
190,0.00228118896484375,37.69794845581055
191,0.0022640228271484375,37.700212478637695
192,0.002246856689453125,37.70245933532715
193,0.0022029876708984375,37.70466232299805
194,0.0021877288818359375,37.70685005187988
195,0.0021724700927734375,37.709022521972656
196,0.00214385986328125,37.71116638183594
197,0.00209808349609375,37.71326446533203
198,0.0020999908447265625,37.71536445617676
199,0.002086639404296875,37.717451095581055
200,0.002040863037109375,37.719491958618164
201,0.002025604248046875,37.72151756286621
202,0.0020236968994140625,37.723541259765625
203,0.0019969940185546875,37.72553825378418
204,0.001972198486328125,37.72751045227051
205,0.0019445419311523438,37.72945499420166
206,0.001922607421875,37.731377601623535
207,0.0019054412841796875,37.733283042907715
208,0.0018911361694335938,37.73517417907715
209,0.0018682479858398438,37.73704242706299
210,0.0018548965454101562,37.7388973236084
211,0.0018415451049804688,37.74073886871338
212,0.0018186569213867188,37.742557525634766
213,0.0018091201782226562,37.74436664581299
214,0.0017833709716796875,37.74615001678467
215,0.0017604827880859375,37.747910499572754
216,0.00174713134765625,37.74965763092041
217,0.001735687255859375,37.75139331817627
218,0.0017232894897460938,37.753116607666016
219,0.0017004013061523438,37.75481700897217
220,0.0016736984252929688,37.75649070739746
221,0.0016736984252929688,37.758164405822754
222,0.0016498565673828125,37.75981426239014
223,0.0016498565673828125,37.76146411895752
224,0.0016164779663085938,37.76308059692383
225,0.0016069412231445312,37.76468753814697
226,0.0015926361083984375,37.76628017425537
227,0.0015697479248046875,37.767849922180176
228,0.0015592575073242188,37.7694091796875
229,0.001552581787109375,37.77096176147461
230,0.0015382766723632812,37.77250003814697
231,0.00151824951171875,37.77401828765869
232,0.001506805419921875,37.77552509307861
233,0.0014972686767578125,37.77702236175537
234,0.001476287841796875,37.77849864959717
235,0.0014677047729492188,37.77996635437012
236,0.0014562606811523438,37.78142261505127
237,0.0014467239379882812,37.78286933898926
238,0.0014362335205078125,37.784305572509766
239,0.0014257431030273438,37.78573131561279
240,0.0014200210571289062,37.78715133666992
241,0.0014085769653320312,37.788559913635254
242,0.0013914108276367188,37.78995132446289
243,0.0013790130615234375,37.791330337524414
244,0.0013675689697265625,37.79269790649414
245,0.001361846923828125,37.79405975341797
246,0.00135040283203125,37.79541015625
247,0.001338958740234375,37.796749114990234
248,0.0013341903686523438,37.79808330535889
249,0.0013151168823242188,37.79939842224121
250,0.0013065338134765625,37.80070495605469
251,0.0012941360473632812,37.80199909210205
252,0.0012950897216796875,37.80329418182373
253,0.0012884140014648438,37.804582595825195
254,0.0012769699096679688,37.80585956573486
255,0.00125885009765625,37.80711841583252
256,0.0012521743774414062,37.80837059020996
257,0.00124359130859375,37.809614181518555
258,0.0012350082397460938,37.8108491897583
259,0.0012197494506835938,37.812068939208984
260,0.0012083053588867188,37.81327724456787
261,0.0012102127075195312,37.81448745727539
262,0.0011949539184570312,37.81568241119385
263,0.0011959075927734375,37.81687831878662
264,0.001178741455078125,37.8180570602417
265,0.0011720657348632812,37.81922912597656
266,0.0011568069458007812,37.82038593292236
267,0.0011463165283203125,37.821532249450684
268,0.0011463165283203125,37.822678565979004
269,0.0011396408081054688,37.82381820678711
270,0.001132965087890625,37.824951171875
271,0.0011262893676757812,37.826077461242676
272,0.0011148452758789062,37.827192306518555
273,0.0011081695556640625,37.82830047607422
274,0.001102447509765625,37.829402923583984
275,0.0011005401611328125,37.83050346374512
276,0.0010938644409179688,37.831597328186035
277,0.001087188720703125,37.83268451690674
278,0.0010786056518554688,37.833763122558594
279,0.0010709762573242188,37.83483409881592
280,0.001064300537109375,37.83589839935303
281,0.0010585784912109375,37.83695697784424
282,0.0010499954223632812,37.8380069732666
283,0.0010433197021484375,37.83905029296875
284,0.0010347366333007812,37.84008502960205
285,0.0010328292846679688,37.84111785888672
286,0.0010280609130859375,37.842145919799805
287,0.0010204315185546875,37.84316635131836
288,0.001007080078125,37.844173431396484
289,0.0010042190551757812,37.84517765045166
290,0.0010013580322265625,37.84617900848389
291,0.0009965896606445312,37.84717559814453
