step,loss,cumulative_loss_sum
1,7.60546875,7.60546875
2,7.60546875,15.2109375
3,7.60546875,22.81640625
4,7.60546875,30.421875
5,7.60546875,38.02734375
6,7.60546875,45.6328125
7,7.375,53.0078125
8,7.12890625,60.13671875
9,6.8984375,67.03515625
10,6.8984375,73.93359375
11,6.66796875,80.6015625
12,6.43359375,87.03515625
13,6.21875,93.25390625
14,6.0390625,99.29296875
15,5.8203125,105.11328125
16,5.55078125,110.6640625
17,5.2421875,115.90625
18,4.953125,120.859375
19,4.6796875,125.5390625
20,4.421875,129.9609375
21,4.1328125,134.09375
22,3.890625,137.984375
23,3.65234375,141.63671875
24,3.396484375,145.033203125
25,3.142578125,148.17578125
26,2.861328125,151.037109375
27,2.501953125,153.5390625
28,2.05078125,155.58984375
29,2.05078125,157.640625
30,1.5390625,159.1796875
31,1.1474609375,160.3271484375
32,0.80712890625,161.13427734375
33,0.56103515625,161.6953125
34,0.4228515625,162.1181640625
35,0.33837890625,162.45654296875
36,0.28125,162.73779296875
37,0.2305908203125,162.9683837890625
38,0.1929931640625,163.161376953125
39,0.167724609375,163.3291015625
40,0.1483154296875,163.4774169921875
41,0.1295166015625,163.60693359375
42,0.114501953125,163.721435546875
43,0.10552978515625,163.82696533203125
44,0.09716796875,163.92413330078125
45,0.088623046875,164.01275634765625
46,0.077880859375,164.09063720703125
47,0.067138671875,164.15777587890625
48,0.058746337890625,164.21652221679688
49,0.051300048828125,164.267822265625
50,0.045684814453125,164.31350708007812
51,0.040740966796875,164.354248046875
52,0.0372314453125,164.3914794921875
53,0.0340576171875,164.425537109375
54,0.031005859375,164.45654296875
55,0.02911376953125,164.48565673828125
56,0.0274505615234375,164.5131072998047
57,0.0262908935546875,164.53939819335938
58,0.0246124267578125,164.5640106201172
59,0.023406982421875,164.58741760253906
60,0.0216827392578125,164.60910034179688
61,0.0208282470703125,164.6299285888672
62,0.01953125,164.6494598388672
63,0.0191497802734375,164.66860961914062
64,0.017913818359375,164.6865234375
65,0.0173492431640625,164.70387268066406
66,0.0160980224609375,164.719970703125
67,0.0157928466796875,164.7357635498047
68,0.01500701904296875,164.75077056884766
69,0.0147705078125,164.76554107666016
70,0.01389312744140625,164.77943420410156
71,0.01348114013671875,164.79291534423828
72,0.012786865234375,164.80570220947266
73,0.01250457763671875,164.81820678710938
74,0.01175689697265625,164.82996368408203
75,0.01155853271484375,164.84152221679688
76,0.0108489990234375,164.8523712158203
77,0.0105743408203125,164.86294555664062
78,0.00988006591796875,164.8728256225586
79,0.00994873046875,164.88277435302734
80,0.00902557373046875,164.8917999267578
81,0.0088348388671875,164.900634765625
82,0.0079193115234375,164.90855407714844
83,0.007526397705078125,164.91608047485352
84,0.00724029541015625,164.92332077026367
85,0.007205963134765625,164.93052673339844
86,0.006511688232421875,164.93703842163086
87,0.00623321533203125,164.9432716369629
88,0.005695343017578125,164.94896697998047
89,0.005283355712890625,164.95425033569336
90,0.0050048828125,164.95925521850586
91,0.0046844482421875,164.96393966674805
92,0.004566192626953125,164.968505859375
93,0.00434112548828125,164.97284698486328
94,0.004123687744140625,164.97697067260742
95,0.003986358642578125,164.98095703125
96,0.0038166046142578125,164.98477363586426
97,0.0037517547607421875,164.988525390625
98,0.003650665283203125,164.9921760559082
99,0.0035266876220703125,164.99570274353027
100,0.0034160614013671875,164.99911880493164
101,0.003345489501953125,165.0024642944336
102,0.003246307373046875,165.00571060180664
103,0.003177642822265625,165.0088882446289
104,0.0031147003173828125,165.0120029449463
105,0.00299835205078125,165.01500129699707
106,0.0029296875,165.01793098449707
107,0.002864837646484375,165.02079582214355
108,0.0028324127197265625,165.02362823486328
109,0.0027828216552734375,165.02641105651855
110,0.0026836395263671875,165.02909469604492
111,0.002651214599609375,165.03174591064453
112,0.002590179443359375,165.0343360900879
113,0.0025234222412109375,165.0368595123291
114,0.0024738311767578125,165.03933334350586
115,0.0024261474609375,165.0417594909668
116,0.00238037109375,165.04413986206055
117,0.0023326873779296875,165.04647254943848
118,0.0023021697998046875,165.04877471923828
119,0.002246856689453125,165.05102157592773
120,0.0022125244140625,165.0532341003418
121,0.0021572113037109375,165.0553913116455
122,0.0021381378173828125,165.0575294494629
123,0.0020885467529296875,165.05961799621582
124,0.0020542144775390625,165.06167221069336
125,0.0020294189453125,165.06370162963867
126,0.0019931793212890625,165.06569480895996
127,0.001949310302734375,165.0676441192627
128,0.0019121170043945312,165.0695562362671
129,0.0018863677978515625,165.07144260406494
130,0.0018596649169921875,165.07330226898193
131,0.0018138885498046875,165.07511615753174
132,0.0017833709716796875,165.07689952850342
133,0.0017633438110351562,165.07866287231445
134,0.0017271041870117188,165.08038997650146
135,0.0017185211181640625,165.08210849761963
136,0.001689910888671875,165.0837984085083
137,0.0016527175903320312,165.08545112609863
138,0.0016374588012695312,165.0870885848999
139,0.0016107559204101562,165.0886993408203
140,0.0015811920166015625,165.0902805328369
141,0.0015707015991210938,165.09185123443604
142,0.0015401840209960938,165.09339141845703
143,0.0015211105346679688,165.0949125289917
144,0.0015020370483398438,165.09641456604004
145,0.0014791488647460938,165.09789371490479
146,0.0014638900756835938,165.09935760498047
147,0.001438140869140625,165.1007957458496
148,0.0014333724975585938,165.10222911834717
149,0.0014133453369140625,165.10364246368408
150,0.0013971328735351562,165.10503959655762
151,0.0013704299926757812,165.1064100265503
152,0.0013647079467773438,165.10777473449707
153,0.0013341903686523438,165.10910892486572
154,0.0013179779052734375,165.110426902771
155,0.0013055801391601562,165.11173248291016
156,0.0012969970703125,165.11302947998047
157,0.0012712478637695312,165.11430072784424
158,0.0012617111206054688,165.11556243896484
159,0.0012502670288085938,165.11681270599365
160,0.0012302398681640625,165.11804294586182
161,0.0012226104736328125,165.11926555633545
162,0.0012073516845703125,165.12047290802002
163,0.0011911392211914062,165.1216640472412
164,0.0011796951293945312,165.1228437423706
165,0.0011682510375976562,165.1240119934082
166,0.0011625289916992188,165.1251745223999
167,0.0011529922485351562,165.12632751464844
168,0.0011348724365234375,165.12746238708496
169,0.00112152099609375,165.12858390808105
170,0.00112152099609375,165.12970542907715
171,0.0010967254638671875,165.13080215454102
172,0.0010881423950195312,165.13189029693604
173,0.001079559326171875,165.1329698562622
174,0.001068115234375,165.13403797149658
175,0.0010671615600585938,165.13510513305664
176,0.0010547637939453125,165.1361598968506
177,0.0010385513305664062,165.13719844818115
178,0.0010385513305664062,165.13823699951172
179,0.0010271072387695312,165.1392641067505
180,0.0010194778442382812,165.14028358459473
181,0.0010137557983398438,165.14129734039307
182,0.0010051727294921875,165.14230251312256
183,0.0009984970092773438,165.14330101013184
