step,loss,cumulative_loss_sum
1,7.76171875,7.76171875
2,7.76171875,15.5234375
3,7.76171875,23.28515625
4,7.76171875,31.046875
5,7.76171875,38.80859375
6,7.76171875,46.5703125
7,7.58984375,54.16015625
8,7.43359375,61.59375
9,7.43359375,69.02734375
10,7.26953125,76.296875
11,7.078125,83.375
12,6.890625,90.265625
13,6.70703125,96.97265625
14,6.5703125,103.54296875
15,6.4375,109.98046875
16,6.30859375,116.2890625
17,6.16015625,122.44921875
18,6.03125,128.48046875
19,5.87890625,134.359375
20,5.7265625,140.0859375
21,5.5625,145.6484375
22,5.38671875,151.03515625
23,5.23046875,156.265625
24,5.07421875,161.33984375
25,4.9140625,166.25390625
26,4.75,171.00390625
27,4.5703125,175.57421875
28,4.4140625,179.98828125
29,4.27734375,184.265625
30,4.13671875,188.40234375
31,3.984375,192.38671875
32,3.84375,196.23046875
33,3.681640625,199.912109375
34,3.54296875,203.455078125
35,3.40625,206.861328125
36,3.263671875,210.125
37,3.107421875,213.232421875
38,3.029296875,216.26171875
39,2.908203125,219.169921875
40,2.82421875,221.994140625
41,2.724609375,224.71875
42,2.67578125,227.39453125
43,2.537109375,229.931640625
44,2.470703125,232.40234375
45,2.3671875,234.76953125
46,2.3671875,237.13671875
47,2.341796875,239.478515625
48,2.224609375,241.703125
49,2.1640625,243.8671875
50,2.08203125,245.94921875
51,1.9873046875,247.9365234375
52,1.912109375,249.8486328125
53,1.822265625,251.6708984375
54,1.728515625,253.3994140625
55,1.6376953125,255.037109375
56,1.5439453125,256.5810546875
57,1.4560546875,258.037109375
58,1.380859375,259.41796875
59,1.318359375,260.736328125
60,1.25,261.986328125
61,1.236328125,263.22265625
62,1.1884765625,264.4111328125
63,1.1337890625,265.544921875
64,1.0654296875,266.6103515625
65,1.041015625,267.6513671875
66,0.994140625,268.6455078125
67,0.95166015625,269.59716796875
68,0.92041015625,270.517578125
69,0.87548828125,271.39306640625
70,0.8466796875,272.23974609375
71,0.78564453125,273.025390625
72,0.75830078125,273.78369140625
73,0.69775390625,274.4814453125
74,0.6748046875,275.15625
75,0.6318359375,275.7880859375
76,0.625,276.4130859375
77,0.57373046875,276.98681640625
78,0.568359375,277.55517578125
79,0.5234375,278.07861328125
80,0.51416015625,278.5927734375
81,0.480712890625,279.073486328125
82,0.474609375,279.548095703125
83,0.440185546875,279.98828125
84,0.441162109375,280.429443359375
85,0.40380859375,280.833251953125
86,0.40478515625,281.238037109375
87,0.373291015625,281.611328125
88,0.3740234375,281.9853515625
89,0.341796875,282.3271484375
90,0.343505859375,282.670654296875
91,0.310546875,282.981201171875
92,0.3173828125,283.298583984375
93,0.2802734375,283.578857421875
94,0.285888671875,283.86474609375
95,0.2607421875,284.12548828125
96,0.265380859375,284.390869140625
97,0.238037109375,284.62890625
98,0.2421875,284.87109375
99,0.220458984375,285.091552734375
100,0.2171630859375,285.3087158203125
101,0.1981201171875,285.5068359375
102,0.1927490234375,285.6995849609375
103,0.1798095703125,285.87939453125
104,0.17578125,286.05517578125
105,0.164306640625,286.219482421875
106,0.1595458984375,286.3790283203125
107,0.147216796875,286.5262451171875
108,0.1419677734375,286.668212890625
109,0.1317138671875,286.7999267578125
110,0.1275634765625,286.927490234375
111,0.1175537109375,287.0450439453125
112,0.1119384765625,287.156982421875
113,0.10498046875,287.261962890625
114,0.09356689453125,287.35552978515625
115,0.085205078125,287.44073486328125
116,0.0772705078125,287.51800537109375
117,0.07025146484375,287.5882568359375
118,0.06439208984375,287.65264892578125
119,0.05877685546875,287.71142578125
120,0.05291748046875,287.76434326171875
121,0.046539306640625,287.8108825683594
122,0.0435791015625,287.8544616699219
123,0.0389404296875,287.8934020996094
124,0.036651611328125,287.9300537109375
125,0.033416748046875,287.9634704589844
126,0.032073974609375,287.99554443359375
127,0.0290374755859375,288.0245819091797
128,0.0276031494140625,288.05218505859375
129,0.0262451171875,288.07843017578125
130,0.0246124267578125,288.10304260253906
131,0.0231475830078125,288.1261901855469
132,0.0213165283203125,288.1475067138672
133,0.01983642578125,288.16734313964844
134,0.0189666748046875,288.1863098144531
135,0.018341064453125,288.20465087890625
136,0.016693115234375,288.2213439941406
137,0.014923095703125,288.23626708984375
138,0.0140838623046875,288.25035095214844
139,0.01320648193359375,288.26355743408203
140,0.0125732421875,288.27613067626953
141,0.01207733154296875,288.2882080078125
142,0.01104736328125,288.29925537109375
143,0.0098419189453125,288.30909729003906
144,0.00921630859375,288.3183135986328
145,0.0089874267578125,288.3273010253906
146,0.008453369140625,288.33575439453125
147,0.00801849365234375,288.3437728881836
148,0.007778167724609375,288.3515510559082
149,0.007389068603515625,288.3589401245117
150,0.007053375244140625,288.36599349975586
151,0.006534576416015625,288.3725280761719
152,0.006038665771484375,288.37856674194336
153,0.0056304931640625,288.3841972351074
154,0.00531768798828125,288.3895149230957
155,0.004962921142578125,288.3944778442383
156,0.0047454833984375,288.3992233276367
157,0.00446319580078125,288.4036865234375
158,0.00432586669921875,288.4080123901367
159,0.00437164306640625,288.4123840332031
160,0.00408172607421875,288.41646575927734
161,0.0039043426513671875,288.4203701019287
162,0.003704071044921875,288.42407417297363
163,0.0035228729248046875,288.42759704589844
164,0.003398895263671875,288.4309959411621
165,0.0032672882080078125,288.4342632293701
166,0.0031757354736328125,288.43743896484375
167,0.003070831298828125,288.4405097961426
168,0.002986907958984375,288.44349670410156
169,0.0028591156005859375,288.44635581970215
170,0.002780914306640625,288.4491367340088
171,0.0027713775634765625,288.45190811157227
172,0.0026531219482421875,288.4545612335205
173,0.002597808837890625,288.4571590423584
174,0.0025424957275390625,288.45970153808594
175,0.0024662017822265625,288.46216773986816
176,0.00243377685546875,288.46460151672363
177,0.002353668212890625,288.4669551849365
178,0.0023059844970703125,288.4692611694336
179,0.002254486083984375,288.4715156555176
180,0.0022182464599609375,288.47373390197754
181,0.002178192138671875,288.4759120941162
182,0.0021266937255859375,288.4780387878418
183,0.002101898193359375,288.48014068603516
184,0.0020599365234375,288.4822006225586
185,0.0020313262939453125,288.48423194885254
186,0.0019855499267578125,288.4862174987793
187,0.001953125,288.4881706237793
188,0.0019283294677734375,288.49009895324707
189,0.0018901824951171875,288.4919891357422
190,0.0018548965454101562,288.4938440322876
191,0.001842498779296875,288.4956865310669
192,0.0018186569213867188,288.4975051879883
193,0.0017757415771484375,288.49928092956543
194,0.0017719268798828125,288.5010528564453
195,0.0017499923706054688,288.5028028488159
196,0.0017290115356445312,288.50453186035156
197,0.0016832351684570312,288.50621509552
198,0.0016546249389648438,288.507869720459
199,0.0016469955444335938,288.5095167160034
200,0.0016193389892578125,288.5111360549927
201,0.0016002655029296875,288.5127363204956
202,0.0015811920166015625,288.5143175125122
203,0.0015459060668945312,288.5158634185791
204,0.001537322998046875,288.51740074157715
205,0.0015249252319335938,288.5189256668091
206,0.0014925003051757812,288.52041816711426
207,0.0014848709106445312,288.5219030380249
208,0.0014629364013671875,288.52336597442627
209,0.0014486312866210938,288.5248146057129
210,0.001422882080078125,288.52623748779297
211,0.00141143798828125,288.52764892578125
212,0.0013942718505859375,288.52904319763184
213,0.0013780593872070312,288.53042125701904
214,0.0013675689697265625,288.53178882598877
215,0.0013532638549804688,288.53314208984375
216,0.001338958740234375,288.534481048584
217,0.0013322830200195312,288.535813331604
218,0.0013065338134765625,288.5371198654175
219,0.0012969970703125,288.5384168624878
220,0.001277923583984375,288.5396947860718
221,0.0012769699096679688,288.54097175598145
222,0.0012636184692382812,288.5422353744507
223,0.0012483596801757812,288.54348373413086
224,0.00124359130859375,288.54472732543945
225,0.0012273788452148438,288.54595470428467
226,0.0012111663818359375,288.5471658706665
227,0.0012083053588867188,288.5483741760254
228,0.0011892318725585938,288.54956340789795
229,0.0011835098266601562,288.5507469177246
230,0.0011663436889648438,288.5519132614136
231,0.0011625289916992188,288.5530757904053
232,0.0011491775512695312,288.55422496795654
233,0.001132965087890625,288.55535793304443
234,0.0011281967163085938,288.55648612976074
235,0.0011224746704101562,288.55760860443115
236,0.0011053085327148438,288.55871391296387
237,0.001094818115234375,288.5598087310791
238,0.00109100341796875,288.56089973449707
239,0.0010881423950195312,288.5619878768921
240,0.0010786056518554688,288.56306648254395
241,0.0010709762573242188,288.56413745880127
242,0.00106048583984375,288.5651979446411
243,0.001041412353515625,288.56623935699463
244,0.001041412353515625,288.56728076934814
245,0.001033782958984375,288.56831455230713
246,0.0010194778442382812,288.56933403015137
247,0.0010118484497070312,288.5703458786011
248,0.0010051727294921875,288.57135105133057
249,0.0010042190551757812,288.57235527038574
250,0.000995635986328125,288.57335090637207
