step,loss,cumulative_loss_sum
1,4.59375,4.59375
2,4.59375,9.1875
3,4.59375,13.78125
4,4.59375,18.375
5,4.59375,22.96875
6,4.59375,27.5625
7,4.59375,32.15625
8,4.34375,36.5
9,4.02734375,40.52734375
10,3.75,44.27734375
11,3.560546875,47.837890625
12,3.53515625,51.373046875
13,3.53515625,54.908203125
14,3.404296875,58.3125
15,3.248046875,61.560546875
16,3.197265625,64.7578125
17,3.060546875,67.818359375
18,3.0859375,70.904296875
19,3.0,73.904296875
20,3.009765625,76.9140625
21,2.94140625,79.85546875
22,2.958984375,82.814453125
23,2.875,85.689453125
24,2.869140625,88.55859375
25,2.818359375,91.376953125
26,2.828125,94.205078125
27,2.759765625,96.96484375
28,2.779296875,99.744140625
29,2.69921875,102.443359375
30,2.724609375,105.16796875
31,2.671875,107.83984375
32,2.681640625,110.521484375
33,2.623046875,113.14453125
34,2.62890625,115.7734375
35,2.5390625,118.3125
36,2.615234375,120.927734375
37,2.515625,123.443359375
38,2.576171875,126.01953125
39,2.4375,128.45703125
40,2.583984375,131.041015625
41,2.388671875,133.4296875
42,2.55078125,135.98046875
43,2.33984375,138.3203125
44,2.505859375,140.826171875
45,2.28125,143.107421875
46,2.455078125,145.5625
47,2.232421875,147.794921875
48,2.41796875,150.212890625
49,2.1953125,152.408203125
50,2.380859375,154.7890625
51,2.111328125,156.900390625
52,2.283203125,159.18359375
53,2.09765625,161.28125
54,2.244140625,163.525390625
55,2.017578125,165.54296875
56,2.212890625,167.755859375
57,1.904296875,169.66015625
58,2.28515625,171.9453125
59,1.876953125,173.822265625
60,2.240234375,176.0625
61,1.8671875,177.9296875
62,2.205078125,180.134765625
63,1.849609375,181.984375
64,2.123046875,184.107421875
65,1.84375,185.951171875
66,2.009765625,187.9609375
67,1.8544921875,189.8154296875
68,1.96484375,191.7802734375
69,1.96484375,193.7451171875
70,1.8447265625,195.58984375
71,1.9365234375,197.5263671875
72,1.841796875,199.3681640625
73,1.9130859375,201.28125
74,1.8095703125,203.0908203125
75,1.8837890625,204.974609375
76,1.7744140625,206.7490234375
77,1.8330078125,208.58203125
78,1.7568359375,210.3388671875
79,1.80859375,212.1474609375
80,1.7412109375,213.888671875
81,1.7822265625,215.6708984375
82,1.71875,217.3896484375
83,1.7314453125,219.12109375
84,1.6923828125,220.8134765625
85,1.6787109375,222.4921875
86,1.69140625,224.18359375
87,1.6005859375,225.7841796875
88,1.6552734375,227.439453125
89,1.462890625,228.90234375
90,1.5986328125,230.5009765625
91,1.537109375,232.0380859375
92,1.5185546875,233.556640625
93,1.5009765625,235.0576171875
94,1.3720703125,236.4296875
95,1.318359375,237.748046875
96,1.3681640625,239.1162109375
97,1.279296875,240.3955078125
98,1.333984375,241.7294921875
99,1.291015625,243.0205078125
100,1.240234375,244.2607421875
101,1.2451171875,245.505859375
102,1.3583984375,246.8642578125
103,1.1650390625,248.029296875
104,1.2421875,249.271484375
105,1.1279296875,250.3994140625
106,1.16015625,251.5595703125
107,1.2802734375,252.83984375
108,1.0869140625,253.9267578125
109,1.1943359375,255.12109375
110,1.033203125,256.154296875
111,1.1640625,257.318359375
112,0.998046875,258.31640625
113,1.072265625,259.388671875
114,0.9931640625,260.3818359375
115,1.01171875,261.3935546875
116,0.9892578125,262.3828125
117,0.96728515625,263.35009765625
118,0.98291015625,264.3330078125
119,0.89306640625,265.22607421875
120,0.962890625,266.18896484375
121,0.880859375,267.06982421875
122,0.93994140625,268.009765625
123,0.87744140625,268.88720703125
124,0.91796875,269.80517578125
125,0.81884765625,270.6240234375
126,0.8662109375,271.490234375
127,0.8447265625,272.3349609375
128,0.810546875,273.1455078125
129,0.86181640625,274.00732421875
130,0.7685546875,274.77587890625
131,0.84619140625,275.6220703125
132,0.75244140625,276.37451171875
133,0.83349609375,277.2080078125
134,0.734375,277.9423828125
135,0.79345703125,278.73583984375
136,0.712890625,279.44873046875
137,0.7666015625,280.21533203125
138,0.68359375,280.89892578125
139,0.734375,281.63330078125
140,0.65283203125,282.2861328125
141,0.681640625,282.9677734375
142,0.6494140625,283.6171875
143,0.70751953125,284.32470703125
144,0.59619140625,284.9208984375
145,0.6298828125,285.55078125
146,0.74755859375,286.29833984375
147,0.5888671875,286.88720703125
148,0.61865234375,287.505859375
149,0.60546875,288.111328125
150,0.5576171875,288.6689453125
151,0.603515625,289.2724609375
152,0.51416015625,289.78662109375
153,0.630859375,290.41748046875
154,0.50146484375,290.9189453125
155,0.6083984375,291.52734375
156,0.48828125,292.015625
157,0.5537109375,292.5693359375
158,0.4765625,293.0458984375
159,0.5478515625,293.59375
160,0.466796875,294.060546875
161,0.5205078125,294.5810546875
162,0.438720703125,295.019775390625
163,0.50048828125,295.520263671875
164,0.4248046875,295.945068359375
165,0.51318359375,296.458251953125
166,0.41064453125,296.868896484375
167,0.481201171875,297.35009765625
168,0.399169921875,297.749267578125
169,0.580078125,298.329345703125
170,0.3779296875,298.707275390625
171,0.53369140625,299.240966796875
172,0.371826171875,299.61279296875
173,0.5263671875,300.13916015625
174,0.36279296875,300.501953125
175,0.468017578125,300.969970703125
176,0.378173828125,301.34814453125
177,0.42138671875,301.76953125
178,0.36181640625,302.13134765625
179,0.375732421875,302.507080078125
180,0.358642578125,302.86572265625
181,0.34228515625,303.2080078125
182,0.34814453125,303.55615234375
183,0.31005859375,303.8662109375
184,0.338623046875,304.204833984375
185,0.291748046875,304.49658203125
186,0.323974609375,304.820556640625
187,0.27685546875,305.097412109375
188,0.29296875,305.390380859375
189,0.276611328125,305.6669921875
190,0.283447265625,305.950439453125
191,0.2529296875,306.203369140625
192,0.26171875,306.465087890625
193,0.24609375,306.711181640625
194,0.201416015625,306.91259765625
195,0.27587890625,307.1884765625
196,0.2137451171875,307.4022216796875
197,0.1873779296875,307.589599609375
198,0.2119140625,307.801513671875
199,0.1915283203125,307.9930419921875
200,0.1932373046875,308.186279296875
201,0.1790771484375,308.3653564453125
202,0.18701171875,308.5523681640625
203,0.1678466796875,308.72021484375
204,0.17578125,308.89599609375
205,0.1551513671875,309.0511474609375
206,0.1678466796875,309.218994140625
207,0.142333984375,309.361328125
208,0.1614990234375,309.5228271484375
209,0.1302490234375,309.653076171875
210,0.155517578125,309.80859375
211,0.1334228515625,309.9420166015625
212,0.131103515625,310.0731201171875
213,0.1341552734375,310.207275390625
214,0.11236572265625,310.31964111328125
215,0.1112060546875,310.43084716796875
216,0.1097412109375,310.54058837890625
217,0.1177978515625,310.65838623046875
218,0.11248779296875,310.7708740234375
219,0.10137939453125,310.87225341796875
220,0.106201171875,310.97845458984375
221,0.08642578125,311.06488037109375
222,0.0888671875,311.15374755859375
223,0.0885009765625,311.24224853515625
224,0.09100341796875,311.333251953125
225,0.08148193359375,311.41473388671875
226,0.08538818359375,311.5001220703125
227,0.07781982421875,311.57794189453125
228,0.07330322265625,311.6512451171875
229,0.07318115234375,311.72442626953125
230,0.0684814453125,311.79290771484375
231,0.08245849609375,311.8753662109375
232,0.06536865234375,311.94073486328125
233,0.0693359375,312.01007080078125
234,0.06475830078125,312.0748291015625
235,0.06585693359375,312.14068603515625
236,0.06341552734375,312.2041015625
237,0.0625,312.2666015625
238,0.057586669921875,312.3241882324219
239,0.055511474609375,312.37969970703125
240,0.05987548828125,312.4395751953125
241,0.0697021484375,312.50927734375
242,0.048583984375,312.557861328125
243,0.06317138671875,312.62103271484375
244,0.048919677734375,312.6699523925781
245,0.050537109375,312.7204895019531
246,0.04632568359375,312.7668151855469
247,0.044097900390625,312.8109130859375
248,0.053131103515625,312.8640441894531
249,0.042572021484375,312.9066162109375
250,0.049041748046875,312.9556579589844
251,0.041351318359375,312.99700927734375
252,0.04254150390625,313.03955078125
253,0.04144287109375,313.08099365234375
254,0.041168212890625,313.1221618652344
255,0.037841796875,313.1600036621094
256,0.04290771484375,313.2029113769531
257,0.03607177734375,313.2389831542969
258,0.0364990234375,313.2754821777344
259,0.03546142578125,313.3109436035156
260,0.03643798828125,313.3473815917969
261,0.03338623046875,313.3807678222656
262,0.033599853515625,313.41436767578125
263,0.0302886962890625,313.4446563720703
264,0.02923583984375,313.47389221191406
265,0.0298919677734375,313.5037841796875
266,0.028533935546875,313.5323181152344
267,0.0283660888671875,313.56068420410156
268,0.0269622802734375,313.587646484375
269,0.0286712646484375,313.61631774902344
270,0.0246429443359375,313.6409606933594
271,0.024505615234375,313.66546630859375
272,0.0298919677734375,313.6953582763672
273,0.023193359375,313.7185516357422
274,0.0222625732421875,313.7408142089844
275,0.0231475830078125,313.7639617919922
276,0.0212249755859375,313.7851867675781
277,0.0201263427734375,313.80531311035156
278,0.0198516845703125,313.8251647949219
279,0.02032470703125,313.8454895019531
280,0.019927978515625,313.86541748046875
281,0.017669677734375,313.8830871582031
282,0.025909423828125,313.90899658203125
283,0.0166473388671875,313.92564392089844
284,0.02056884765625,313.9462127685547
285,0.0167999267578125,313.9630126953125
286,0.0185089111328125,313.9815216064453
287,0.0161590576171875,313.9976806640625
288,0.01885986328125,314.01654052734375
289,0.01522064208984375,314.0317611694336
290,0.016754150390625,314.0485153198242
291,0.01519012451171875,314.06370544433594
292,0.01507568359375,314.0787811279297
293,0.014617919921875,314.09339904785156
294,0.01306915283203125,314.1064682006836
295,0.0167999267578125,314.1232681274414
296,0.01305389404296875,314.1363220214844
297,0.0141754150390625,314.15049743652344
298,0.01146697998046875,314.1619644165039
299,0.01116943359375,314.17313385009766
300,0.0176849365234375,314.1908187866211
301,0.0107574462890625,314.20157623291016
302,0.0129852294921875,314.21456146240234
303,0.01039886474609375,314.22496032714844
304,0.0103912353515625,314.2353515625
305,0.01132965087890625,314.2466812133789
306,0.010101318359375,314.2567825317383
307,0.01023101806640625,314.2670135498047
308,0.0100555419921875,314.2770690917969
309,0.0106658935546875,314.28773498535156
310,0.00890350341796875,314.29663848876953
311,0.00797271728515625,314.3046112060547
312,0.009124755859375,314.31373596191406
313,0.00800323486328125,314.32173919677734
314,0.009368896484375,314.3311080932617
315,0.00787353515625,314.33898162841797
316,0.0086669921875,314.34764862060547
317,0.0097808837890625,314.35742950439453
318,0.007221221923828125,314.36465072631836
319,0.006786346435546875,314.3714370727539
320,0.00662994384765625,314.37806701660156
321,0.00762176513671875,314.3856887817383
322,0.00626373291015625,314.39195251464844
323,0.00782012939453125,314.39977264404297
324,0.00623321533203125,314.406005859375
325,0.006561279296875,314.4125671386719
326,0.006587982177734375,314.4191551208496
327,0.006183624267578125,314.4253387451172
328,0.0062103271484375,314.4315490722656
329,0.006298065185546875,314.4378471374512
330,0.00609588623046875,314.44394302368164
331,0.00597381591796875,314.4499168395996
332,0.005901336669921875,314.45581817626953
333,0.005672454833984375,314.4614906311035
334,0.005718231201171875,314.4672088623047
335,0.00542449951171875,314.4726333618164
336,0.00543975830078125,314.4780731201172
337,0.0052642822265625,314.48333740234375
338,0.005039215087890625,314.48837661743164
339,0.0053863525390625,314.4937629699707
340,0.005558013916015625,314.4993209838867
341,0.0044403076171875,314.5037612915039
342,0.004840850830078125,314.508602142334
343,0.004871368408203125,314.5134735107422
344,0.004791259765625,314.5182647705078
345,0.004543304443359375,314.5228080749512
346,0.004566192626953125,314.5273742675781
347,0.00450897216796875,314.5318832397461
348,0.004261016845703125,314.5361442565918
349,0.00453948974609375,314.5406837463379
350,0.004150390625,314.5448341369629
351,0.004413604736328125,314.5492477416992
352,0.0038051605224609375,314.5530529022217
353,0.0046539306640625,314.55770683288574
354,0.003631591796875,314.5613384246826
355,0.004375457763671875,314.5657138824463
356,0.0036830902099609375,314.56939697265625
357,0.0035152435302734375,314.5729122161865
358,0.0034923553466796875,314.5764045715332
359,0.004306793212890625,314.5807113647461
360,0.00359344482421875,314.5843048095703
361,0.00318145751953125,314.58748626708984
362,0.0034122467041015625,314.59089851379395
363,0.0031490325927734375,314.5940475463867
364,0.003299713134765625,314.5973472595215
365,0.0031833648681640625,314.60053062438965
366,0.0034999847412109375,314.60403060913086
367,0.0030670166015625,314.6070976257324
368,0.0033817291259765625,314.6104793548584
369,0.0029964447021484375,314.61347579956055
370,0.003086090087890625,314.61656188964844
371,0.0032596588134765625,314.6198215484619
372,0.00274658203125,314.62256813049316
373,0.0031070709228515625,314.625675201416
374,0.0028591156005859375,314.6285343170166
375,0.00292205810546875,314.63145637512207
376,0.0028057098388671875,314.63426208496094
377,0.002925872802734375,314.6371879577637
378,0.00258636474609375,314.63977432250977
379,0.0029392242431640625,314.64271354675293
380,0.00257110595703125,314.64528465270996
381,0.0028839111328125,314.6481685638428
382,0.0023956298828125,314.6505641937256
383,0.0026264190673828125,314.65319061279297
384,0.0025844573974609375,314.65577507019043
385,0.00249481201171875,314.65826988220215
386,0.00244903564453125,314.6607189178467
387,0.002498626708984375,314.66321754455566
388,0.002422332763671875,314.66563987731934
389,0.0023479461669921875,314.6679878234863
390,0.00241851806640625,314.67040634155273
391,0.0022029876708984375,314.67260932922363
392,0.002246856689453125,314.6748561859131
393,0.002361297607421875,314.6772174835205
394,0.002109527587890625,314.6793270111084
395,0.002124786376953125,314.68145179748535
396,0.0021495819091796875,314.68360137939453
397,0.0021762847900390625,314.68577766418457
398,0.0018405914306640625,314.68761825561523
399,0.0018033981323242188,314.68942165374756
400,0.0017824172973632812,314.6912040710449
401,0.0017728805541992188,314.6929769515991
402,0.0017557144165039062,314.6947326660156
403,0.0017900466918945312,314.6965227127075
404,0.0017576217651367188,314.69828033447266
405,0.0016765594482421875,314.6999568939209
406,0.001644134521484375,314.7016010284424
407,0.00164031982421875,314.7032413482666
408,0.001613616943359375,314.70485496520996
409,0.0016040802001953125,314.70645904541016
410,0.0016069412231445312,314.7080659866333
411,0.00154876708984375,314.70961475372314
412,0.0015316009521484375,314.7111463546753
413,0.0015115737915039062,314.7126579284668
414,0.0014982223510742188,314.71415615081787
415,0.0014801025390625,314.71563625335693
416,0.0014638900756835938,314.7171001434326
417,0.001483917236328125,314.71858406066895
418,0.0014562606811523438,314.7200403213501
419,0.0014781951904296875,314.7215185165405
420,0.0014629364013671875,314.7229814529419
421,0.0014057159423828125,314.7243871688843
422,0.001407623291015625,314.7257947921753
423,0.0013914108276367188,314.72718620300293
424,0.0013580322265625,314.7285442352295
425,0.0013456344604492188,314.72988986968994
426,0.0013437271118164062,314.73123359680176
427,0.0014247894287109375,314.73265838623047
428,0.0013265609741210938,314.7339849472046
429,0.0013523101806640625,314.73533725738525
430,0.00128936767578125,314.73662662506104
431,0.001277923583984375,314.737904548645
432,0.0012836456298828125,314.7391881942749
433,0.0012836456298828125,314.7404718399048
434,0.0012598037719726562,314.74173164367676
435,0.0012636184692382812,314.742995262146
436,0.0012693405151367188,314.74426460266113
437,0.0012140274047851562,314.7454786300659
438,0.00119781494140625,314.7466764450073
439,0.0012054443359375,314.74788188934326
440,0.0012226104736328125,314.7491044998169
441,0.00115966796875,314.75026416778564
442,0.0011692047119140625,314.75143337249756
443,0.00116729736328125,314.75260066986084
444,0.0011358261108398438,314.7537364959717
445,0.0011377334594726562,314.75487422943115
446,0.001140594482421875,314.7560148239136
447,0.0011510848999023438,314.7571659088135
448,0.0011262893676757812,314.75829219818115
449,0.0011262893676757812,314.7594184875488
450,0.0010976791381835938,314.760516166687
451,0.0010938644409179688,314.76161003112793
452,0.0010671615600585938,314.762677192688
453,0.0010862350463867188,314.7637634277344
454,0.0010776519775390625,314.7648410797119
455,0.0010528564453125,314.7658939361572
456,0.001056671142578125,314.7669506072998
457,0.0010423660278320312,314.76799297332764
458,0.0010404586791992188,314.76903343200684
459,0.0010194778442382812,314.7700529098511
460,0.0010166168212890625,314.77106952667236
461,0.0010194778442382812,314.7720890045166
462,0.001007080078125,314.7730960845947
463,0.0010204315185546875,314.7741165161133
464,0.0010051727294921875,314.7751216888428
465,0.0009860992431640625,314.77610778808594
