step,loss,cumulative_loss_sum
1,6.10546875,6.10546875
2,6.10546875,12.2109375
3,6.10546875,18.31640625
4,6.10546875,24.421875
5,6.10546875,30.52734375
6,6.10546875,36.6328125
7,6.10546875,42.73828125
8,6.10546875,48.84375
9,5.09765625,53.94140625
10,4.0078125,57.94921875
11,4.0078125,61.95703125
12,2.935546875,64.892578125
13,2.517578125,67.41015625
14,2.314453125,69.724609375
15,2.08203125,71.806640625
16,1.8515625,73.658203125
17,1.7060546875,75.3642578125
18,1.5302734375,76.89453125
19,1.4072265625,78.3017578125
20,1.296875,79.5986328125
21,1.189453125,80.7880859375
22,1.0234375,81.8115234375
23,0.93115234375,82.74267578125
24,0.7841796875,83.52685546875
25,0.65673828125,84.18359375
26,0.54443359375,84.72802734375
27,0.453369140625,85.181396484375
28,0.36669921875,85.548095703125
29,0.323486328125,85.87158203125
30,0.2822265625,86.15380859375
31,0.232666015625,86.386474609375
32,0.2095947265625,86.5960693359375
33,0.1795654296875,86.775634765625
34,0.158935546875,86.9345703125
35,0.1390380859375,87.0736083984375
36,0.112548828125,87.1861572265625
37,0.0972900390625,87.283447265625
38,0.110595703125,87.39404296875
39,0.08306884765625,87.47711181640625
40,0.093994140625,87.57110595703125
41,0.0765380859375,87.64764404296875
42,0.07904052734375,87.7266845703125
43,0.0706787109375,87.79736328125
44,0.070556640625,87.867919921875
45,0.06500244140625,87.93292236328125
46,0.061981201171875,87.99490356445312
47,0.059417724609375,88.0543212890625
48,0.056915283203125,88.11123657226562
49,0.055023193359375,88.166259765625
50,0.052337646484375,88.21859741210938
51,0.05194091796875,88.27053833007812
52,0.0474853515625,88.31802368164062
53,0.048675537109375,88.36669921875
54,0.0440673828125,88.4107666015625
55,0.0452880859375,88.4560546875
56,0.0406494140625,88.4967041015625
57,0.042144775390625,88.53884887695312
58,0.037322998046875,88.576171875
59,0.038848876953125,88.61502075195312
60,0.035858154296875,88.65087890625
61,0.03668212890625,88.68756103515625
62,0.032470703125,88.72003173828125
63,0.03363037109375,88.753662109375
64,0.0305023193359375,88.78416442871094
65,0.03179931640625,88.81596374511719
66,0.02862548828125,88.84458923339844
67,0.02996826171875,88.87455749511719
68,0.0268402099609375,88.90139770507812
69,0.0282440185546875,88.92964172363281
70,0.02520751953125,88.95484924316406
71,0.02703857421875,88.98188781738281
72,0.0245208740234375,89.00640869140625
73,0.0254058837890625,89.03181457519531
74,0.02301025390625,89.05482482910156
75,0.0238800048828125,89.07870483398438
76,0.021942138671875,89.10064697265625
77,0.0225372314453125,89.12318420410156
78,0.0208740234375,89.14405822753906
79,0.0212554931640625,89.16531372070312
80,0.01983642578125,89.18515014648438
81,0.0195770263671875,89.20472717285156
82,0.0188140869140625,89.22354125976562
83,0.018280029296875,89.2418212890625
84,0.018218994140625,89.26004028320312
85,0.0174560546875,89.27749633789062
86,0.0171966552734375,89.29469299316406
87,0.0165863037109375,89.311279296875
88,0.0167236328125,89.3280029296875
89,0.0157928466796875,89.34379577636719
90,0.0158233642578125,89.359619140625
91,0.0147705078125,89.3743896484375
92,0.01519012451171875,89.38957977294922
93,0.0138397216796875,89.4034194946289
94,0.014556884765625,89.41797637939453
95,0.0134429931640625,89.4314193725586
96,0.01383209228515625,89.44525146484375
97,0.012939453125,89.45819091796875
98,0.0132598876953125,89.47145080566406
99,0.01258087158203125,89.4840316772461
100,0.0128021240234375,89.49683380126953
101,0.0120697021484375,89.50890350341797
102,0.01210784912109375,89.52101135253906
103,0.011688232421875,89.53269958496094
104,0.01158905029296875,89.5442886352539
105,0.01123046875,89.5555191040039
106,0.0110626220703125,89.56658172607422
107,0.01078033447265625,89.57736206054688
108,0.0106353759765625,89.58799743652344
109,0.0102386474609375,89.59823608398438
110,0.01023101806640625,89.60846710205078
111,0.0097198486328125,89.6181869506836
112,0.00968170166015625,89.62786865234375
113,0.009246826171875,89.63711547851562
114,0.00927734375,89.64639282226562
115,0.00891876220703125,89.65531158447266
116,0.00888824462890625,89.66419982910156
117,0.00853729248046875,89.67273712158203
118,0.00846099853515625,89.68119812011719
119,0.0082855224609375,89.68948364257812
120,0.00811767578125,89.69760131835938
121,0.0079345703125,89.70553588867188
122,0.00789642333984375,89.71343231201172
123,0.007755279541015625,89.72118759155273
124,0.00765228271484375,89.72883987426758
125,0.00742340087890625,89.73626327514648
126,0.00743865966796875,89.74370193481445
127,0.0071868896484375,89.75088882446289
128,0.007106781005859375,89.75799560546875
129,0.006946563720703125,89.76494216918945
130,0.006954193115234375,89.77189636230469
131,0.006710052490234375,89.77860641479492
132,0.00669097900390625,89.78529739379883
133,0.00644683837890625,89.79174423217773
134,0.006557464599609375,89.79830169677734
135,0.0061798095703125,89.80448150634766
136,0.006221771240234375,89.81070327758789
137,0.005970001220703125,89.8166732788086
138,0.00597381591796875,89.82264709472656
139,0.0057525634765625,89.82839965820312
140,0.00579071044921875,89.83419036865234
141,0.005489349365234375,89.83967971801758
142,0.005580902099609375,89.84526062011719
143,0.00530242919921875,89.8505630493164
144,0.00537872314453125,89.85594177246094
145,0.005054473876953125,89.86099624633789
146,0.005153656005859375,89.86614990234375
147,0.00490570068359375,89.87105560302734
148,0.0050048828125,89.87606048583984
149,0.004680633544921875,89.88074111938477
150,0.00492095947265625,89.88566207885742
151,0.004558563232421875,89.89022064208984
152,0.00470733642578125,89.89492797851562
153,0.00437164306640625,89.89929962158203
154,0.004543304443359375,89.90384292602539
155,0.0042572021484375,89.90810012817383
156,0.004302978515625,89.91240310668945
157,0.00414276123046875,89.91654586791992
158,0.004230499267578125,89.9207763671875
159,0.003948211669921875,89.92472457885742
160,0.00399017333984375,89.92871475219727
161,0.0038890838623046875,89.93260383605957
162,0.0038280487060546875,89.93643188476562
163,0.0036468505859375,89.94007873535156
164,0.0036945343017578125,89.94377326965332
165,0.003551483154296875,89.94732475280762
166,0.003612518310546875,89.95093727111816
167,0.003421783447265625,89.95435905456543
168,0.0034580230712890625,89.95781707763672
169,0.003299713134765625,89.96111679077148
170,0.0032901763916015625,89.96440696716309
171,0.003261566162109375,89.9676685333252
172,0.0031528472900390625,89.97082138061523
173,0.0031299591064453125,89.97395133972168
174,0.0030612945556640625,89.97701263427734
175,0.0029926300048828125,89.98000526428223
176,0.0029506683349609375,89.98295593261719
177,0.0028972625732421875,89.98585319519043
178,0.0028209686279296875,89.98867416381836
179,0.002765655517578125,89.99143981933594
180,0.0027256011962890625,89.99416542053223
181,0.0025997161865234375,89.99676513671875
182,0.0026264190673828125,89.99939155578613
183,0.0024929046630859375,90.00188446044922
184,0.002582550048828125,90.00446701049805
185,0.0023956298828125,90.00686264038086
186,0.002452850341796875,90.00931549072266
187,0.0022678375244140625,90.01158332824707
188,0.002429962158203125,90.01401329040527
189,0.00209808349609375,90.01611137390137
190,0.0020847320556640625,90.01819610595703
191,0.0020084381103515625,90.02020454406738
192,0.00196075439453125,90.02216529846191
193,0.0019207000732421875,90.02408599853516
194,0.0018949508666992188,90.02598094940186
195,0.001850128173828125,90.02783107757568
196,0.0018281936645507812,90.02965927124023
197,0.0017566680908203125,90.03141593933105
198,0.001739501953125,90.03315544128418
199,0.0017719268798828125,90.03492736816406
200,0.0018405914306640625,90.03676795959473
201,0.001773834228515625,90.03854179382324
202,0.0017757415771484375,90.04031753540039
203,0.001651763916015625,90.0419692993164
204,0.0016603469848632812,90.04362964630127
205,0.0015716552734375,90.0452013015747
206,0.0015506744384765625,90.04675197601318
207,0.0015201568603515625,90.04827213287354
208,0.0015001296997070312,90.04977226257324
209,0.0014982223510742188,90.05127048492432
210,0.0014524459838867188,90.0527229309082
211,0.0014324188232421875,90.05415534973145
212,0.001438140869140625,90.05559349060059
213,0.0013942718505859375,90.05698776245117
214,0.0013942718505859375,90.05838203430176
215,0.0013628005981445312,90.0597448348999
216,0.0013484954833984375,90.0610933303833
217,0.0013446807861328125,90.06243801116943
218,0.0013151168823242188,90.06375312805176
219,0.001300811767578125,90.06505393981934
220,0.0013103485107421875,90.06636428833008
221,0.0012998580932617188,90.06766414642334
222,0.0012969970703125,90.06896114349365
223,0.0012674331665039062,90.07022857666016
224,0.00124359130859375,90.07147216796875
225,0.0012388229370117188,90.07271099090576
226,0.0012331008911132812,90.07394409179688
227,0.0012102127075195312,90.0751543045044
228,0.0012140274047851562,90.07636833190918
229,0.0012073516845703125,90.07757568359375
230,0.0012063980102539062,90.078782081604
231,0.00116729736328125,90.07994937896729
232,0.00116729736328125,90.08111667633057
233,0.0011425018310546875,90.08225917816162
234,0.0011339187622070312,90.08339309692383
235,0.0011224746704101562,90.08451557159424
236,0.0011148452758789062,90.08563041687012
237,0.001102447509765625,90.08673286437988
238,0.0010919570922851562,90.08782482147217
239,0.0010824203491210938,90.08890724182129
240,0.0010967254638671875,90.09000396728516
241,0.0010776519775390625,90.0910816192627
242,0.0010576248168945312,90.09213924407959
243,0.0010557174682617188,90.09319496154785
244,0.0010347366333007812,90.09422969818115
245,0.0010223388671875,90.09525203704834
246,0.0010232925415039062,90.09627532958984
247,0.0010080337524414062,90.09728336334229
248,0.0010061264038085938,90.0982894897461
249,0.0009984970092773438,90.09928798675537
