step,loss,cumulative_loss_sum
1,0.7294921875,0.7294921875
2,0.7294921875,1.458984375
3,0.7294921875,2.1884765625
4,0.7294921875,2.91796875
5,0.677734375,3.595703125
6,0.64013671875,4.23583984375
7,0.5888671875,4.82470703125
8,0.55517578125,5.3798828125
9,0.52490234375,5.90478515625
10,0.49072265625,6.3955078125
11,0.458984375,6.8544921875
12,0.4345703125,7.2890625
13,0.4111328125,7.7001953125
14,0.387939453125,8.088134765625
15,0.365966796875,8.4541015625
16,0.345458984375,8.799560546875
17,0.33251953125,9.132080078125
18,0.322509765625,9.45458984375
19,0.3076171875,9.76220703125
20,0.292724609375,10.054931640625
21,0.27880859375,10.333740234375
22,0.2666015625,10.600341796875
23,0.2529296875,10.853271484375
24,0.2403564453125,11.0936279296875
25,0.23046875,11.3240966796875
26,0.2196044921875,11.543701171875
27,0.206787109375,11.75048828125
28,0.1944580078125,11.9449462890625
29,0.1949462890625,12.139892578125
30,0.1807861328125,12.3206787109375
31,0.1729736328125,12.49365234375
32,0.173828125,12.66748046875
33,0.160400390625,12.827880859375
34,0.1590576171875,12.9869384765625
35,0.1507568359375,13.1376953125
36,0.1524658203125,13.2901611328125
37,0.140380859375,13.4305419921875
38,0.1339111328125,13.564453125
39,0.1292724609375,13.6937255859375
40,0.12384033203125,13.81756591796875
41,0.1175537109375,13.93511962890625
42,0.10931396484375,14.04443359375
43,0.10150146484375,14.14593505859375
44,0.09759521484375,14.2435302734375
45,0.09100341796875,14.33453369140625
46,0.0831298828125,14.41766357421875
47,0.078369140625,14.49603271484375
48,0.07452392578125,14.570556640625
49,0.06903076171875,14.63958740234375
50,0.0640869140625,14.70367431640625
51,0.060699462890625,14.764373779296875
52,0.05841064453125,14.822784423828125
53,0.056243896484375,14.8790283203125
54,0.053253173828125,14.932281494140625
55,0.051513671875,14.983795166015625
56,0.04864501953125,15.032440185546875
57,0.046661376953125,15.0791015625
58,0.0443115234375,15.1234130859375
59,0.040252685546875,15.163665771484375
60,0.039947509765625,15.20361328125
61,0.03564453125,15.2392578125
62,0.035614013671875,15.274871826171875
63,0.033203125,15.308074951171875
64,0.0309600830078125,15.339035034179688
65,0.02984619140625,15.368881225585938
66,0.027374267578125,15.396255493164062
67,0.026458740234375,15.422714233398438
68,0.0245208740234375,15.447235107421875
69,0.0240478515625,15.471282958984375
70,0.0221710205078125,15.493453979492188
71,0.0217132568359375,15.515167236328125
72,0.0198974609375,15.535064697265625
73,0.019561767578125,15.55462646484375
74,0.0179443359375,15.57257080078125
75,0.0174407958984375,15.590011596679688
76,0.0160675048828125,15.6060791015625
77,0.015869140625,15.6219482421875
78,0.01427459716796875,15.636222839355469
79,0.0144805908203125,15.650703430175781
80,0.0131683349609375,15.663871765136719
81,0.01291656494140625,15.676788330078125
82,0.0116729736328125,15.688461303710938
83,0.01116180419921875,15.699623107910156
84,0.0102081298828125,15.709831237792969
85,0.01010894775390625,15.719940185546875
86,0.00926971435546875,15.729209899902344
87,0.00891876220703125,15.738128662109375
88,0.0081634521484375,15.746292114257812
89,0.00777435302734375,15.754066467285156
90,0.00739288330078125,15.761459350585938
91,0.00713348388671875,15.768592834472656
92,0.006603240966796875,15.775196075439453
93,0.0063018798828125,15.781497955322266
94,0.00629425048828125,15.787792205810547
95,0.005977630615234375,15.793769836425781
96,0.005596160888671875,15.799365997314453
97,0.00537109375,15.804737091064453
98,0.00522613525390625,15.80996322631836
99,0.005126953125,15.81509017944336
100,0.004886627197265625,15.819976806640625
101,0.00469207763671875,15.824668884277344
102,0.0045928955078125,15.829261779785156
103,0.004375457763671875,15.833637237548828
104,0.004299163818359375,15.837936401367188
105,0.00408172607421875,15.842018127441406
106,0.0040435791015625,15.846061706542969
107,0.0038471221923828125,15.849908828735352
108,0.003757476806640625,15.853666305541992
109,0.0036563873291015625,15.857322692871094
110,0.0035724639892578125,15.860895156860352
111,0.003490447998046875,15.864385604858398
112,0.00336456298828125,15.86775016784668
113,0.0032901763916015625,15.871040344238281
114,0.003215789794921875,15.874256134033203
115,0.003124237060546875,15.87738037109375
116,0.00305938720703125,15.880439758300781
117,0.00301361083984375,15.883453369140625
118,0.00293731689453125,15.886390686035156
119,0.00289154052734375,15.8892822265625
120,0.002841949462890625,15.89212417602539
121,0.0027866363525390625,15.89491081237793
122,0.0027065277099609375,15.89761734008789
123,0.0026454925537109375,15.900262832641602
124,0.002597808837890625,15.902860641479492
125,0.00254058837890625,15.905401229858398
126,0.0025119781494140625,15.907913208007812
127,0.0024623870849609375,15.910375595092773
128,0.00243377685546875,15.912809371948242
129,0.0023860931396484375,15.91519546508789
130,0.0023403167724609375,15.917535781860352
131,0.002300262451171875,15.919836044311523
132,0.0022602081298828125,15.922096252441406
133,0.0022182464599609375,15.924314498901367
134,0.002185821533203125,15.92650032043457
135,0.002162933349609375,15.92866325378418
136,0.0021228790283203125,15.9307861328125
137,0.002079010009765625,15.932865142822266
138,0.002071380615234375,15.9349365234375
139,0.002033233642578125,15.936969757080078
140,0.002002716064453125,15.938972473144531
141,0.00196075439453125,15.940933227539062
142,0.001941680908203125,15.942874908447266
143,0.0019168853759765625,15.944791793823242
144,0.0018987655639648438,15.946690559387207
145,0.0018720626831054688,15.948562622070312
146,0.0018510818481445312,15.950413703918457
147,0.0018177032470703125,15.952231407165527
148,0.0017995834350585938,15.954030990600586
149,0.0017709732055664062,15.955801963806152
150,0.0017538070678710938,15.957555770874023
151,0.0017347335815429688,15.959290504455566
152,0.0017147064208984375,15.961005210876465
153,0.0016965866088867188,15.962701797485352
154,0.0016698837280273438,15.964371681213379
155,0.0016460418701171875,15.966017723083496
156,0.001636505126953125,15.96765422821045
157,0.0016202926635742188,15.969274520874023
158,0.00159454345703125,15.970869064331055
159,0.0015726089477539062,15.972441673278809
160,0.001556396484375,15.973998069763184
161,0.0015478134155273438,15.975545883178711
162,0.0015192031860351562,15.977065086364746
163,0.0015106201171875,15.978575706481934
164,0.0014905929565429688,15.980066299438477
165,0.0014820098876953125,15.981548309326172
166,0.00145721435546875,15.98300552368164
167,0.0014524459838867188,15.984457969665527
168,0.0014238357543945312,15.985881805419922
169,0.0014200210571289062,15.98730182647705
170,0.0013990402221679688,15.988700866699219
171,0.0013914108276367188,15.990092277526855
172,0.001377105712890625,15.991469383239746
173,0.0013647079467773438,15.992834091186523
174,0.0013484954833984375,15.994182586669922
175,0.0013370513916015625,15.995519638061523
176,0.0013303756713867188,15.99685001373291
177,0.0013208389282226562,15.998170852661133
178,0.0013103485107421875,15.999481201171875
179,0.0012989044189453125,16.00078010559082
180,0.0012731552124023438,16.002053260803223
181,0.0012645721435546875,16.003317832946777
182,0.001255035400390625,16.004572868347168
183,0.00124359130859375,16.00581645965576
184,0.0012350082397460938,16.007051467895508
185,0.0012226104736328125,16.00827407836914
186,0.0012073516845703125,16.00948143005371
187,0.0012044906616210938,16.010685920715332
188,0.001194000244140625,16.011879920959473
189,0.0011844635009765625,16.01306438446045
190,0.001171112060546875,16.014235496520996
191,0.001155853271484375,16.01539134979248
192,0.0011501312255859375,16.016541481018066
193,0.0011529922485351562,16.0176944732666
194,0.0011339187622070312,16.01882839202881
195,0.0011301040649414062,16.01995849609375
196,0.001117706298828125,16.021076202392578
197,0.00110626220703125,16.02218246459961
198,0.0010967254638671875,16.023279190063477
199,0.0010890960693359375,16.024368286132812
200,0.0010805130004882812,16.0254487991333
201,0.0010738372802734375,16.026522636413574
202,0.001071929931640625,16.027594566345215
203,0.001056671142578125,16.028651237487793
204,0.0010499954223632812,16.029701232910156
205,0.0010366439819335938,16.03073787689209
206,0.0010328292846679688,16.031770706176758
207,0.0010290145874023438,16.03279972076416
208,0.0010137557983398438,16.0338134765625
209,0.001003265380859375,16.03481674194336
210,0.001003265380859375,16.03582000732422
211,0.0009908676147460938,16.036810874938965
