step,loss,cumulative_loss_sum
1,2.486328125,2.486328125
2,2.486328125,4.97265625
3,2.486328125,7.458984375
4,2.486328125,9.9453125
5,2.486328125,12.431640625
6,2.486328125,14.91796875
7,2.2734375,17.19140625
8,2.033203125,19.224609375
9,1.7548828125,20.9794921875
10,1.5009765625,22.48046875
11,1.2451171875,23.7255859375
12,1.0517578125,24.77734375
13,0.8984375,25.67578125
14,0.7685546875,26.4443359375
15,0.67041015625,27.11474609375
16,0.5830078125,27.69775390625
17,0.498779296875,28.196533203125
18,0.44580078125,28.642333984375
19,0.402587890625,29.044921875
20,0.365966796875,29.410888671875
21,0.327880859375,29.73876953125
22,0.2939453125,30.03271484375
23,0.2646484375,30.29736328125
24,0.2342529296875,30.5316162109375
25,0.2117919921875,30.743408203125
26,0.1875,30.930908203125
27,0.168212890625,31.09912109375
28,0.1513671875,31.25048828125
29,0.1351318359375,31.3856201171875
30,0.1224365234375,31.508056640625
31,0.10986328125,31.617919921875
32,0.09912109375,31.717041015625
33,0.08984375,31.806884765625
34,0.0811767578125,31.8880615234375
35,0.07269287109375,31.96075439453125
36,0.06634521484375,32.027099609375
37,0.0596923828125,32.0867919921875
38,0.054229736328125,32.141021728515625
39,0.04986572265625,32.190887451171875
40,0.045166015625,32.236053466796875
41,0.041107177734375,32.27716064453125
42,0.03790283203125,32.3150634765625
43,0.034515380859375,32.349578857421875
44,0.0308380126953125,32.38041687011719
45,0.0281524658203125,32.4085693359375
46,0.025390625,32.4339599609375
47,0.0229339599609375,32.45689392089844
48,0.0208587646484375,32.477752685546875
49,0.0188751220703125,32.49662780761719
50,0.0171051025390625,32.51373291015625
51,0.01554107666015625,32.529273986816406
52,0.01404571533203125,32.54331970214844
53,0.01271820068359375,32.55603790283203
54,0.0115814208984375,32.56761932373047
55,0.01030731201171875,32.57792663574219
56,0.00916290283203125,32.58708953857422
57,0.00823211669921875,32.59532165527344
58,0.007472991943359375,32.6027946472168
59,0.006992340087890625,32.60978698730469
60,0.006435394287109375,32.6162223815918
61,0.0060577392578125,32.62228012084961
62,0.0056915283203125,32.62797164916992
63,0.00537872314453125,32.63335037231445
64,0.00514984130859375,32.63850021362305
65,0.004917144775390625,32.64341735839844
66,0.0046539306640625,32.6480712890625
67,0.004459381103515625,32.652530670166016
68,0.004291534423828125,32.656822204589844
69,0.004108428955078125,32.66093063354492
70,0.003971099853515625,32.66490173339844
71,0.0038089752197265625,32.668710708618164
72,0.0036640167236328125,32.6723747253418
73,0.003566741943359375,32.675941467285156
74,0.00341796875,32.679359436035156
75,0.0032901763916015625,32.68264961242676
76,0.0031757354736328125,32.68582534790039
77,0.003082275390625,32.688907623291016
78,0.0029926300048828125,32.6919002532959
79,0.002910614013671875,32.69481086730957
80,0.002872467041015625,32.697683334350586
81,0.002780914306640625,32.70046424865723
82,0.0026912689208984375,32.703155517578125
83,0.0026187896728515625,32.70577430725098
84,0.0025691986083984375,32.708343505859375
85,0.0025157928466796875,32.710859298706055
86,0.0024566650390625,32.71331596374512
87,0.0024013519287109375,32.71571731567383
88,0.0023441314697265625,32.718061447143555
89,0.0023174285888671875,32.72037887573242
90,0.0022525787353515625,32.72263145446777
91,0.0022182464599609375,32.724849700927734
92,0.002193450927734375,32.72704315185547
93,0.0021305084228515625,32.72917366027832
94,0.002086639404296875,32.73126029968262
95,0.0020351409912109375,32.73329544067383
96,0.0020198822021484375,32.73531532287598
97,0.001987457275390625,32.73730278015137
98,0.0019350051879882812,32.739237785339355
99,0.0019207000732421875,32.7411584854126
100,0.0018787384033203125,32.74303722381592
101,0.0018558502197265625,32.744893074035645
102,0.0018310546875,32.746724128723145
103,0.001796722412109375,32.748520851135254
104,0.0017681121826171875,32.75028896331787
105,0.001750946044921875,32.75203990936279
106,0.0017375946044921875,32.753777503967285
107,0.0017147064208984375,32.755492210388184
108,0.0016851425170898438,32.75717735290527
109,0.0016641616821289062,32.7588415145874
110,0.0016393661499023438,32.760480880737305
111,0.0016164779663085938,32.76209735870361
112,0.0016002655029296875,32.76369762420654
113,0.001567840576171875,32.765265464782715
114,0.0015573501586914062,32.766822814941406
115,0.0015401840209960938,32.7683629989624
116,0.0015163421630859375,32.76987934112549
117,0.0015001296997070312,32.771379470825195
118,0.0014696121215820312,32.77284908294678
119,0.001453399658203125,32.77430248260498
120,0.0014476776123046875,32.775750160217285
121,0.0014181137084960938,32.77716827392578
122,0.001415252685546875,32.77858352661133
123,0.00140380859375,32.77998733520508
124,0.0013742446899414062,32.78136157989502
125,0.0013685226440429688,32.78273010253906
126,0.0013399124145507812,32.78407001495361
127,0.0013332366943359375,32.78540325164795
128,0.0013151168823242188,32.78671836853027
129,0.0012969970703125,32.788015365600586
130,0.0012826919555664062,32.78929805755615
131,0.001270294189453125,32.790568351745605
132,0.0012540817260742188,32.79182243347168
133,0.0012483596801757812,32.793070793151855
134,0.001224517822265625,32.79429531097412
135,0.0012102127075195312,32.79550552368164
136,0.0012083053588867188,32.79671382904053
137,0.0011892318725585938,32.797903060913086
138,0.0011844635009765625,32.79908752441406
139,0.0011768341064453125,32.80026435852051
140,0.0011615753173828125,32.80142593383789
141,0.0011453628540039062,32.802571296691895
142,0.001140594482421875,32.803711891174316
143,0.0011301040649414062,32.80484199523926
144,0.0011119842529296875,32.80595397949219
145,0.0011014938354492188,32.80705547332764
146,0.001102447509765625,32.8081579208374
147,0.001087188720703125,32.809245109558105
148,0.00107574462890625,32.81032085418701
149,0.00106048583984375,32.811381340026855
150,0.0010519027709960938,32.81243324279785
151,0.0010461807250976562,32.81347942352295
152,0.0010328292846679688,32.81451225280762
153,0.0010251998901367188,32.815537452697754
154,0.0010194778442382812,32.81655693054199
155,0.0010118484497070312,32.8175687789917
156,0.0009927749633789062,32.81856155395508
