step,loss,cumulative_loss_sum
1,6.03125,6.03125
2,6.03125,12.0625
3,6.03125,18.09375
4,6.03125,24.125
5,6.03125,30.15625
6,6.03125,36.1875
7,6.03125,42.21875
8,5.671875,47.890625
9,5.3125,53.203125
10,5.0234375,58.2265625
11,4.72265625,62.94921875
12,4.40625,67.35546875
13,4.13671875,71.4921875
14,3.900390625,75.392578125
15,3.701171875,79.09375
16,3.513671875,82.607421875
17,3.3984375,86.005859375
18,3.3203125,89.326171875
19,3.212890625,92.5390625
20,3.099609375,95.638671875
21,2.9375,98.576171875
22,2.80078125,101.376953125
23,2.671875,104.048828125
24,2.501953125,106.55078125
25,2.38671875,108.9375
26,2.228515625,111.166015625
27,2.216796875,113.3828125
28,2.1015625,115.484375
29,2.052734375,117.537109375
30,1.94921875,119.486328125
31,1.9169921875,121.4033203125
32,1.837890625,123.2412109375
33,1.802734375,125.0439453125
34,1.7294921875,126.7734375
35,1.73046875,128.50390625
36,1.6484375,130.15234375
37,1.609375,131.76171875
38,1.552734375,133.314453125
39,1.529296875,134.84375
40,1.474609375,136.318359375
41,1.4228515625,137.7412109375
42,1.392578125,139.1337890625
43,1.3447265625,140.478515625
44,1.2890625,141.767578125
45,1.2646484375,143.0322265625
46,1.203125,144.2353515625
47,1.1884765625,145.423828125
48,1.12890625,146.552734375
49,1.10546875,147.658203125
50,1.0390625,148.697265625
51,1.048828125,149.74609375
52,0.97021484375,150.71630859375
53,0.9462890625,151.66259765625
54,0.884765625,152.54736328125
55,0.853515625,153.40087890625
56,0.8173828125,154.21826171875
57,0.79296875,155.01123046875
58,0.76220703125,155.7734375
59,0.73681640625,156.51025390625
60,0.71533203125,157.2255859375
61,0.7001953125,157.92578125
62,0.6591796875,158.5849609375
63,0.64990234375,159.23486328125
64,0.61376953125,159.8486328125
65,0.591796875,160.4404296875
66,0.56591796875,161.00634765625
67,0.548828125,161.55517578125
68,0.53173828125,162.0869140625
69,0.51220703125,162.59912109375
70,0.490966796875,163.090087890625
71,0.469970703125,163.56005859375
72,0.457275390625,164.017333984375
73,0.43701171875,164.454345703125
74,0.42626953125,164.880615234375
75,0.4072265625,165.287841796875
76,0.395263671875,165.68310546875
77,0.37744140625,166.060546875
78,0.361328125,166.421875
79,0.347412109375,166.769287109375
80,0.332763671875,167.10205078125
81,0.31689453125,167.4189453125
82,0.30615234375,167.72509765625
83,0.290771484375,168.015869140625
84,0.278564453125,168.29443359375
85,0.26123046875,168.5556640625
86,0.25244140625,168.80810546875
87,0.2315673828125,169.0396728515625
88,0.2271728515625,169.266845703125
89,0.2120361328125,169.4788818359375
90,0.20654296875,169.6854248046875
91,0.19482421875,169.8802490234375
92,0.1875,170.0677490234375
93,0.1805419921875,170.248291015625
94,0.1702880859375,170.4185791015625
95,0.1630859375,170.5816650390625
96,0.1553955078125,170.737060546875
97,0.1484375,170.885498046875
98,0.1422119140625,171.0277099609375
99,0.134765625,171.1624755859375
100,0.12939453125,171.2918701171875
101,0.1253662109375,171.417236328125
102,0.1199951171875,171.5372314453125
103,0.11297607421875,171.65020751953125
104,0.10797119140625,171.7581787109375
105,0.10296630859375,171.86114501953125
106,0.09747314453125,171.9586181640625
107,0.09326171875,172.0518798828125
108,0.089111328125,172.1409912109375
109,0.085205078125,172.2261962890625
110,0.080322265625,172.3065185546875
111,0.07720947265625,172.38372802734375
112,0.07110595703125,172.454833984375
113,0.0679931640625,172.5228271484375
114,0.06329345703125,172.58612060546875
115,0.0606689453125,172.64678955078125
116,0.0562744140625,172.70306396484375
117,0.05267333984375,172.7557373046875
118,0.050689697265625,172.80642700195312
119,0.0487060546875,172.85513305664062
120,0.04638671875,172.90151977539062
121,0.044525146484375,172.946044921875
122,0.04229736328125,172.98834228515625
123,0.04107666015625,173.0294189453125
124,0.03887939453125,173.06829833984375
125,0.03717041015625,173.10546875
126,0.035247802734375,173.14071655273438
127,0.03338623046875,173.17410278320312
128,0.032135009765625,173.20623779296875
129,0.030609130859375,173.23684692382812
130,0.0286407470703125,173.26548767089844
131,0.028778076171875,173.2942657470703
132,0.0272674560546875,173.321533203125
133,0.0262908935546875,173.3478240966797
134,0.0251007080078125,173.3729248046875
135,0.024627685546875,173.39755249023438
136,0.0235595703125,173.42111206054688
137,0.0225677490234375,173.4436798095703
138,0.0219573974609375,173.46563720703125
139,0.0211029052734375,173.4867401123047
140,0.020782470703125,173.5075225830078
141,0.0201263427734375,173.52764892578125
142,0.0192718505859375,173.5469207763672
143,0.018798828125,173.5657196044922
144,0.01812744140625,173.58384704589844
145,0.01751708984375,173.6013641357422
146,0.0167999267578125,173.6181640625
147,0.0161590576171875,173.6343231201172
148,0.015777587890625,173.6501007080078
149,0.01503753662109375,173.6651382446289
150,0.01467132568359375,173.6798095703125
151,0.01409912109375,173.69390869140625
152,0.013763427734375,173.70767211914062
153,0.0133056640625,173.72097778320312
154,0.01294708251953125,173.73392486572266
155,0.0126190185546875,173.74654388427734
156,0.0121307373046875,173.75867462158203
157,0.01183319091796875,173.7705078125
158,0.011627197265625,173.78213500976562
159,0.011260986328125,173.79339599609375
160,0.0109405517578125,173.80433654785156
161,0.01064300537109375,173.81497955322266
162,0.01032257080078125,173.82530212402344
163,0.01021575927734375,173.83551788330078
164,0.0097808837890625,173.84529876708984
165,0.0094757080078125,173.85477447509766
166,0.00940704345703125,173.8641815185547
167,0.00916290283203125,173.87334442138672
168,0.00890350341796875,173.8822479248047
169,0.0086212158203125,173.890869140625
170,0.00838470458984375,173.89925384521484
171,0.0082550048828125,173.90750885009766
172,0.0079498291015625,173.91545867919922
173,0.00795745849609375,173.9234161376953
174,0.007659912109375,173.9310760498047
175,0.007503509521484375,173.93857955932617
176,0.00725555419921875,173.9458351135254
177,0.007190704345703125,173.9530258178711
178,0.00689697265625,173.95992279052734
179,0.006805419921875,173.96672821044922
180,0.0065460205078125,173.97327423095703
181,0.006565093994140625,173.97983932495117
182,0.006237030029296875,173.98607635498047
183,0.006252288818359375,173.99232864379883
184,0.005863189697265625,173.9981918334961
185,0.00591278076171875,174.0041046142578
186,0.0055389404296875,174.0096435546875
187,0.00557708740234375,174.01522064208984
188,0.005252838134765625,174.0204734802246
189,0.00530242919921875,174.02577590942383
190,0.004917144775390625,174.03069305419922
191,0.00485992431640625,174.03555297851562
192,0.00463104248046875,174.0401840209961
193,0.004436492919921875,174.04462051391602
194,0.004337310791015625,174.04895782470703
195,0.004241943359375,174.0531997680664
196,0.00415802001953125,174.05735778808594
197,0.0040435791015625,174.0614013671875
198,0.00396728515625,174.06536865234375
199,0.00397491455078125,174.06934356689453
200,0.0037555694580078125,174.07309913635254
201,0.0036869049072265625,174.07678604125977
202,0.00360870361328125,174.08039474487305
203,0.00357818603515625,174.0839729309082
204,0.0034198760986328125,174.08739280700684
205,0.0033416748046875,174.09073448181152
206,0.003276824951171875,174.0940113067627
207,0.0032196044921875,174.09723091125488
208,0.00316619873046875,174.10039710998535
209,0.0031566619873046875,174.10355377197266
210,0.0030231475830078125,174.10657691955566
211,0.0030059814453125,174.10958290100098
212,0.002933502197265625,174.11251640319824
213,0.0029010772705078125,174.11541748046875
214,0.0028228759765625,174.1182403564453
215,0.00275421142578125,174.1209945678711
216,0.0027313232421875,174.12372589111328
217,0.0027065277099609375,174.12643241882324
218,0.0026226043701171875,174.12905502319336
219,0.00257110595703125,174.1316261291504
220,0.002521514892578125,174.13414764404297
221,0.002490997314453125,174.13663864135742
222,0.0024700164794921875,174.1391086578369
223,0.0024394989013671875,174.14154815673828
224,0.0023860931396484375,174.14393424987793
225,0.002368927001953125,174.14630317687988
226,0.0023288726806640625,174.14863204956055
227,0.00229644775390625,174.15092849731445
228,0.0022525787353515625,174.1531810760498
229,0.0022125244140625,174.15539360046387
230,0.002201080322265625,174.15759468078613
231,0.0021762847900390625,174.15977096557617
232,0.00212860107421875,174.1618995666504
233,0.0020923614501953125,174.1639919281006
234,0.00205230712890625,174.1660442352295
235,0.002044677734375,174.16808891296387
236,0.002017974853515625,174.17010688781738
237,0.00199127197265625,174.17209815979004
238,0.001964569091796875,174.17406272888184
239,0.0019550323486328125,174.17601776123047
240,0.0019273757934570312,174.17794513702393
241,0.0019025802612304688,174.17984771728516
242,0.0019092559814453125,174.1817569732666
243,0.0018873214721679688,174.18364429473877
244,0.0018339157104492188,174.18547821044922
245,0.00183868408203125,174.18731689453125
246,0.0018167495727539062,174.189133644104
247,0.0017709732055664062,174.19090461730957
248,0.0017576217651367188,174.1926622390747
249,0.001750946044921875,174.19441318511963
250,0.0017328262329101562,174.19614601135254
251,0.0017175674438476562,174.1978635787964
252,0.0016880035400390625,174.19955158233643
253,0.0016603469848632812,174.2012119293213
254,0.0016574859619140625,174.2028694152832
255,0.0016307830810546875,174.20450019836426
256,0.001628875732421875,174.20612907409668
257,0.0016193389892578125,174.20774841308594
258,0.0016012191772460938,174.20934963226318
259,0.0015859603881835938,174.21093559265137
260,0.0015611648559570312,174.21249675750732
261,0.0015468597412109375,174.21404361724854
262,0.0015277862548828125,174.21557140350342
263,0.0015153884887695312,174.2170867919922
264,0.0015096664428710938,174.21859645843506
265,0.0014867782592773438,174.22008323669434
266,0.0014638900756835938,174.22154712677002
267,0.0014677047729492188,174.22301483154297
268,0.0014467239379882812,174.22446155548096
269,0.0014247894287109375,174.22588634490967
270,0.0014171600341796875,174.22730350494385
271,0.0014085769653320312,174.22871208190918
272,0.0013885498046875,174.23010063171387
273,0.0013866424560546875,174.23148727416992
274,0.0013790130615234375,174.23286628723145
275,0.0013513565063476562,174.2342176437378
276,0.001346588134765625,174.23556423187256
277,0.0013341903686523438,174.2368984222412
278,0.0013275146484375,174.23822593688965
279,0.0012998580932617188,174.2395257949829
280,0.0012912750244140625,174.24081707000732
281,0.00128173828125,174.24209880828857
282,0.0012712478637695312,174.24337005615234
283,0.0012655258178710938,174.24463558197021
284,0.0012502670288085938,174.24588584899902
285,0.0012445449829101562,174.24713039398193
286,0.0012340545654296875,174.24836444854736
287,0.0012226104736328125,174.249587059021
288,0.0012178421020507812,174.25080490112305
289,0.0012083053588867188,174.25201320648193
290,0.0011968612670898438,174.25321006774902
291,0.0011882781982421875,174.25439834594727
292,0.0011796951293945312,174.25557804107666
293,0.0011682510375976562,174.25674629211426
294,0.0011692047119140625,174.25791549682617
295,0.0011568069458007812,174.25907230377197
296,0.0011463165283203125,174.2602186203003
297,0.0011358261108398438,174.26135444641113
298,0.0011272430419921875,174.26248168945312
299,0.0011234283447265625,174.26360511779785
300,0.00112152099609375,174.26472663879395
301,0.0011081695556640625,174.2658348083496
302,0.0010976791381835938,174.2669324874878
303,0.0011005401611328125,174.26803302764893
304,0.0010843276977539062,174.26911735534668
305,0.0010833740234375,174.27020072937012
306,0.0010728836059570312,174.27127361297607
307,0.001064300537109375,174.27233791351318
308,0.0010690689086914062,174.27340698242188
309,0.0010528564453125,174.2744598388672
310,0.0010528564453125,174.2755126953125
311,0.0010347366333007812,174.2765474319458
312,0.0010328292846679688,174.27758026123047
313,0.00102996826171875,174.2786102294922
314,0.00101470947265625,174.27962493896484
315,0.0010137557983398438,174.28063869476318
316,0.0010061264038085938,174.281644821167
317,0.0009984970092773438,174.28264331817627
