step,loss,cumulative_loss_sum
1,3.87109375,3.87109375
2,3.87109375,7.7421875
3,3.87109375,11.61328125
4,3.87109375,15.484375
5,3.87109375,19.35546875
6,3.87109375,23.2265625
7,3.6953125,26.921875
8,3.560546875,30.482421875
9,3.4375,33.919921875
10,3.349609375,37.26953125
11,3.24609375,40.515625
12,3.171875,43.6875
13,3.09765625,46.78515625
14,3.0234375,49.80859375
15,2.953125,52.76171875
16,2.873046875,55.634765625
17,2.798828125,58.43359375
18,2.7265625,61.16015625
19,2.666015625,63.826171875
20,2.60546875,66.431640625
21,2.546875,68.978515625
22,2.490234375,71.46875
23,2.4375,73.90625
24,2.388671875,76.294921875
25,2.33203125,78.626953125
26,2.28515625,80.912109375
27,2.23828125,83.150390625
28,2.189453125,85.33984375
29,2.150390625,87.490234375
30,2.107421875,89.59765625
31,2.072265625,91.669921875
32,2.02734375,93.697265625
33,1.9833984375,95.6806640625
34,1.9443359375,97.625
35,1.90234375,99.52734375
36,1.8642578125,101.3916015625
37,1.826171875,103.2177734375
38,1.794921875,105.0126953125
39,1.7646484375,106.77734375
40,1.72265625,108.5
41,1.68359375,110.18359375
42,1.6474609375,111.8310546875
43,1.62109375,113.4521484375
44,1.583984375,115.0361328125
45,1.568359375,116.6044921875
46,1.5263671875,118.130859375
47,1.490234375,119.62109375
48,1.4609375,121.08203125
49,1.400390625,122.482421875
50,1.341796875,123.82421875
51,1.2998046875,125.1240234375
52,1.2587890625,126.3828125
53,1.220703125,127.603515625
54,1.189453125,128.79296875
55,1.1396484375,129.9326171875
56,1.10546875,131.0380859375
57,1.068359375,132.1064453125
58,1.0390625,133.1455078125
59,1.015625,134.1611328125
60,0.9765625,135.1376953125
61,0.93310546875,136.07080078125
62,0.90869140625,136.9794921875
63,0.8671875,137.8466796875
64,0.83984375,138.6865234375
65,0.8037109375,139.490234375
66,0.76416015625,140.25439453125
67,0.734375,140.98876953125
68,0.7109375,141.69970703125
69,0.681640625,142.38134765625
70,0.662109375,143.04345703125
71,0.63330078125,143.6767578125
72,0.615234375,144.2919921875
73,0.58154296875,144.87353515625
74,0.5498046875,145.42333984375
75,0.51953125,145.94287109375
76,0.49072265625,146.43359375
77,0.462646484375,146.896240234375
78,0.43701171875,147.333251953125
79,0.421630859375,147.7548828125
80,0.4013671875,148.15625
81,0.377685546875,148.533935546875
82,0.357177734375,148.89111328125
83,0.3388671875,149.22998046875
84,0.325439453125,149.555419921875
85,0.307373046875,149.86279296875
86,0.2890625,150.15185546875
87,0.273681640625,150.425537109375
88,0.261962890625,150.6875
89,0.251220703125,150.938720703125
90,0.2418212890625,151.1805419921875
91,0.231689453125,151.4122314453125
92,0.22021484375,151.6324462890625
93,0.210693359375,151.8431396484375
94,0.2012939453125,152.04443359375
95,0.1937255859375,152.2381591796875
96,0.1837158203125,152.421875
97,0.176513671875,152.598388671875
98,0.17041015625,152.768798828125
99,0.1629638671875,152.9317626953125
100,0.1578369140625,153.089599609375
101,0.152099609375,153.24169921875
102,0.1466064453125,153.3883056640625
103,0.140869140625,153.5291748046875
104,0.1361083984375,153.665283203125
105,0.1312255859375,153.7965087890625
106,0.1273193359375,153.923828125
107,0.1220703125,154.0458984375
108,0.11822509765625,154.16412353515625
109,0.1142578125,154.27838134765625
110,0.11114501953125,154.3895263671875
111,0.10577392578125,154.49530029296875
112,0.10247802734375,154.5977783203125
113,0.09814453125,154.6959228515625
114,0.0950927734375,154.791015625
115,0.0908203125,154.8818359375
116,0.08831787109375,154.97015380859375
117,0.0853271484375,155.05548095703125
118,0.08251953125,155.13800048828125
119,0.0792236328125,155.21722412109375
120,0.07720947265625,155.29443359375
121,0.073486328125,155.367919921875
122,0.07098388671875,155.43890380859375
123,0.0687255859375,155.50762939453125
124,0.0660400390625,155.57366943359375
125,0.06402587890625,155.6376953125
126,0.061309814453125,155.69900512695312
127,0.05914306640625,155.75814819335938
128,0.056488037109375,155.81463623046875
129,0.05450439453125,155.869140625
130,0.052154541015625,155.92129516601562
131,0.04998779296875,155.97128295898438
132,0.048065185546875,156.01934814453125
133,0.0460205078125,156.06536865234375
134,0.044586181640625,156.10995483398438
135,0.04229736328125,156.15225219726562
136,0.039642333984375,156.19189453125
137,0.038116455078125,156.23001098632812
138,0.035980224609375,156.2659912109375
139,0.0343017578125,156.30029296875
140,0.03240966796875,156.33270263671875
141,0.030853271484375,156.36355590820312
142,0.029022216796875,156.392578125
143,0.027496337890625,156.42007446289062
144,0.0260467529296875,156.4461212158203
145,0.024505615234375,156.4706268310547
146,0.023162841796875,156.49378967285156
147,0.0220947265625,156.51588439941406
148,0.02093505859375,156.5368194580078
149,0.019927978515625,156.55674743652344
150,0.0188751220703125,156.57562255859375
151,0.0178680419921875,156.59349060058594
152,0.0168914794921875,156.61038208007812
153,0.015960693359375,156.6263427734375
154,0.01523590087890625,156.6415786743164
155,0.01434326171875,156.65592193603516
156,0.0136566162109375,156.6695785522461
157,0.01312255859375,156.68270111083984
158,0.01233673095703125,156.69503784179688
159,0.0117645263671875,156.70680236816406
160,0.0112457275390625,156.71804809570312
161,0.0107879638671875,156.7288360595703
162,0.01032257080078125,156.7391586303711
163,0.00995635986328125,156.74911499023438
164,0.00937652587890625,156.75849151611328
165,0.0089569091796875,156.76744842529297
166,0.00856781005859375,156.77601623535156
167,0.00824737548828125,156.78426361083984
168,0.00788116455078125,156.79214477539062
169,0.007572174072265625,156.7997169494629
170,0.007354736328125,156.80707168579102
171,0.0070648193359375,156.81413650512695
172,0.00684356689453125,156.82098007202148
173,0.006649017333984375,156.82762908935547
174,0.006439208984375,156.83406829833984
175,0.006198883056640625,156.84026718139648
176,0.006011962890625,156.8462791442871
177,0.005832672119140625,156.85211181640625
178,0.00565338134765625,156.8577651977539
179,0.0054931640625,156.8632583618164
180,0.00531768798828125,156.8685760498047
181,0.0052032470703125,156.873779296875
182,0.0050506591796875,156.8788299560547
183,0.0049285888671875,156.88375854492188
184,0.004817962646484375,156.88857650756836
185,0.0047149658203125,156.89329147338867
186,0.004638671875,156.89793014526367
187,0.0045013427734375,156.9024314880371
188,0.00437164306640625,156.90680313110352
189,0.004302978515625,156.91110610961914
190,0.00420379638671875,156.91530990600586
191,0.004108428955078125,156.91941833496094
192,0.004016876220703125,156.92343521118164
193,0.0039215087890625,156.9273567199707
194,0.00383758544921875,156.93119430541992
195,0.00372314453125,156.93491744995117
196,0.00363922119140625,156.93855667114258
197,0.0035552978515625,156.94211196899414
198,0.003475189208984375,156.94558715820312
199,0.0033931732177734375,156.9489803314209
200,0.0033416748046875,156.9523220062256
201,0.003238677978515625,156.9555606842041
202,0.00316619873046875,156.95872688293457
203,0.0031185150146484375,156.96184539794922
204,0.0030727386474609375,156.96491813659668
205,0.003002166748046875,156.96792030334473
206,0.002956390380859375,156.9708766937256
207,0.00289154052734375,156.97376823425293
208,0.0028285980224609375,156.9765968322754
209,0.002765655517578125,156.97936248779297
210,0.0027446746826171875,156.9821071624756
211,0.0027008056640625,156.98480796813965
212,0.0026836395263671875,156.98749160766602
213,0.0026226043701171875,156.99011421203613
214,0.0025844573974609375,156.9926986694336
215,0.0025272369384765625,156.99522590637207
216,0.002490997314453125,156.99771690368652
217,0.002452850341796875,157.00016975402832
218,0.0024166107177734375,157.0025863647461
219,0.0023632049560546875,157.00494956970215
220,0.002346038818359375,157.0072956085205
221,0.00231170654296875,157.00960731506348
222,0.002262115478515625,157.011869430542
223,0.0022430419921875,157.01411247253418
224,0.0022125244140625,157.01632499694824
225,0.002178192138671875,157.0185031890869
226,0.002147674560546875,157.02065086364746
227,0.002117156982421875,157.02276802062988
228,0.0020999908447265625,157.0248680114746
229,0.00206756591796875,157.02693557739258
230,0.0020389556884765625,157.02897453308105
231,0.0020084381103515625,157.0309829711914
232,0.001995086669921875,157.03297805786133
233,0.001964569091796875,157.03494262695312
234,0.0019378662109375,157.03688049316406
235,0.0019216537475585938,157.03880214691162
236,0.0019092559814453125,157.04071140289307
237,0.001880645751953125,157.04259204864502
238,0.0018520355224609375,157.04444408416748
239,0.0018405914306640625,157.04628467559814
240,0.0018138885498046875,157.04809856414795
241,0.001800537109375,157.04989910125732
242,0.001773834228515625,157.05167293548584
243,0.0017604827880859375,157.05343341827393
244,0.00174713134765625,157.05518054962158
245,0.001720428466796875,157.05690097808838
246,0.0017080307006835938,157.05860900878906
247,0.0016965866088867188,157.06030559539795
248,0.0016851425170898438,157.06199073791504
249,0.0016613006591796875,157.06365203857422
250,0.00164794921875,157.06529998779297
251,0.001636505126953125,157.06693649291992
252,0.0016126632690429688,157.06854915618896
253,0.0015897750854492188,157.0701389312744
254,0.0015773773193359375,157.07171630859375
255,0.0015668869018554688,157.0732831954956
256,0.0015554428100585938,157.07483863830566
257,0.00153350830078125,157.07637214660645
258,0.001522064208984375,157.07789421081543
259,0.001522064208984375,157.0794162750244
260,0.0015001296997070312,157.08091640472412
261,0.0014886856079101562,157.08240509033203
262,0.0014772415161132812,157.08388233184814
263,0.001468658447265625,157.0853509902954
264,0.00145721435546875,157.08680820465088
265,0.0014362335205078125,157.0882444381714
266,0.0014257431030273438,157.0896701812744
267,0.0014257431030273438,157.09109592437744
268,0.0014057159423828125,157.09250164031982
269,0.00139617919921875,157.09389781951904
270,0.0013761520385742188,157.09527397155762
271,0.0013647079467773438,157.0966386795044
272,0.0013561248779296875,157.09799480438232
273,0.001346588134765625,157.0993413925171
274,0.0013360977172851562,157.10067749023438
275,0.0013275146484375,157.1020050048828
276,0.0013179779052734375,157.1033229827881
277,0.0012989044189453125,157.10462188720703
278,0.0012998580932617188,157.1059217453003
279,0.0012807846069335938,157.10720252990723
280,0.0012712478637695312,157.108473777771
281,0.0012521743774414062,157.10972595214844
282,0.00124359130859375,157.11096954345703
283,0.0012350082397460938,157.11220455169678
284,0.0012350082397460938,157.11343955993652
285,0.0012273788452148438,157.11466693878174
286,0.0012083053588867188,157.11587524414062
287,0.0012006759643554688,157.11707592010498
288,0.0011911392211914062,157.11826705932617
289,0.0011835098266601562,157.11945056915283
290,0.0011749267578125,157.12062549591064
291,0.0011663436889648438,157.1217918395996
292,0.0011577606201171875,157.12294960021973
293,0.0011577606201171875,157.12410736083984
294,0.0011491775512695312,157.1252565383911
295,0.0011415481567382812,157.12639808654785
296,0.001125335693359375,157.1275234222412
297,0.0011167526245117188,157.12864017486572
298,0.0011081695556640625,157.1297483444214
299,0.0011014938354492188,157.13084983825684
300,0.0011014938354492188,157.13195133209229
301,0.0010929107666015625,157.1330442428589
302,0.0010938644409179688,157.1341381072998
303,0.0010852813720703125,157.13522338867188
304,0.0010786056518554688,157.13630199432373
305,0.0010700225830078125,157.13737201690674
306,0.0010538101196289062,157.13842582702637
307,0.0010547637939453125,157.1394805908203
308,0.0010471343994140625,157.14052772521973
309,0.0010404586791992188,157.14156818389893
310,0.0010328292846679688,157.1426010131836
311,0.0010318756103515625,157.14363288879395
312,0.0010175704956054688,157.14465045928955
313,0.0010175704956054688,157.14566802978516
314,0.001010894775390625,157.14667892456055
315,0.0010118484497070312,157.14769077301025
316,0.001003265380859375,157.1486940383911
317,0.0009965896606445312,157.14969062805176
