step,loss,cumulative_loss_sum
1,2.150390625,2.150390625
2,2.150390625,4.30078125
3,2.150390625,6.451171875
4,2.150390625,8.6015625
5,2.150390625,10.751953125
6,2.150390625,12.90234375
7,2.150390625,15.052734375
8,1.95703125,17.009765625
9,1.8359375,18.845703125
10,1.7509765625,20.5966796875
11,1.6787109375,22.275390625
12,1.603515625,23.87890625
13,1.541015625,25.419921875
14,1.4638671875,26.8837890625
15,1.4033203125,28.287109375
16,1.357421875,29.64453125
17,1.2958984375,30.9404296875
18,1.2451171875,32.185546875
19,1.205078125,33.390625
20,1.1552734375,34.5458984375
21,1.1123046875,35.658203125
22,1.0703125,36.728515625
23,1.02734375,37.755859375
24,0.978515625,38.734375
25,0.92724609375,39.66162109375
26,0.8818359375,40.54345703125
27,0.841796875,41.38525390625
28,0.80224609375,42.1875
29,0.76611328125,42.95361328125
30,0.72900390625,43.6826171875
31,0.6904296875,44.373046875
32,0.65087890625,45.02392578125
33,0.60693359375,45.630859375
34,0.57080078125,46.20166015625
35,0.53369140625,46.7353515625
36,0.499267578125,47.234619140625
37,0.46435546875,47.698974609375
38,0.427978515625,48.126953125
39,0.39990234375,48.52685546875
40,0.375244140625,48.902099609375
41,0.34619140625,49.248291015625
42,0.319091796875,49.5673828125
43,0.298095703125,49.865478515625
44,0.27685546875,50.142333984375
45,0.259765625,50.402099609375
46,0.24169921875,50.643798828125
47,0.2252197265625,50.8690185546875
48,0.2108154296875,51.079833984375
49,0.1971435546875,51.2769775390625
50,0.18408203125,51.4610595703125
51,0.1702880859375,51.63134765625
52,0.1607666015625,51.7921142578125
53,0.150390625,51.9425048828125
54,0.1419677734375,52.08447265625
55,0.134765625,52.21923828125
56,0.1275634765625,52.3468017578125
57,0.1217041015625,52.468505859375
58,0.11627197265625,52.58477783203125
59,0.1102294921875,52.69500732421875
60,0.10479736328125,52.7998046875
61,0.09918212890625,52.89898681640625
62,0.09417724609375,52.9931640625
63,0.08966064453125,53.08282470703125
64,0.084716796875,53.16754150390625
65,0.081298828125,53.24884033203125
66,0.07684326171875,53.32568359375
67,0.0726318359375,53.3983154296875
68,0.0684814453125,53.466796875
69,0.06488037109375,53.53167724609375
70,0.061004638671875,53.592681884765625
71,0.057586669921875,53.6502685546875
72,0.054290771484375,53.704559326171875
73,0.051513671875,53.756072998046875
74,0.048583984375,53.804656982421875
75,0.045257568359375,53.84991455078125
76,0.043243408203125,53.893157958984375
77,0.0406494140625,53.933807373046875
78,0.038482666015625,53.9722900390625
79,0.036834716796875,54.009124755859375
80,0.03509521484375,54.044219970703125
81,0.03314208984375,54.077362060546875
82,0.0316162109375,54.108978271484375
83,0.0300140380859375,54.13899230957031
84,0.0286102294921875,54.1676025390625
85,0.0274505615234375,54.19505310058594
86,0.026611328125,54.22166442871094
87,0.02545166015625,54.24711608886719
88,0.02435302734375,54.27146911621094
89,0.02337646484375,54.29484558105469
90,0.022674560546875,54.31752014160156
91,0.0218353271484375,54.33935546875
92,0.0208892822265625,54.36024475097656
93,0.0200042724609375,54.3802490234375
94,0.0191650390625,54.3994140625
95,0.0183563232421875,54.41777038574219
96,0.0175628662109375,54.435333251953125
97,0.0169525146484375,54.45228576660156
98,0.01611328125,54.46839904785156
99,0.01551055908203125,54.483909606933594
100,0.01470947265625,54.498619079589844
101,0.01412200927734375,54.51274108886719
102,0.01346588134765625,54.526206970214844
103,0.0129547119140625,54.539161682128906
104,0.012359619140625,54.55152130126953
105,0.011932373046875,54.563453674316406
106,0.0114593505859375,54.574913024902344
107,0.010986328125,54.585899353027344
108,0.0106353759765625,54.596534729003906
109,0.010284423828125,54.60681915283203
110,0.0099334716796875,54.61675262451172
111,0.0096588134765625,54.62641143798828
112,0.0093994140625,54.63581085205078
113,0.0091400146484375,54.64495086669922
114,0.00887298583984375,54.65382385253906
115,0.00865936279296875,54.66248321533203
116,0.00836944580078125,54.67085266113281
117,0.0081329345703125,54.678985595703125
118,0.00791168212890625,54.68689727783203
119,0.00775146484375,54.69464874267578
120,0.00751495361328125,54.70216369628906
121,0.00731658935546875,54.70948028564453
122,0.0071258544921875,54.71660614013672
123,0.006900787353515625,54.723506927490234
124,0.006755828857421875,54.730262756347656
125,0.00662994384765625,54.73689270019531
126,0.006420135498046875,54.74331283569336
127,0.006244659423828125,54.74955749511719
128,0.006114959716796875,54.755672454833984
129,0.00598907470703125,54.761661529541016
130,0.005825042724609375,54.767486572265625
131,0.00571441650390625,54.77320098876953
132,0.00560760498046875,54.77880859375
133,0.005481719970703125,54.7842903137207
134,0.00537872314453125,54.789669036865234
135,0.005218505859375,54.79488754272461
136,0.005153656005859375,54.80004119873047
137,0.005054473876953125,54.80509567260742
138,0.00495147705078125,54.8100471496582
139,0.00485992431640625,54.81490707397461
140,0.004787445068359375,54.81969451904297
141,0.00467681884765625,54.824371337890625
142,0.0045928955078125,54.82896423339844
143,0.004486083984375,54.83345031738281
144,0.004398345947265625,54.83784866333008
145,0.004329681396484375,54.84217834472656
146,0.0042724609375,54.84645080566406
147,0.0041961669921875,54.85064697265625
148,0.004108428955078125,54.85475540161133
149,0.00405120849609375,54.85880661010742
150,0.00395965576171875,54.86276626586914
151,0.003864288330078125,54.86663055419922
152,0.003826141357421875,54.87045669555664
153,0.0037784576416015625,54.87423515319824
154,0.0037174224853515625,54.877952575683594
155,0.003658294677734375,54.88161087036133
156,0.00360870361328125,54.88521957397461
157,0.0035572052001953125,54.888776779174805
158,0.0034885406494140625,54.89226531982422
159,0.00345611572265625,54.895721435546875
160,0.0033931732177734375,54.89911460876465
161,0.0033435821533203125,54.90245819091797
162,0.003284454345703125,54.90574264526367
163,0.0032596588134765625,54.90900230407715
164,0.003208160400390625,54.91221046447754
165,0.003177642822265625,54.915388107299805
166,0.00310516357421875,54.91849327087402
167,0.0030670166015625,54.921560287475586
168,0.003032684326171875,54.92459297180176
169,0.0029964447021484375,54.927589416503906
170,0.0029697418212890625,54.930559158325195
171,0.0029392242431640625,54.93349838256836
172,0.002895355224609375,54.93639373779297
173,0.0028553009033203125,54.93924903869629
174,0.002819061279296875,54.942068099975586
175,0.0027790069580078125,54.944847106933594
176,0.0027523040771484375,54.94759941101074
177,0.0027217864990234375,54.950321197509766
178,0.0026912689208984375,54.953012466430664
179,0.0026798248291015625,54.955692291259766
180,0.0026340484619140625,54.95832633972168
181,0.002593994140625,54.960920333862305
182,0.002574920654296875,54.9634952545166
183,0.00255584716796875,54.96605110168457
184,0.0025157928466796875,54.96856689453125
185,0.002490997314453125,54.9710578918457
186,0.0024776458740234375,54.97353553771973
187,0.0024509429931640625,54.97598648071289
188,0.0024089813232421875,54.97839546203613
189,0.0023784637451171875,54.98077392578125
190,0.0023441314697265625,54.98311805725098
191,0.00232696533203125,54.98544502258301
192,0.002307891845703125,54.98775291442871
193,0.0022678375244140625,54.990020751953125
194,0.0022525787353515625,54.99227333068848
195,0.0022487640380859375,54.99452209472656
196,0.0022220611572265625,54.99674415588379
197,0.0021877288818359375,54.998931884765625
198,0.0021839141845703125,55.001115798950195
199,0.00217437744140625,55.0032901763916
200,0.0021343231201171875,55.00542449951172
201,0.0021190643310546875,55.00754356384277
202,0.0020999908447265625,55.0096435546875
203,0.00209808349609375,55.011741638183594
204,0.0020809173583984375,55.01382255554199
205,0.0020503997802734375,55.015872955322266
206,0.00203704833984375,55.01791000366211
207,0.00201416015625,55.01992416381836
208,0.0020008087158203125,55.02192497253418
209,0.001983642578125,55.023908615112305
210,0.001964569091796875,55.0258731842041
211,0.0019521713256835938,55.027825355529785
212,0.001918792724609375,55.029744148254395
213,0.0019216537475585938,55.03166580200195
214,0.0018978118896484375,55.0335636138916
215,0.0018863677978515625,55.03544998168945
216,0.001873016357421875,55.037322998046875
217,0.0018548965454101562,55.039177894592285
218,0.0018482208251953125,55.04102611541748
219,0.0018205642700195312,55.0428466796875
220,0.001819610595703125,55.0446662902832
221,0.00180816650390625,55.04647445678711
222,0.0017910003662109375,55.04826545715332
223,0.0017614364624023438,55.05002689361572
224,0.0017642974853515625,55.051791191101074
225,0.0017518997192382812,55.05354309082031
226,0.0017328262329101562,55.05527591705322
227,0.0017337799072265625,55.05700969696045
228,0.0017223358154296875,55.05873203277588
229,0.0016889572143554688,55.060420989990234
230,0.0016794204711914062,55.062100410461426
231,0.0016803741455078125,55.063780784606934
232,0.0016679763793945312,55.06544876098633
233,0.001644134521484375,55.06709289550781
234,0.0016384124755859375,55.0687313079834
235,0.0016222000122070312,55.070353507995605
236,0.001617431640625,55.07197093963623
237,0.0016040802001953125,55.073575019836426
238,0.0015783309936523438,55.07515335083008
239,0.0015707015991210938,55.0767240524292
240,0.0015621185302734375,55.07828617095947
241,0.001556396484375,55.07984256744385
242,0.0015497207641601562,55.08139228820801
243,0.0015354156494140625,55.08292770385742
244,0.0015172958374023438,55.084444999694824
245,0.0015163421630859375,55.08596134185791
246,0.001506805419921875,55.08746814727783
247,0.0014925003051757812,55.08896064758301
248,0.0014820098876953125,55.0904426574707
249,0.00147247314453125,55.091915130615234
250,0.00145721435546875,55.0933723449707
251,0.0014591217041015625,55.094831466674805
252,0.001438140869140625,55.096269607543945
253,0.0014324188232421875,55.09770202636719
254,0.0014295578002929688,55.09913158416748
255,0.0014219284057617188,55.10055351257324
256,0.0014104843139648438,55.10196399688721
257,0.0013980865478515625,55.10336208343506
258,0.0013866424560546875,55.10474872589111
259,0.0013713836669921875,55.106120109558105
260,0.0013608932495117188,55.10748100280762
261,0.001354217529296875,55.108835220336914
262,0.0013551712036132812,55.11019039154053
263,0.001346588134765625,55.11153697967529
264,0.0013380050659179688,55.11287498474121
265,0.0013322830200195312,55.11420726776123
266,0.001323699951171875,55.1155309677124
267,0.0013103485107421875,55.116841316223145
268,0.0013017654418945312,55.11814308166504
269,0.0012903213500976562,55.11943340301514
270,0.0012788772583007812,55.12071228027344
271,0.0012722015380859375,55.12198448181152
272,0.0012607574462890625,55.12324523925781
273,0.0012407302856445312,55.12448596954346
274,0.0012464523315429688,55.125732421875
275,0.0012493133544921875,55.12698173522949
276,0.0012331008911132812,55.128214836120605
277,0.0012311935424804688,55.129446029663086
278,0.0012264251708984375,55.130672454833984
279,0.001209259033203125,55.13188171386719
280,0.0012121200561523438,55.13309383392334
281,0.0011949539184570312,55.1342887878418
282,0.001194000244140625,55.13548278808594
283,0.001186370849609375,55.13666915893555
284,0.0011854171752929688,55.13785457611084
285,0.0011768341064453125,55.139031410217285
286,0.0011682510375976562,55.14019966125488
287,0.0011568069458007812,55.141356468200684
288,0.001155853271484375,55.14251232147217
289,0.0011434555053710938,55.14365577697754
290,0.0011415481567382812,55.14479732513428
291,0.0011281967163085938,55.145925521850586
292,0.0011310577392578125,55.147056579589844
293,0.0011129379272460938,55.14816951751709
294,0.001102447509765625,55.149271965026855
295,0.0011053085327148438,55.15037727355957
296,0.0010938644409179688,55.15147113800049
297,0.00109100341796875,55.15256214141846
298,0.0010919570922851562,55.15365409851074
299,0.0010824203491210938,55.15473651885986
300,0.0010738372802734375,55.15581035614014
301,0.0010671615600585938,55.156877517700195
302,0.0010614395141601562,55.157938957214355
303,0.0010576248168945312,55.15899658203125
304,0.0010461807250976562,55.16004276275635
305,0.0010509490966796875,55.16109371185303
306,0.0010423660278320312,55.16213607788086
307,0.00103759765625,55.16317367553711
308,0.0010328292846679688,55.16420650482178
309,0.0010271072387695312,55.16523361206055
310,0.0010194778442382812,55.166253089904785
311,0.0010166168212890625,55.167269706726074
312,0.0010166168212890625,55.16828632354736
313,0.001010894775390625,55.169297218322754
314,0.0009965896606445312,55.1702938079834
