step,loss,cumulative_loss_sum
1,2.3046875,2.3046875
2,2.3046875,4.609375
3,2.3046875,6.9140625
4,2.3046875,9.21875
5,2.3046875,11.5234375
6,2.3046875,13.828125
7,2.1015625,15.9296875
8,2.1015625,18.03125
9,1.82421875,19.85546875
10,1.6220703125,21.4775390625
11,1.3974609375,22.875
12,1.322265625,24.197265625
13,1.296875,25.494140625
14,1.2392578125,26.7333984375
15,1.23046875,27.9638671875
16,1.1650390625,29.12890625
17,1.1591796875,30.2880859375
18,1.1259765625,31.4140625
19,1.119140625,32.533203125
20,1.1044921875,33.6376953125
21,1.095703125,34.7333984375
22,1.0703125,35.8037109375
23,1.0576171875,36.861328125
24,1.02734375,37.888671875
25,1.0048828125,38.8935546875
26,0.9990234375,39.892578125
27,0.97412109375,40.86669921875
28,0.9833984375,41.85009765625
29,0.9462890625,42.79638671875
30,0.93505859375,43.7314453125
31,0.92041015625,44.65185546875
32,0.90869140625,45.560546875
33,0.892578125,46.453125
34,0.8798828125,47.3330078125
35,0.86767578125,48.20068359375
36,0.853515625,49.05419921875
37,0.8388671875,49.89306640625
38,0.83544921875,50.728515625
39,0.8212890625,51.5498046875
40,0.80908203125,52.35888671875
41,0.7998046875,53.15869140625
42,0.78857421875,53.947265625
43,0.77783203125,54.72509765625
44,0.77099609375,55.49609375
45,0.765625,56.26171875
46,0.7451171875,57.0068359375
47,0.7490234375,57.755859375
48,0.7265625,58.482421875
49,0.728515625,59.2109375
50,0.70556640625,59.91650390625
51,0.7060546875,60.62255859375
52,0.68603515625,61.30859375
53,0.6865234375,61.9951171875
54,0.66796875,62.6630859375
55,0.66357421875,63.32666015625
56,0.65576171875,63.982421875
57,0.65283203125,64.63525390625
58,0.63427734375,65.26953125
59,0.63330078125,65.90283203125
60,0.6103515625,66.51318359375
61,0.61474609375,67.1279296875
62,0.60205078125,67.72998046875
63,0.603515625,68.33349609375
64,0.58544921875,68.9189453125
65,0.58837890625,69.50732421875
66,0.5712890625,70.07861328125
67,0.57421875,70.65283203125
68,0.55859375,71.21142578125
69,0.546875,71.75830078125
70,0.54443359375,72.302734375
71,0.5361328125,72.8388671875
72,0.5341796875,73.373046875
73,0.52392578125,73.89697265625
74,0.517578125,74.41455078125
75,0.5146484375,74.92919921875
76,0.501953125,75.43115234375
77,0.494384765625,75.925537109375
78,0.48779296875,76.413330078125
79,0.479248046875,76.892578125
80,0.47509765625,77.36767578125
81,0.46435546875,77.83203125
82,0.4580078125,78.2900390625
83,0.455322265625,78.745361328125
84,0.45263671875,79.197998046875
85,0.445556640625,79.6435546875
86,0.440185546875,80.083740234375
87,0.429931640625,80.513671875
88,0.42724609375,80.94091796875
89,0.41943359375,81.3603515625
90,0.417724609375,81.778076171875
91,0.407470703125,82.185546875
92,0.405517578125,82.591064453125
93,0.401123046875,82.9921875
94,0.393798828125,83.385986328125
95,0.3935546875,83.779541015625
96,0.3857421875,84.165283203125
97,0.38232421875,84.547607421875
98,0.376220703125,84.923828125
99,0.372802734375,85.296630859375
100,0.36767578125,85.664306640625
101,0.360107421875,86.0244140625
102,0.35986328125,86.38427734375
103,0.35205078125,86.736328125
104,0.3466796875,87.0830078125
105,0.343017578125,87.426025390625
106,0.34033203125,87.766357421875
107,0.333984375,88.100341796875
108,0.33251953125,88.432861328125
109,0.32177734375,88.754638671875
110,0.321533203125,89.076171875
111,0.30810546875,89.38427734375
112,0.313720703125,89.697998046875
113,0.296875,89.994873046875
114,0.29931640625,90.294189453125
115,0.288818359375,90.5830078125
116,0.287109375,90.8701171875
117,0.281005859375,91.151123046875
118,0.284912109375,91.43603515625
119,0.272216796875,91.708251953125
120,0.275634765625,91.98388671875
121,0.2607421875,92.24462890625
122,0.267822265625,92.512451171875
123,0.255126953125,92.767578125
124,0.25732421875,93.02490234375
125,0.2484130859375,93.2733154296875
126,0.248779296875,93.5220947265625
127,0.242431640625,93.7645263671875
128,0.2410888671875,94.005615234375
129,0.2347412109375,94.2403564453125
130,0.2340087890625,94.474365234375
131,0.2266845703125,94.7010498046875
132,0.2274169921875,94.928466796875
133,0.2191162109375,95.1475830078125
134,0.220458984375,95.3680419921875
135,0.2138671875,95.5819091796875
136,0.2110595703125,95.79296875
137,0.206787109375,95.999755859375
138,0.2100830078125,96.2098388671875
139,0.19970703125,96.4095458984375
140,0.2044677734375,96.614013671875
141,0.1934814453125,96.8074951171875
142,0.1949462890625,97.00244140625
143,0.1907958984375,97.1932373046875
144,0.1905517578125,97.3837890625
145,0.1834716796875,97.5672607421875
146,0.188232421875,97.7554931640625
147,0.1763916015625,97.931884765625
148,0.180419921875,98.1123046875
149,0.1688232421875,98.2811279296875
150,0.17236328125,98.4534912109375
151,0.1673583984375,98.620849609375
152,0.1666259765625,98.7874755859375
153,0.1607666015625,98.9482421875
154,0.1607666015625,99.1090087890625
155,0.152099609375,99.2611083984375
156,0.154541015625,99.4156494140625
157,0.1436767578125,99.559326171875
158,0.1510009765625,99.7103271484375
159,0.1375732421875,99.847900390625
160,0.13330078125,99.981201171875
161,0.12744140625,100.108642578125
162,0.13427734375,100.242919921875
163,0.1214599609375,100.3643798828125
164,0.128173828125,100.4925537109375
165,0.11712646484375,100.60968017578125
166,0.12176513671875,100.7314453125
167,0.10943603515625,100.84088134765625
168,0.12213134765625,100.9630126953125
169,0.10369873046875,101.06671142578125
170,0.1126708984375,101.17938232421875
171,0.09912109375,101.27850341796875
172,0.10577392578125,101.38427734375
173,0.094970703125,101.479248046875
174,0.0994873046875,101.5787353515625
175,0.09088134765625,101.66961669921875
176,0.0965576171875,101.76617431640625
177,0.08660888671875,101.852783203125
178,0.09332275390625,101.94610595703125
179,0.0826416015625,102.02874755859375
180,0.0880126953125,102.11676025390625
181,0.080078125,102.19683837890625
182,0.08465576171875,102.281494140625
183,0.07769775390625,102.35919189453125
184,0.08154296875,102.44073486328125
185,0.072265625,102.51300048828125
186,0.0799560546875,102.59295654296875
187,0.0703125,102.66326904296875
188,0.07659912109375,102.7398681640625
189,0.06732177734375,102.80718994140625
190,0.07098388671875,102.878173828125
191,0.0635986328125,102.9417724609375
192,0.0701904296875,103.011962890625
193,0.059967041015625,103.07192993164062
194,0.06536865234375,103.13729858398438
195,0.059478759765625,103.19677734375
196,0.0615234375,103.25830078125
197,0.056640625,103.31494140625
198,0.0596923828125,103.3746337890625
199,0.05487060546875,103.42950439453125
200,0.055999755859375,103.48550415039062
201,0.05230712890625,103.53781127929688
202,0.055511474609375,103.59332275390625
203,0.050048828125,103.64337158203125
204,0.052093505859375,103.69546508789062
205,0.04876708984375,103.74423217773438
206,0.05059814453125,103.79483032226562
207,0.047332763671875,103.8421630859375
208,0.048004150390625,103.89016723632812
209,0.04522705078125,103.93539428710938
210,0.047027587890625,103.982421875
211,0.04412841796875,104.02655029296875
212,0.045867919921875,104.07241821289062
213,0.043670654296875,104.1160888671875
214,0.044342041015625,104.16043090820312
215,0.04156494140625,104.20199584960938
216,0.04315185546875,104.24514770507812
217,0.0400390625,104.28518676757812
218,0.040985107421875,104.326171875
219,0.037689208984375,104.36386108398438
220,0.0391845703125,104.40304565429688
221,0.03643798828125,104.43948364257812
222,0.038330078125,104.47781372070312
223,0.034576416015625,104.51239013671875
224,0.037872314453125,104.55026245117188
225,0.03326416015625,104.58352661132812
226,0.03643798828125,104.61996459960938
227,0.03228759765625,104.65225219726562
228,0.035797119140625,104.68804931640625
229,0.031585693359375,104.71963500976562
230,0.03485107421875,104.75448608398438
231,0.03021240234375,104.78469848632812
232,0.03472900390625,104.81942749023438
233,0.0296630859375,104.84909057617188
234,0.03338623046875,104.88247680664062
235,0.0277099609375,104.91018676757812
236,0.03106689453125,104.94125366210938
237,0.029754638671875,104.97100830078125
238,0.026153564453125,104.99716186523438
239,0.0311737060546875,105.02833557128906
240,0.0265655517578125,105.05490112304688
241,0.02728271484375,105.08218383789062
242,0.0263519287109375,105.10853576660156
243,0.0257720947265625,105.13430786132812
244,0.0253448486328125,105.15965270996094
245,0.0248260498046875,105.18447875976562
246,0.025146484375,105.20962524414062
247,0.0239105224609375,105.23353576660156
248,0.024078369140625,105.25761413574219
249,0.02313232421875,105.28074645996094
250,0.023040771484375,105.30378723144531
251,0.0223236083984375,105.32611083984375
252,0.0223846435546875,105.34849548339844
253,0.0217132568359375,105.37020874023438
254,0.02215576171875,105.39236450195312
255,0.020904541015625,105.41326904296875
256,0.0210723876953125,105.43434143066406
257,0.0198211669921875,105.45416259765625
258,0.0205078125,105.47467041015625
259,0.01904296875,105.49371337890625
260,0.0205078125,105.51422119140625
261,0.018402099609375,105.53262329101562
262,0.019317626953125,105.55194091796875
263,0.01776123046875,105.5697021484375
264,0.018646240234375,105.58834838867188
265,0.0175628662109375,105.60591125488281
266,0.017974853515625,105.62388610839844
267,0.01715087890625,105.64103698730469
268,0.0176239013671875,105.65866088867188
269,0.016571044921875,105.67523193359375
270,0.0172882080078125,105.69252014160156
271,0.0167388916015625,105.70925903320312
272,0.01497650146484375,105.72423553466797
273,0.01751708984375,105.74175262451172
274,0.01471710205078125,105.7564697265625
275,0.015960693359375,105.77243041992188
276,0.0146636962890625,105.78709411621094
277,0.015716552734375,105.80281066894531
278,0.0140533447265625,105.81686401367188
279,0.0148468017578125,105.83171081542969
280,0.01323699951171875,105.8449478149414
281,0.0146331787109375,105.85958099365234
282,0.01337432861328125,105.87295532226562
283,0.0137939453125,105.88674926757812
284,0.0127716064453125,105.89952087402344
285,0.0129852294921875,105.91250610351562
286,0.01226043701171875,105.92476654052734
287,0.01279449462890625,105.93756103515625
288,0.0118255615234375,105.94938659667969
289,0.0123291015625,105.96171569824219
290,0.01219940185546875,105.97391510009766
291,0.01149749755859375,105.98541259765625
292,0.0114593505859375,105.99687194824219
293,0.011077880859375,106.00794982910156
294,0.01117706298828125,106.01912689208984
295,0.01055908203125,106.0296859741211
296,0.01085662841796875,106.04054260253906
297,0.010162353515625,106.05070495605469
298,0.01021575927734375,106.06092071533203
299,0.00986480712890625,106.07078552246094
300,0.00962066650390625,106.08040618896484
301,0.00975799560546875,106.09016418457031
302,0.0096893310546875,106.099853515625
303,0.00974273681640625,106.1095962524414
304,0.00884246826171875,106.11843872070312
305,0.01064300537109375,106.12908172607422
306,0.00817108154296875,106.13725280761719
307,0.0086669921875,106.14591979980469
308,0.00812530517578125,106.15404510498047
309,0.00791168212890625,106.16195678710938
310,0.0078125,106.16976928710938
311,0.007537841796875,106.17730712890625
312,0.0076141357421875,106.18492126464844
313,0.007778167724609375,106.19269943237305
314,0.007411956787109375,106.20011138916016
315,0.00751495361328125,106.20762634277344
316,0.007083892822265625,106.2147102355957
317,0.007389068603515625,106.22209930419922
318,0.006824493408203125,106.22892379760742
319,0.006961822509765625,106.23588562011719
320,0.006771087646484375,106.24265670776367
321,0.0069580078125,106.24961471557617
322,0.00603485107421875,106.25564956665039
323,0.006198883056640625,106.26184844970703
324,0.006641387939453125,106.26848983764648
325,0.00604248046875,106.27453231811523
326,0.00634002685546875,106.2808723449707
327,0.005847930908203125,106.2867202758789
328,0.00579071044921875,106.29251098632812
329,0.005718231201171875,106.2982292175293
330,0.00548553466796875,106.30371475219727
331,0.0054473876953125,106.30916213989258
332,0.005382537841796875,106.31454467773438
333,0.00528717041015625,106.31983184814453
334,0.004970550537109375,106.32480239868164
335,0.00473785400390625,106.32954025268555
336,0.00479888916015625,106.3343391418457
337,0.004913330078125,106.33925247192383
338,0.004459381103515625,106.34371185302734
339,0.004489898681640625,106.34820175170898
340,0.004547119140625,106.35274887084961
341,0.004253387451171875,106.35700225830078
342,0.004283905029296875,106.36128616333008
343,0.004150390625,106.36543655395508
344,0.00418853759765625,106.36962509155273
345,0.00406646728515625,106.37369155883789
346,0.00390625,106.37759780883789
347,0.0038547515869140625,106.3814525604248
348,0.0037593841552734375,106.38521194458008
349,0.0036754608154296875,106.38888740539551
350,0.003814697265625,106.39270210266113
351,0.0034732818603515625,106.39617538452148
352,0.0036411285400390625,106.39981651306152
353,0.0034198760986328125,106.40323638916016
354,0.003482818603515625,106.40671920776367
355,0.00322723388671875,106.40994644165039
356,0.0033664703369140625,106.4133129119873
357,0.0030994415283203125,106.41641235351562
358,0.0032176971435546875,106.41963005065918
359,0.00304412841796875,106.42267417907715
360,0.003322601318359375,106.42599678039551
361,0.0028553009033203125,106.42885208129883
362,0.003101348876953125,106.43195343017578
363,0.0029163360595703125,106.43486976623535
364,0.0029239654541015625,106.43779373168945
365,0.0027294158935546875,106.44052314758301
366,0.002468109130859375,106.44299125671387
367,0.0025081634521484375,106.44549942016602
368,0.00284576416015625,106.44834518432617
369,0.0025424957275390625,106.45088768005371
370,0.0024127960205078125,106.45330047607422
371,0.00252532958984375,106.45582580566406
372,0.0023860931396484375,106.45821189880371
373,0.0024471282958984375,106.46065902709961
374,0.0024967193603515625,106.46315574645996
375,0.0021953582763671875,106.46535110473633
376,0.0020732879638671875,106.4674243927002
377,0.0020999908447265625,106.46952438354492
378,0.002140045166015625,106.47166442871094
379,0.0021800994873046875,106.47384452819824
380,0.0020542144775390625,106.47589874267578
381,0.0018720626831054688,106.47777080535889
382,0.0019350051879882812,106.47970581054688
383,0.0017843246459960938,106.48149013519287
384,0.0018186569213867188,106.48330879211426
385,0.0017795562744140625,106.48508834838867
386,0.0018100738525390625,106.48689842224121
387,0.0016956329345703125,106.48859405517578
388,0.0016603469848632812,106.49025440216064
389,0.001689910888671875,106.49194431304932
390,0.0016622543334960938,106.49360656738281
391,0.0016164779663085938,106.49522304534912
392,0.0015420913696289062,106.49676513671875
393,0.0015087127685546875,106.4982738494873
394,0.0015363693237304688,106.49981021881104
395,0.0014848709106445312,106.50129508972168
396,0.0014333724975585938,106.50272846221924
397,0.0014362335205078125,106.50416469573975
398,0.0014123916625976562,106.50557708740234
399,0.0014429092407226562,106.50701999664307
400,0.0013971328735351562,106.5084171295166
401,0.001369476318359375,106.50978660583496
402,0.0013608932495117188,106.51114749908447
403,0.0013265609741210938,106.5124740600586
404,0.00135040283203125,106.51382446289062
405,0.0013551712036132812,106.51517963409424
406,0.0012845993041992188,106.51646423339844
407,0.0012540817260742188,106.51771831512451
408,0.0012769699096679688,106.51899528503418
409,0.0012331008911132812,106.5202283859253
410,0.0011796951293945312,106.52140808105469
411,0.0011949539184570312,106.52260303497314
412,0.0011491775512695312,106.52375221252441
413,0.0011529922485351562,106.52490520477295
414,0.0011281967163085938,106.52603340148926
415,0.0011234283447265625,106.52715682983398
416,0.0011081695556640625,106.52826499938965
417,0.0010986328125,106.52936363220215
418,0.0010929107666015625,106.53045654296875
419,0.001087188720703125,106.53154373168945
420,0.0011005401611328125,106.53264427185059
421,0.0010557174682617188,106.53369998931885
422,0.0010347366333007812,106.53473472595215
423,0.0010385513305664062,106.53577327728271
424,0.00102996826171875,106.53680324554443
425,0.001007080078125,106.53781032562256
426,0.0010013580322265625,106.53881168365479
427,0.0009946823120117188,106.5398063659668
