step,loss,cumulative_loss_sum
1,2.568359375,2.568359375
2,2.568359375,5.13671875
3,2.568359375,7.705078125
4,2.568359375,10.2734375
5,2.568359375,12.841796875
6,2.568359375,15.41015625
7,2.568359375,17.978515625
8,2.650390625,20.62890625
9,2.650390625,23.279296875
10,2.416015625,25.6953125
11,2.408203125,28.103515625
12,2.046875,30.150390625
13,1.9736328125,32.1240234375
14,1.7939453125,33.91796875
15,1.71484375,35.6328125
16,1.58984375,37.22265625
17,1.5126953125,38.7353515625
18,1.3857421875,40.12109375
19,1.2158203125,41.3369140625
20,1.080078125,42.4169921875
21,0.96337890625,43.38037109375
22,0.84716796875,44.2275390625
23,0.7666015625,44.994140625
24,0.71044921875,45.70458984375
25,0.6640625,46.36865234375
26,0.61669921875,46.9853515625
27,0.5693359375,47.5546875
28,0.53076171875,48.08544921875
29,0.489990234375,48.575439453125
30,0.47021484375,49.045654296875
31,0.42822265625,49.473876953125
32,0.40283203125,49.876708984375
33,0.38720703125,50.263916015625
34,0.376708984375,50.640625
35,0.368408203125,51.009033203125
36,0.35205078125,51.361083984375
37,0.329833984375,51.69091796875
38,0.31689453125,52.0078125
39,0.2998046875,52.3076171875
40,0.294921875,52.6025390625
41,0.28173828125,52.88427734375
42,0.271484375,53.15576171875
43,0.25537109375,53.4111328125
44,0.2440185546875,53.6551513671875
45,0.235107421875,53.8902587890625
46,0.2252197265625,54.115478515625
47,0.211181640625,54.32666015625
48,0.2010498046875,54.5277099609375
49,0.195068359375,54.7227783203125
50,0.18505859375,54.9078369140625
51,0.17578125,55.0836181640625
52,0.1602783203125,55.243896484375
53,0.1593017578125,55.4031982421875
54,0.15087890625,55.5540771484375
55,0.1485595703125,55.70263671875
56,0.1407470703125,55.8433837890625
57,0.1343994140625,55.977783203125
58,0.13037109375,56.108154296875
59,0.125244140625,56.2333984375
60,0.120361328125,56.353759765625
61,0.1160888671875,56.4698486328125
62,0.11181640625,56.5816650390625
63,0.10498046875,56.6866455078125
64,0.10076904296875,56.78741455078125
65,0.09674072265625,56.8841552734375
66,0.0948486328125,56.97900390625
67,0.08990478515625,57.06890869140625
68,0.08465576171875,57.153564453125
69,0.08203125,57.235595703125
70,0.07769775390625,57.31329345703125
71,0.0745849609375,57.38787841796875
72,0.07183837890625,57.459716796875
73,0.0693359375,57.529052734375
74,0.068359375,57.597412109375
75,0.0634765625,57.660888671875
76,0.062286376953125,57.723175048828125
77,0.058135986328125,57.78131103515625
78,0.0576171875,57.83892822265625
79,0.053375244140625,57.892303466796875
80,0.051849365234375,57.94415283203125
81,0.050537109375,57.99468994140625
82,0.049468994140625,58.044158935546875
83,0.047149658203125,58.09130859375
84,0.047088623046875,58.138397216796875
85,0.0443115234375,58.182708740234375
86,0.0447998046875,58.227508544921875
87,0.042022705078125,58.26953125
88,0.042327880859375,58.311859130859375
89,0.040435791015625,58.352294921875
90,0.040130615234375,58.392425537109375
91,0.03826904296875,58.430694580078125
92,0.03814697265625,58.468841552734375
93,0.035736083984375,58.50457763671875
94,0.0343017578125,58.53887939453125
95,0.032684326171875,58.571563720703125
96,0.03204345703125,58.603607177734375
97,0.0306549072265625,58.63426208496094
98,0.030426025390625,58.66468811035156
99,0.0301361083984375,58.69482421875
100,0.0292205810546875,58.72404479980469
101,0.0274658203125,58.75151062011719
102,0.0268402099609375,58.778350830078125
103,0.026458740234375,58.8048095703125
104,0.0263519287109375,58.83116149902344
105,0.0243682861328125,58.85552978515625
106,0.02508544921875,58.880615234375
107,0.0232391357421875,58.90385437011719
108,0.0226593017578125,58.926513671875
109,0.0222320556640625,58.94874572753906
110,0.0220794677734375,58.9708251953125
111,0.0206756591796875,58.99150085449219
112,0.0209503173828125,59.012451171875
113,0.0197906494140625,59.03224182128906
114,0.0200653076171875,59.05230712890625
115,0.01885986328125,59.0711669921875
116,0.0182647705078125,59.08943176269531
117,0.0179290771484375,59.10736083984375
118,0.0175323486328125,59.12489318847656
119,0.0169830322265625,59.141876220703125
120,0.0167999267578125,59.15867614746094
121,0.0161285400390625,59.1748046875
122,0.01549530029296875,59.19029998779297
123,0.01526641845703125,59.20556640625
124,0.01445770263671875,59.22002410888672
125,0.0146331787109375,59.234657287597656
126,0.0139923095703125,59.24864959716797
127,0.01337432861328125,59.26202392578125
128,0.016571044921875,59.278594970703125
129,0.0127410888671875,59.29133605957031
130,0.0146942138671875,59.3060302734375
131,0.01245880126953125,59.31848907470703
132,0.01349639892578125,59.33198547363281
133,0.0121307373046875,59.3441162109375
134,0.01241302490234375,59.356529235839844
135,0.0116729736328125,59.368202209472656
136,0.01166534423828125,59.37986755371094
137,0.01129150390625,59.39115905761719
138,0.0108489990234375,59.402008056640625
139,0.01068115234375,59.412689208984375
140,0.01059722900390625,59.42328643798828
141,0.01035308837890625,59.43363952636719
142,0.00994873046875,59.44358825683594
143,0.00968170166015625,59.453269958496094
144,0.00980377197265625,59.46307373046875
145,0.00937652587890625,59.472450256347656
146,0.00942230224609375,59.48187255859375
147,0.0090484619140625,59.49092102050781
148,0.0089569091796875,59.4998779296875
149,0.00853729248046875,59.50841522216797
150,0.00882720947265625,59.517242431640625
151,0.0081024169921875,59.52534484863281
152,0.0082244873046875,59.5335693359375
153,0.007785797119140625,59.54135513305664
154,0.0078125,59.54916763305664
155,0.007518768310546875,59.55668640136719
156,0.00740814208984375,59.56409454345703
157,0.007274627685546875,59.57136917114258
158,0.007038116455078125,59.578407287597656
159,0.006984710693359375,59.585391998291016
160,0.0067596435546875,59.5921516418457
161,0.006511688232421875,59.598663330078125
162,0.0067138671875,59.605377197265625
163,0.00635528564453125,59.611732482910156
164,0.0063323974609375,59.618064880371094
165,0.00612640380859375,59.62419128417969
166,0.006084442138671875,59.63027572631836
167,0.005828857421875,59.636104583740234
168,0.005870819091796875,59.64197540283203
169,0.005664825439453125,59.647640228271484
170,0.005584716796875,59.65322494506836
171,0.0054168701171875,59.65864181518555
172,0.005260467529296875,59.663902282714844
173,0.005290985107421875,59.669193267822266
174,0.0051727294921875,59.67436599731445
175,0.00501251220703125,59.679378509521484
176,0.004909515380859375,59.684288024902344
177,0.004856109619140625,59.689144134521484
178,0.0047760009765625,59.69392013549805
179,0.00460052490234375,59.69852066040039
180,0.0046539306640625,59.70317459106445
181,0.00452423095703125,59.707698822021484
182,0.004344940185546875,59.71204376220703
183,0.00428009033203125,59.71632385253906
184,0.004150390625,59.72047424316406
185,0.00417327880859375,59.724647521972656
186,0.003902435302734375,59.72854995727539
187,0.003841400146484375,59.732391357421875
188,0.0037670135498046875,59.73615837097168
189,0.00371551513671875,59.7398738861084
190,0.0037021636962890625,59.74357604980469
191,0.00359344482421875,59.747169494628906
192,0.0035858154296875,59.750755310058594
193,0.0034923553466796875,59.75424766540527
194,0.0035800933837890625,59.75782775878906
195,0.0034027099609375,59.76123046875
196,0.0034122467041015625,59.7646427154541
197,0.0033435821533203125,59.76798629760742
198,0.0033473968505859375,59.77133369445801
199,0.003223419189453125,59.77455711364746
200,0.0032253265380859375,59.77778244018555
201,0.00315093994140625,59.78093338012695
202,0.0031585693359375,59.78409194946289
203,0.0030002593994140625,59.787092208862305
204,0.00296783447265625,59.79006004333496
205,0.002948760986328125,59.79300880432129
206,0.002887725830078125,59.79589653015137
207,0.0028591156005859375,59.79875564575195
208,0.0028705596923828125,59.801626205444336
209,0.0028228759765625,59.8044490814209
210,0.002780914306640625,59.80722999572754
211,0.002727508544921875,59.80995750427246
212,0.0026950836181640625,59.812652587890625
213,0.00267791748046875,59.815330505371094
214,0.0026149749755859375,59.81794548034668
215,0.0026149749755859375,59.820560455322266
216,0.00255584716796875,59.823116302490234
217,0.0025424957275390625,59.82565879821777
218,0.00251007080078125,59.828168869018555
219,0.0024967193603515625,59.830665588378906
220,0.00246429443359375,59.8331298828125
221,0.0024585723876953125,59.835588455200195
222,0.0023975372314453125,59.83798599243164
223,0.002361297607421875,59.84034729003906
224,0.002349853515625,59.84269714355469
225,0.002323150634765625,59.84502029418945
226,0.0022945404052734375,59.84731483459473
227,0.0022945404052734375,59.849609375
228,0.0022602081298828125,59.85186958312988
229,0.002239227294921875,59.854108810424805
230,0.0022068023681640625,59.85631561279297
231,0.002201080322265625,59.858516693115234
232,0.002166748046875,59.86068344116211
233,0.002170562744140625,59.86285400390625
234,0.0021381378173828125,59.86499214172363
235,0.00212860107421875,59.86712074279785
236,0.0020999908447265625,59.86922073364258
237,0.002071380615234375,59.87129211425781
238,0.0020542144775390625,59.87334632873535
239,0.002033233642578125,59.87537956237793
240,0.0020389556884765625,59.877418518066406
241,0.0020160675048828125,59.87943458557129
242,0.001987457275390625,59.88142204284668
243,0.0019626617431640625,59.883384704589844
244,0.001953125,59.885337829589844
245,0.0019521713256835938,59.88729000091553
246,0.0019197463989257812,59.88920974731445
247,0.0019006729125976562,59.89111042022705
248,0.0018815994262695312,59.89299201965332
249,0.0018815994262695312,59.89487361907959
250,0.0018558502197265625,59.896729469299316
251,0.0018558502197265625,59.89858531951904
252,0.0018281936645507812,59.900413513183594
253,0.0018177032470703125,59.902231216430664
254,0.0017957687377929688,59.90402698516846
255,0.0017843246459960938,59.90581130981445
256,0.0017709732055664062,59.90758228302002
257,0.001758575439453125,59.90934085845947
258,0.0017518997192382812,59.91109275817871
259,0.00173187255859375,59.912824630737305
260,0.001720428466796875,59.9145450592041
261,0.0017070770263671875,59.91625213623047
262,0.0017023086547851562,59.917954444885254
263,0.0016803741455078125,59.91963481903076
264,0.0016765594482421875,59.921311378479004
265,0.0016565322875976562,59.9229679107666
266,0.001644134521484375,59.924612045288086
267,0.0016498565673828125,59.92626190185547
268,0.0016260147094726562,59.92788791656494
269,0.0016145706176757812,59.92950248718262
270,0.00160980224609375,59.93111228942871
271,0.001598358154296875,59.93271064758301
272,0.0015954971313476562,59.934306144714355
273,0.001575469970703125,59.93588161468506
274,0.001575469970703125,59.93745708465576
275,0.0015668869018554688,59.93902397155762
276,0.0015554428100585938,59.940579414367676
277,0.0015325546264648438,59.94211196899414
278,0.0015287399291992188,59.94364070892334
279,0.001522064208984375,59.945162773132324
280,0.0015096664428710938,59.946672439575195
281,0.0015058517456054688,59.9481782913208
282,0.0014820098876953125,59.949660301208496
283,0.0014820098876953125,59.95114231109619
284,0.0014657974243164062,59.95260810852051
285,0.00145721435546875,59.95406532287598
286,0.00145721435546875,59.955522537231445
287,0.00144195556640625,59.95696449279785
288,0.0014362335205078125,59.95840072631836
289,0.001422882080078125,59.95982360839844
290,0.0014142990112304688,59.96123790740967
291,0.00141143798828125,59.96264934539795
292,0.0014133453369140625,59.96406269073486
293,0.001392364501953125,59.965455055236816
294,0.0013914108276367188,59.96684646606445
295,0.0013742446899414062,59.968220710754395
296,0.0013751983642578125,59.96959590911865
297,0.00136566162109375,59.970961570739746
298,0.0013589859008789062,59.972320556640625
299,0.0013475418090820312,59.97366809844971
300,0.0013399124145507812,59.97500801086426
301,0.0013294219970703125,59.97633743286133
302,0.0013265609741210938,59.97766399383545
303,0.0013170242309570312,59.978981018066406
304,0.0013074874877929688,59.9802885055542
305,0.0013074874877929688,59.98159599304199
306,0.0012950897216796875,59.98289108276367
307,0.0012969970703125,59.984188079833984
308,0.0012798309326171875,59.9854679107666
309,0.0012788772583007812,59.9867467880249
310,0.0012788772583007812,59.9880256652832
311,0.001262664794921875,59.989288330078125
312,0.0012521743774414062,59.990540504455566
313,0.0012540817260742188,59.99179458618164
314,0.0012445449829101562,59.99303913116455
315,0.0012407302856445312,59.994279861450195
316,0.0012331008911132812,59.99551296234131
317,0.0012273788452148438,59.99674034118652
318,0.001216888427734375,59.99795722961426
319,0.001220703125,59.99917793273926
320,0.0012102127075195312,60.00038814544678
321,0.001201629638671875,60.00158977508545
322,0.0012025833129882812,60.00279235839844
323,0.0011873245239257812,60.00397968292236
324,0.001194000244140625,60.005173683166504
325,0.0011844635009765625,60.00635814666748
326,0.0011777877807617188,60.00753593444824
327,0.00116729736328125,60.00870323181152
328,0.001163482666015625,60.00986671447754
329,0.00115203857421875,60.01101875305176
330,0.001155853271484375,60.01217460632324
331,0.0011434555053710938,60.01331806182861
332,0.0011396408081054688,60.01445770263672
333,0.0011415481567382812,60.01559925079346
334,0.001129150390625,60.01672840118408
335,0.0011272430419921875,60.017855644226074
336,0.0011148452758789062,60.01897048950195
337,0.0011148452758789062,60.02008533477783
338,0.0011148452758789062,60.02120018005371
339,0.00110626220703125,60.02230644226074
340,0.0010986328125,60.02340507507324
341,0.0010890960693359375,60.02449417114258
342,0.0010900497436523438,60.02558422088623
343,0.0010890960693359375,60.026673316955566
344,0.0010776519775390625,60.027750968933105
345,0.00107574462890625,60.02882671356201
346,0.0010652542114257812,60.02989196777344
347,0.0010728836059570312,60.030964851379395
348,0.0010595321655273438,60.03202438354492
349,0.0010585784912109375,60.03308296203613
350,0.0010519027709960938,60.03413486480713
351,0.0010528564453125,60.03518772125244
352,0.0010471343994140625,60.036234855651855
353,0.0010433197021484375,60.037278175354004
354,0.0010356903076171875,60.03831386566162
355,0.00102996826171875,60.03934383392334
356,0.0010309219360351562,60.040374755859375
357,0.0010290145874023438,60.04140377044678
358,0.0010156631469726562,60.04241943359375
359,0.0010118484497070312,60.04343128204346
360,0.0010080337524414062,60.0444393157959
361,0.0010128021240234375,60.04545211791992
362,0.0009975433349609375,60.04644966125488
