step,loss,cumulative_loss_sum
1,4.9140625,4.9140625
2,4.9140625,9.828125
3,4.9140625,14.7421875
4,4.9140625,19.65625
5,4.9140625,24.5703125
6,4.9140625,29.484375
7,4.9140625,34.3984375
8,4.9140625,39.3125
9,4.03515625,43.34765625
10,3.2265625,46.57421875
11,2.580078125,49.154296875
12,2.111328125,51.265625
13,1.6728515625,52.9384765625
14,1.4091796875,54.34765625
15,1.18359375,55.53125
16,1.0458984375,56.5771484375
17,0.9501953125,57.52734375
18,0.8662109375,58.3935546875
19,0.7978515625,59.19140625
20,0.7373046875,59.9287109375
21,0.67919921875,60.60791015625
22,0.6328125,61.24072265625
23,0.578125,61.81884765625
24,0.54052734375,62.359375
25,0.5048828125,62.8642578125
26,0.476806640625,63.341064453125
27,0.447998046875,63.7890625
28,0.418701171875,64.207763671875
29,0.396240234375,64.60400390625
30,0.374267578125,64.978271484375
31,0.35400390625,65.332275390625
32,0.338134765625,65.67041015625
33,0.318359375,65.98876953125
34,0.302734375,66.29150390625
35,0.285888671875,66.577392578125
36,0.27392578125,66.851318359375
37,0.25830078125,67.109619140625
38,0.2437744140625,67.3533935546875
39,0.234375,67.5877685546875
40,0.219970703125,67.8077392578125
41,0.2095947265625,68.017333984375
42,0.201171875,68.218505859375
43,0.19287109375,68.411376953125
44,0.1829833984375,68.5943603515625
45,0.174560546875,68.7689208984375
46,0.1646728515625,68.93359375
47,0.157958984375,69.091552734375
48,0.14892578125,69.240478515625
49,0.1396484375,69.380126953125
50,0.1318359375,69.511962890625
51,0.1231689453125,69.6351318359375
52,0.11602783203125,69.75115966796875
53,0.106689453125,69.85784912109375
54,0.0997314453125,69.95758056640625
55,0.09405517578125,70.0516357421875
56,0.08905029296875,70.14068603515625
57,0.08270263671875,70.223388671875
58,0.07647705078125,70.29986572265625
59,0.071533203125,70.37139892578125
60,0.0665283203125,70.43792724609375
61,0.061614990234375,70.49954223632812
62,0.057342529296875,70.556884765625
63,0.05303955078125,70.60992431640625
64,0.049102783203125,70.65902709960938
65,0.04486083984375,70.70388793945312
66,0.041168212890625,70.74505615234375
67,0.0377197265625,70.78277587890625
68,0.034454345703125,70.81723022460938
69,0.031646728515625,70.848876953125
70,0.0288543701171875,70.87773132324219
71,0.0267181396484375,70.90444946289062
72,0.0245208740234375,70.92897033691406
73,0.0226287841796875,70.95159912109375
74,0.021148681640625,70.97274780273438
75,0.0200042724609375,70.99275207519531
76,0.018768310546875,71.01152038574219
77,0.0179290771484375,71.02944946289062
78,0.0167388916015625,71.04618835449219
79,0.01568603515625,71.06187438964844
80,0.01485443115234375,71.07672882080078
81,0.01398468017578125,71.09071350097656
82,0.01302337646484375,71.1037368774414
83,0.01236724853515625,71.11610412597656
84,0.01149749755859375,71.12760162353516
85,0.0106658935546875,71.13826751708984
86,0.01013946533203125,71.14840698242188
87,0.00966644287109375,71.15807342529297
88,0.00927734375,71.16735076904297
89,0.00867462158203125,71.176025390625
90,0.00823974609375,71.18426513671875
91,0.0079498291015625,71.19221496582031
92,0.007598876953125,71.19981384277344
93,0.007251739501953125,71.20706558227539
94,0.0069427490234375,71.21400833129883
95,0.0066986083984375,71.22070693969727
96,0.006378173828125,71.22708511352539
97,0.0061492919921875,71.23323440551758
98,0.005901336669921875,71.2391357421875
99,0.0057525634765625,71.24488830566406
100,0.00554656982421875,71.25043487548828
101,0.005367279052734375,71.25580215454102
102,0.005218505859375,71.26102066040039
103,0.00504302978515625,71.26606369018555
104,0.00493621826171875,71.27099990844727
105,0.0047607421875,71.27576065063477
106,0.004638671875,71.28039932250977
107,0.004520416259765625,71.28491973876953
108,0.004436492919921875,71.28935623168945
109,0.00428009033203125,71.29363632202148
110,0.004184722900390625,71.29782104492188
111,0.004062652587890625,71.30188369750977
112,0.003971099853515625,71.30585479736328
113,0.00389862060546875,71.30975341796875
114,0.003772735595703125,71.31352615356445
115,0.0036907196044921875,71.31721687316895
116,0.003612518310546875,71.32082939147949
117,0.0035419464111328125,71.32437133789062
118,0.0034389495849609375,71.32781028747559
119,0.003368377685546875,71.33117866516113
120,0.0033016204833984375,71.33448028564453
121,0.003223419189453125,71.33770370483398
122,0.00318145751953125,71.34088516235352
123,0.0030975341796875,71.3439826965332
124,0.0030574798583984375,71.3470401763916
125,0.00299835205078125,71.35003852844238
126,0.00293731689453125,71.35297584533691
127,0.0028781890869140625,71.35585403442383
128,0.0028533935546875,71.35870742797852
129,0.002811431884765625,71.36151885986328
130,0.00274658203125,71.36426544189453
131,0.0027179718017578125,71.36698341369629
132,0.002666473388671875,71.36964988708496
133,0.002643585205078125,71.37229347229004
134,0.002582550048828125,71.37487602233887
135,0.0025768280029296875,71.3774528503418
136,0.002513885498046875,71.37996673583984
137,0.002483367919921875,71.38245010375977
138,0.0024127960205078125,71.38486289978027
139,0.0023975372314453125,71.38726043701172
140,0.002384185791015625,71.38964462280273
141,0.0023365020751953125,71.39198112487793
142,0.0022869110107421875,71.39426803588867
143,0.002262115478515625,71.39653015136719
144,0.0022373199462890625,71.39876747131348
145,0.00220489501953125,71.40097236633301
146,0.0021610260009765625,71.40313339233398
147,0.0021533966064453125,71.40528678894043
148,0.0021076202392578125,71.40739440917969
149,0.0020923614501953125,71.40948677062988
150,0.002056121826171875,71.41154289245605
151,0.00203704833984375,71.4135799407959
152,0.0020008087158203125,71.41558074951172
153,0.0019893646240234375,71.41757011413574
154,0.0019512176513671875,71.41952133178711
155,0.0019512176513671875,71.42147254943848
156,0.001934051513671875,71.42340660095215
157,0.0018978118896484375,71.4253044128418
158,0.0018873214721679688,71.42719173431396
159,0.001873016357421875,71.42906475067139
160,0.0018434524536132812,71.430908203125
161,0.0018262863159179688,71.43273448944092
162,0.0018062591552734375,71.43454074859619
163,0.0017957687377929688,71.43633651733398
164,0.0017757415771484375,71.43811225891113
165,0.0017480850219726562,71.4398603439331
166,0.0017251968383789062,71.44158554077148
167,0.0017232894897460938,71.44330883026123
168,0.0017061233520507812,71.44501495361328
169,0.0016813278198242188,71.4466962814331
170,0.0016603469848632812,71.44835662841797
171,0.0016431808471679688,71.44999980926514
172,0.00164031982421875,71.45164012908936
173,0.0016155242919921875,71.45325565338135
174,0.0016031265258789062,71.45485877990723
175,0.0015802383422851562,71.45643901824951
176,0.0015687942504882812,71.4580078125
177,0.0015611648559570312,71.45956897735596
178,0.001552581787109375,71.46112155914307
179,0.0015354156494140625,71.46265697479248
180,0.0015277862548828125,71.46418476104736
181,0.001506805419921875,71.46569156646729
182,0.0014829635620117188,71.4671745300293
183,0.0014772415161132812,71.46865177154541
184,0.001468658447265625,71.47012042999268
185,0.0014543533325195312,71.4715747833252
186,0.0014390945434570312,71.47301387786865
187,0.001434326171875,71.47444820404053
188,0.0014257431030273438,71.47587394714355
189,0.0014047622680664062,71.47727870941162
190,0.00140380859375,71.47868251800537
191,0.0013952255249023438,71.48007774353027
192,0.0013790130615234375,71.4814567565918
193,0.001373291015625,71.48283004760742
194,0.001354217529296875,71.48418426513672
195,0.0013370513916015625,71.48552131652832
196,0.0013294219970703125,71.48685073852539
197,0.001316070556640625,71.48816680908203
198,0.0013246536254882812,71.48949146270752
199,0.001308441162109375,71.49079990386963
200,0.00128936767578125,71.49208927154541
201,0.0012798309326171875,71.49336910247803
202,0.0012664794921875,71.49463558197021
203,0.0012674331665039062,71.49590301513672
204,0.0012636184692382812,71.49716663360596
205,0.0012493133544921875,71.49841594696045
206,0.0012426376342773438,71.49965858459473
207,0.0012311935424804688,71.5008897781372
208,0.00122833251953125,71.50211811065674
209,0.0012197494506835938,71.50333786010742
210,0.0012149810791015625,71.50455284118652
211,0.001201629638671875,71.5057544708252
212,0.0011997222900390625,71.50695419311523
213,0.0011806488037109375,71.50813484191895
214,0.0011758804321289062,71.50931072235107
215,0.001163482666015625,71.51047420501709
216,0.0011625289916992188,71.51163673400879
217,0.0011606216430664062,71.51279735565186
218,0.0011539459228515625,71.5139513015747
219,0.0011386871337890625,71.5150899887085
220,0.0011320114135742188,71.51622200012207
221,0.0011301040649414062,71.51735210418701
222,0.0011224746704101562,71.51847457885742
223,0.001110076904296875,71.51958465576172
224,0.0011081695556640625,71.52069282531738
225,0.0010995864868164062,71.5217924118042
226,0.0010833740234375,71.52287578582764
227,0.0010852813720703125,71.5239610671997
228,0.001079559326171875,71.52504062652588
229,0.0010766983032226562,71.5261173248291
230,0.0010700225830078125,71.52718734741211
231,0.001056671142578125,71.52824401855469
232,0.0010519027709960938,71.52929592132568
233,0.0010461807250976562,71.53034210205078
234,0.0010366439819335938,71.53137874603271
235,0.001033782958984375,71.5324125289917
236,0.0010280609130859375,71.53344058990479
237,0.001026153564453125,71.53446674346924
238,0.0010204315185546875,71.5354871749878
239,0.0010128021240234375,71.53649997711182
240,0.0010099411010742188,71.53750991821289
241,0.0010023117065429688,71.53851222991943
242,0.000995635986328125,71.53950786590576
