step,loss,cumulative_loss_sum
1,3.375,3.375
2,3.375,6.75
3,3.375,10.125
4,3.375,13.5
5,3.375,16.875
6,3.375,20.25
7,3.1796875,23.4296875
8,3.0078125,26.4375
9,2.861328125,29.298828125
10,2.6953125,31.994140625
11,2.609375,34.603515625
12,2.533203125,37.13671875
13,2.466796875,39.603515625
14,2.3984375,42.001953125
15,2.318359375,44.3203125
16,2.251953125,46.572265625
17,2.18359375,48.755859375
18,2.12890625,50.884765625
19,2.068359375,52.953125
20,1.9912109375,54.9443359375
21,1.92578125,56.8701171875
22,1.8681640625,58.73828125
23,1.81640625,60.5546875
24,1.767578125,62.322265625
25,1.7119140625,64.0341796875
26,1.6669921875,65.701171875
27,1.6083984375,67.3095703125
28,1.55859375,68.8681640625
29,1.5068359375,70.375
30,1.4462890625,71.8212890625
31,1.4052734375,73.2265625
32,1.3564453125,74.5830078125
33,1.3310546875,75.9140625
34,1.2890625,77.203125
35,1.2470703125,78.4501953125
36,1.201171875,79.6513671875
37,1.142578125,80.7939453125
38,1.0830078125,81.876953125
39,1.0263671875,82.9033203125
40,0.96533203125,83.86865234375
41,0.91357421875,84.7822265625
42,0.85888671875,85.64111328125
43,0.802734375,86.44384765625
44,0.7529296875,87.19677734375
45,0.7119140625,87.90869140625
46,0.68359375,88.59228515625
47,0.64599609375,89.23828125
48,0.61083984375,89.84912109375
49,0.5888671875,90.43798828125
50,0.556640625,90.99462890625
51,0.52685546875,91.521484375
52,0.488037109375,92.009521484375
53,0.4541015625,92.463623046875
54,0.420166015625,92.8837890625
55,0.38134765625,93.26513671875
56,0.354248046875,93.619384765625
57,0.322265625,93.941650390625
58,0.292724609375,94.234375
59,0.265625,94.5
60,0.245849609375,94.745849609375
61,0.227294921875,94.97314453125
62,0.2138671875,95.18701171875
63,0.1993408203125,95.3863525390625
64,0.1839599609375,95.5703125
65,0.1737060546875,95.7440185546875
66,0.16064453125,95.9046630859375
67,0.1494140625,96.0540771484375
68,0.139404296875,96.1934814453125
69,0.1287841796875,96.322265625
70,0.1190185546875,96.4412841796875
71,0.10992431640625,96.55120849609375
72,0.1026611328125,96.65386962890625
73,0.09429931640625,96.7481689453125
74,0.0882568359375,96.83642578125
75,0.08197021484375,96.91839599609375
76,0.07769775390625,96.99609375
77,0.0733642578125,97.0694580078125
78,0.0677490234375,97.13720703125
79,0.0635986328125,97.2008056640625
80,0.05950927734375,97.26031494140625
81,0.055450439453125,97.31576538085938
82,0.05126953125,97.36703491210938
83,0.047576904296875,97.41461181640625
84,0.04510498046875,97.459716796875
85,0.041839599609375,97.50155639648438
86,0.0394287109375,97.54098510742188
87,0.0374755859375,97.57846069335938
88,0.035491943359375,97.61395263671875
89,0.03399658203125,97.64794921875
90,0.031951904296875,97.67990112304688
91,0.030914306640625,97.7108154296875
92,0.0296173095703125,97.74043273925781
93,0.0284423828125,97.76887512207031
94,0.0277557373046875,97.796630859375
95,0.026611328125,97.8232421875
96,0.0255279541015625,97.84877014160156
97,0.0246429443359375,97.8734130859375
98,0.0231781005859375,97.89659118652344
99,0.0224761962890625,97.9190673828125
100,0.0214996337890625,97.94056701660156
101,0.0204925537109375,97.9610595703125
102,0.0201416015625,97.981201171875
103,0.0192718505859375,98.00047302246094
104,0.018829345703125,98.01930236816406
105,0.0182037353515625,98.03750610351562
106,0.01763916015625,98.05514526367188
107,0.0171356201171875,98.07228088378906
108,0.0166473388671875,98.08892822265625
109,0.016021728515625,98.10494995117188
110,0.01548004150390625,98.12042999267578
111,0.01512908935546875,98.13555908203125
112,0.01456451416015625,98.1501235961914
113,0.0140380859375,98.1641616821289
114,0.01361846923828125,98.17778015136719
115,0.0131683349609375,98.19094848632812
116,0.01265716552734375,98.20360565185547
117,0.01229095458984375,98.21589660644531
118,0.01190948486328125,98.2278060913086
119,0.011444091796875,98.23925018310547
120,0.01126861572265625,98.25051879882812
121,0.010986328125,98.26150512695312
122,0.0106964111328125,98.27220153808594
123,0.01032257080078125,98.28252410888672
124,0.0100250244140625,98.29254913330078
125,0.0096435546875,98.30219268798828
126,0.0093536376953125,98.3115463256836
127,0.00902557373046875,98.32057189941406
128,0.0087432861328125,98.32931518554688
129,0.00836944580078125,98.33768463134766
130,0.00811767578125,98.3458023071289
131,0.007808685302734375,98.35361099243164
132,0.00748443603515625,98.3610954284668
133,0.007236480712890625,98.36833190917969
134,0.007007598876953125,98.37533950805664
135,0.006732940673828125,98.38207244873047
136,0.00653076171875,98.38860321044922
137,0.006351470947265625,98.39495468139648
138,0.0062255859375,98.40118026733398
139,0.005962371826171875,98.40714263916016
140,0.00579833984375,98.4129409790039
141,0.00555419921875,98.41849517822266
142,0.00547027587890625,98.42396545410156
143,0.005313873291015625,98.42927932739258
144,0.005138397216796875,98.43441772460938
145,0.004985809326171875,98.43940353393555
146,0.00485992431640625,98.44426345825195
147,0.00476837158203125,98.44903182983398
148,0.004638671875,98.45367050170898
149,0.00457763671875,98.45824813842773
150,0.004436492919921875,98.46268463134766
151,0.0043792724609375,98.4670639038086
152,0.004230499267578125,98.47129440307617
153,0.004161834716796875,98.47545623779297
154,0.004055023193359375,98.47951126098633
155,0.00394439697265625,98.48345565795898
156,0.00383758544921875,98.4872932434082
157,0.003765106201171875,98.49105834960938
158,0.0036830902099609375,98.49474143981934
159,0.003597259521484375,98.49833869934082
160,0.0035457611083984375,98.50188446044922
161,0.0034732818603515625,98.50535774230957
162,0.00339508056640625,98.50875282287598
163,0.0033416748046875,98.51209449768066
164,0.0032749176025390625,98.5153694152832
165,0.0032196044921875,98.51858901977539
166,0.003177642822265625,98.52176666259766
167,0.0030841827392578125,98.52485084533691
168,0.0030536651611328125,98.52790451049805
169,0.0030059814453125,98.53091049194336
170,0.0029468536376953125,98.53385734558105
171,0.0029087066650390625,98.5367660522461
172,0.0028553009033203125,98.53962135314941
173,0.002826690673828125,98.54244804382324
174,0.002773284912109375,98.54522132873535
175,0.00273895263671875,98.54796028137207
176,0.002704620361328125,98.5506649017334
177,0.0026645660400390625,98.55332946777344
178,0.00263214111328125,98.55596160888672
179,0.0025997161865234375,98.55856132507324
180,0.0025348663330078125,98.56109619140625
181,0.0025310516357421875,98.56362724304199
182,0.002490997314453125,98.56611824035645
183,0.00244140625,98.56855964660645
184,0.002422332763671875,98.57098197937012
185,0.0024089813232421875,98.57339096069336
186,0.0023708343505859375,98.57576179504395
187,0.0023403167724609375,98.5781021118164
188,0.0022983551025390625,98.58040046691895
189,0.0022945404052734375,98.58269500732422
190,0.002269744873046875,98.58496475219727
191,0.00223541259765625,98.58720016479492
192,0.0022144317626953125,98.58941459655762
193,0.00218963623046875,98.59160423278809
194,0.0021648406982421875,98.59376907348633
195,0.00213623046875,98.59590530395508
196,0.0021152496337890625,98.59802055358887
197,0.0020961761474609375,98.60011672973633
198,0.00206756591796875,98.6021842956543
199,0.0020351409912109375,98.60421943664551
200,0.002025604248046875,98.60624504089355
201,0.001987457275390625,98.60823249816895
202,0.001987457275390625,98.61021995544434
203,0.0019588470458984375,98.61217880249023
204,0.0019378662109375,98.61411666870117
205,0.0019178390502929688,98.61603450775146
206,0.0018987655639648438,98.61793327331543
207,0.0018711090087890625,98.61980438232422
208,0.001850128173828125,98.62165451049805
209,0.0018358230590820312,98.62349033355713
210,0.0018215179443359375,98.62531185150146
211,0.0018072128295898438,98.62711906433105
212,0.0017747879028320312,98.62889385223389
213,0.0017681121826171875,98.6306619644165
214,0.0017366409301757812,98.63239860534668
215,0.0017375946044921875,98.63413619995117
216,0.0017099380493164062,98.63584613800049
217,0.0017032623291015625,98.63754940032959
218,0.0016736984252929688,98.63922309875488
219,0.0016660690307617188,98.64088916778564
220,0.0016536712646484375,98.6425428390503
221,0.0016384124755859375,98.64418125152588
222,0.0016279220581054688,98.64580917358398
223,0.0016050338745117188,98.6474142074585
224,0.0015993118286132812,98.64901351928711
225,0.0015840530395507812,98.65059757232666
226,0.0015783309936523438,98.65217590332031
227,0.0015621185302734375,98.65373802185059
228,0.0015420913696289062,98.65528011322021
229,0.0015249252319335938,98.65680503845215
230,0.0015249252319335938,98.65832996368408
231,0.001514434814453125,98.65984439849854
232,0.001499176025390625,98.66134357452393
233,0.0014905929565429688,98.66283416748047
234,0.0014896392822265625,98.6643238067627
235,0.0014734268188476562,98.66579723358154
236,0.0014562606811523438,98.6672534942627
237,0.0014495849609375,98.66870307922363
238,0.0014362335205078125,98.67013931274414
239,0.0014209747314453125,98.67156028747559
240,0.0014162063598632812,98.67297649383545
241,0.0014019012451171875,98.67437839508057
242,0.0014028549194335938,98.67578125
243,0.0013866424560546875,98.67716789245605
244,0.0013761520385742188,98.67854404449463
245,0.0013666152954101562,98.67991065979004
246,0.001354217529296875,98.68126487731934
247,0.0013456344604492188,98.68261051177979
248,0.0013360977172851562,98.68394660949707
249,0.0013360977172851562,98.68528270721436
250,0.001316070556640625,98.686598777771
251,0.0013132095336914062,98.68791198730469
252,0.0013093948364257812,98.68922138214111
253,0.0012845993041992188,98.69050598144531
254,0.0012769699096679688,98.69178295135498
255,0.0012664794921875,98.69304943084717
256,0.0012722015380859375,98.69432163238525
257,0.0012645721435546875,98.69558620452881
258,0.0012598037719726562,98.69684600830078
259,0.0012454986572265625,98.69809150695801
260,0.0012426376342773438,98.69933414459229
261,0.001239776611328125,98.70057392120361
262,0.0012216567993164062,98.70179557800293
263,0.0012197494506835938,98.70301532745361
264,0.0012149810791015625,98.70423030853271
265,0.001209259033203125,98.70543956756592
266,0.0012044906616210938,98.70664405822754
267,0.00119781494140625,98.70784187316895
268,0.0011873245239257812,98.70902919769287
269,0.0011739730834960938,98.71020317077637
270,0.0011653900146484375,98.71136856079102
271,0.0011653900146484375,98.71253395080566
272,0.001163482666015625,98.71369743347168
273,0.0011529922485351562,98.71485042572021
274,0.0011529922485351562,98.71600341796875
275,0.001140594482421875,98.71714401245117
276,0.0011396408081054688,98.71828365325928
277,0.0011377334594726562,98.71942138671875
278,0.0011234283447265625,98.72054481506348
279,0.0011243820190429688,98.72166919708252
280,0.001110076904296875,98.72277927398682
281,0.001110076904296875,98.72388935089111
282,0.0010995864868164062,98.72498893737793
283,0.0010986328125,98.72608757019043
284,0.0010919570922851562,98.72717952728271
285,0.0010957717895507812,98.72827529907227
286,0.0010738372802734375,98.72934913635254
287,0.0010747909545898438,98.73042392730713
288,0.0010652542114257812,98.73148918151855
289,0.0010671615600585938,98.73255634307861
290,0.0010623931884765625,98.73361873626709
291,0.0010519027709960938,98.73467063903809
292,0.0010480880737304688,98.73571872711182
293,0.0010404586791992188,98.73675918579102
294,0.0010347366333007812,98.73779392242432
295,0.0010242462158203125,98.73881816864014
296,0.0010290145874023438,98.73984718322754
297,0.0010242462158203125,98.74087142944336
298,0.0010194778442382812,98.7418909072876
299,0.0010099411010742188,98.74290084838867
300,0.0010118484497070312,98.74391269683838
301,0.0010080337524414062,98.74492073059082
302,0.0009965896606445312,98.74591732025146
