step,loss,cumulative_loss_sum
1,3.39453125,3.39453125
2,3.39453125,6.7890625
3,3.39453125,10.18359375
4,3.39453125,13.578125
5,3.39453125,16.97265625
6,3.39453125,20.3671875
7,3.39453125,23.76171875
8,3.39453125,27.15625
9,2.650390625,29.806640625
10,2.201171875,32.0078125
11,2.06640625,34.07421875
12,1.96484375,36.0390625
13,1.830078125,37.869140625
14,1.736328125,39.60546875
15,1.541015625,41.146484375
16,1.3271484375,42.4736328125
17,1.18359375,43.6572265625
18,1.103515625,44.7607421875
19,1.0244140625,45.78515625
20,0.982421875,46.767578125
21,0.91259765625,47.68017578125
22,0.8291015625,48.50927734375
23,0.8271484375,49.33642578125
24,0.7646484375,50.10107421875
25,0.740234375,50.84130859375
26,0.7314453125,51.57275390625
27,0.64599609375,52.21875
28,0.6337890625,52.8525390625
29,0.59716796875,53.44970703125
30,0.59326171875,54.04296875
31,0.5400390625,54.5830078125
32,0.54296875,55.1259765625
33,0.50146484375,55.62744140625
34,0.51806640625,56.1455078125
35,0.46923828125,56.61474609375
36,0.4873046875,57.10205078125
37,0.44287109375,57.544921875
38,0.44580078125,57.99072265625
39,0.41943359375,58.41015625
40,0.412841796875,58.822998046875
41,0.39599609375,59.218994140625
42,0.3857421875,59.604736328125
43,0.36572265625,59.970458984375
44,0.367431640625,60.337890625
45,0.35009765625,60.68798828125
46,0.3408203125,61.02880859375
47,0.324462890625,61.353271484375
48,0.31787109375,61.671142578125
49,0.30322265625,61.974365234375
50,0.298828125,62.273193359375
51,0.28955078125,62.562744140625
52,0.28466796875,62.847412109375
53,0.273681640625,63.12109375
54,0.27197265625,63.39306640625
55,0.260498046875,63.653564453125
56,0.2587890625,63.912353515625
57,0.2447509765625,64.1571044921875
58,0.2490234375,64.4061279296875
59,0.23291015625,64.6390380859375
60,0.2401123046875,64.879150390625
61,0.219482421875,65.0986328125
62,0.2293701171875,65.3280029296875
63,0.2174072265625,65.54541015625
64,0.220703125,65.76611328125
65,0.20947265625,65.9755859375
66,0.2144775390625,66.1900634765625
67,0.1995849609375,66.3896484375
68,0.201171875,66.5908203125
69,0.1904296875,66.78125
70,0.1964111328125,66.9776611328125
71,0.1834716796875,67.1611328125
72,0.1846923828125,67.3458251953125
73,0.178955078125,67.5247802734375
74,0.1788330078125,67.70361328125
75,0.17236328125,67.8759765625
76,0.17236328125,68.04833984375
77,0.1669921875,68.21533203125
78,0.1690673828125,68.3843994140625
79,0.1602783203125,68.544677734375
80,0.1593017578125,68.7039794921875
81,0.1549072265625,68.85888671875
82,0.15283203125,69.01171875
83,0.143310546875,69.155029296875
84,0.14306640625,69.298095703125
85,0.138671875,69.436767578125
86,0.1361083984375,69.5728759765625
87,0.13232421875,69.7052001953125
88,0.1304931640625,69.835693359375
89,0.128662109375,69.96435546875
90,0.1251220703125,70.0894775390625
91,0.12451171875,70.2139892578125
92,0.11688232421875,70.33087158203125
93,0.1187744140625,70.44964599609375
94,0.11126708984375,70.5609130859375
95,0.1143798828125,70.67529296875
96,0.11041259765625,70.78570556640625
97,0.11053466796875,70.896240234375
98,0.10394287109375,71.00018310546875
99,0.10528564453125,71.10546875
100,0.09893798828125,71.20440673828125
101,0.1004638671875,71.30487060546875
102,0.09454345703125,71.3994140625
103,0.09564208984375,71.49505615234375
104,0.08978271484375,71.5848388671875
105,0.09271240234375,71.67755126953125
106,0.08416748046875,71.76171875
107,0.08856201171875,71.85028076171875
108,0.08099365234375,71.9312744140625
109,0.08489990234375,72.01617431640625
110,0.0777587890625,72.09393310546875
111,0.07952880859375,72.1734619140625
112,0.076171875,72.2496337890625
113,0.07806396484375,72.32769775390625
114,0.07366943359375,72.4013671875
115,0.07391357421875,72.47528076171875
116,0.0711669921875,72.54644775390625
117,0.0709228515625,72.61737060546875
118,0.06854248046875,72.6859130859375
119,0.0679931640625,72.75390625
120,0.06597900390625,72.81988525390625
121,0.06646728515625,72.8863525390625
122,0.06280517578125,72.94915771484375
123,0.06378173828125,73.012939453125
124,0.060577392578125,73.07351684570312
125,0.0609130859375,73.13442993164062
126,0.058074951171875,73.1925048828125
127,0.058685302734375,73.25119018554688
128,0.055511474609375,73.30670166015625
129,0.057281494140625,73.36398315429688
130,0.053863525390625,73.4178466796875
131,0.054351806640625,73.47219848632812
132,0.052276611328125,73.52447509765625
133,0.053466796875,73.57794189453125
134,0.050262451171875,73.62820434570312
135,0.051361083984375,73.6795654296875
136,0.048980712890625,73.72854614257812
137,0.049407958984375,73.7779541015625
138,0.0472412109375,73.8251953125
139,0.047943115234375,73.87313842773438
140,0.045074462890625,73.918212890625
141,0.0460205078125,73.9642333984375
142,0.04290771484375,74.00714111328125
143,0.04412841796875,74.05126953125
144,0.04180908203125,74.09307861328125
145,0.042694091796875,74.13577270507812
146,0.0401611328125,74.17593383789062
147,0.041107177734375,74.217041015625
148,0.038238525390625,74.25527954101562
149,0.039276123046875,74.2945556640625
150,0.036773681640625,74.33132934570312
151,0.0382080078125,74.36953735351562
152,0.03570556640625,74.40524291992188
153,0.036956787109375,74.44219970703125
154,0.034423828125,74.47662353515625
155,0.035430908203125,74.51205444335938
156,0.03289794921875,74.54495239257812
157,0.034271240234375,74.5792236328125
158,0.032012939453125,74.61123657226562
159,0.032989501953125,74.64422607421875
160,0.03131103515625,74.675537109375
161,0.0318603515625,74.7073974609375
162,0.030792236328125,74.73818969726562
163,0.0308380126953125,74.76902770996094
164,0.0291748046875,74.79820251464844
165,0.0292816162109375,74.82748413085938
166,0.0291290283203125,74.85661315917969
167,0.0286865234375,74.88529968261719
168,0.0277099609375,74.91300964355469
169,0.02752685546875,74.94053649902344
170,0.0269012451171875,74.96743774414062
171,0.02667236328125,74.99411010742188
172,0.02581787109375,75.01992797851562
173,0.02569580078125,75.04562377929688
174,0.02545166015625,75.07107543945312
175,0.0248870849609375,75.09596252441406
176,0.02410888671875,75.12007141113281
177,0.023712158203125,75.14378356933594
178,0.023223876953125,75.16700744628906
179,0.0229644775390625,75.18997192382812
180,0.022003173828125,75.21197509765625
181,0.021728515625,75.23370361328125
182,0.02142333984375,75.255126953125
183,0.0212249755859375,75.27635192871094
184,0.020233154296875,75.29658508300781
185,0.0204010009765625,75.31698608398438
186,0.0195159912109375,75.33650207519531
187,0.0196533203125,75.35615539550781
188,0.0191192626953125,75.37527465820312
189,0.0189208984375,75.39419555664062
190,0.0184173583984375,75.41261291503906
191,0.01800537109375,75.43061828613281
192,0.017181396484375,75.44779968261719
193,0.0174560546875,75.46525573730469
194,0.0164337158203125,75.481689453125
195,0.016510009765625,75.49819946289062
196,0.01629638671875,75.51449584960938
197,0.015655517578125,75.5301513671875
198,0.0152130126953125,75.54536437988281
199,0.0152587890625,75.56062316894531
200,0.0146636962890625,75.57528686523438
201,0.01459503173828125,75.58988189697266
202,0.01398468017578125,75.60386657714844
203,0.0139312744140625,75.6177978515625
204,0.0134429931640625,75.63124084472656
205,0.0132904052734375,75.64453125
206,0.0128021240234375,75.65733337402344
207,0.0126953125,75.67002868652344
208,0.012054443359375,75.68208312988281
209,0.01213836669921875,75.69422149658203
210,0.01153564453125,75.70575714111328
211,0.01158905029296875,75.71734619140625
212,0.01116180419921875,75.72850799560547
213,0.011138916015625,75.7396469116211
214,0.0106048583984375,75.75025177001953
215,0.01047515869140625,75.76072692871094
216,0.01029205322265625,75.7710189819336
217,0.00974273681640625,75.78076171875
218,0.0098876953125,75.7906494140625
219,0.00911712646484375,75.79976654052734
220,0.0092620849609375,75.80902862548828
221,0.00884246826171875,75.81787109375
222,0.00897979736328125,75.82685089111328
223,0.00823211669921875,75.8350830078125
224,0.00855255126953125,75.84363555908203
225,0.0078277587890625,75.8514633178711
226,0.0082550048828125,75.8597183227539
227,0.007381439208984375,75.86709976196289
228,0.00785064697265625,75.87495040893555
229,0.007175445556640625,75.88212585449219
230,0.00737762451171875,75.8895034790039
231,0.00681304931640625,75.89631652832031
232,0.00701904296875,75.90333557128906
233,0.006465911865234375,75.9098014831543
234,0.00664520263671875,75.91644668579102
235,0.006153106689453125,75.92259979248047
236,0.006267547607421875,75.92886734008789
237,0.005947113037109375,75.934814453125
238,0.005924224853515625,75.94073867797852
239,0.00563812255859375,75.94637680053711
240,0.005519866943359375,75.95189666748047
241,0.00537872314453125,75.957275390625
242,0.005420684814453125,75.96269607543945
243,0.00522613525390625,75.96792221069336
244,0.0051422119140625,75.97306442260742
245,0.005001068115234375,75.97806549072266
246,0.00493621826171875,75.98300170898438
247,0.004795074462890625,75.98779678344727
248,0.004650115966796875,75.99244689941406
249,0.004604339599609375,75.99705123901367
250,0.00438690185546875,76.00143814086914
251,0.004413604736328125,76.00585174560547
252,0.004253387451171875,76.01010513305664
253,0.004253387451171875,76.01435852050781
254,0.0041656494140625,76.01852416992188
255,0.00409698486328125,76.02262115478516
256,0.00391387939453125,76.02653503417969
257,0.003971099853515625,76.0305061340332
258,0.0037212371826171875,76.03422737121582
259,0.00376129150390625,76.03798866271973
260,0.00360107421875,76.04158973693848
261,0.0035953521728515625,76.04518508911133
262,0.003444671630859375,76.04862976074219
263,0.0034427642822265625,76.05207252502441
264,0.0033168792724609375,76.05538940429688
265,0.00321197509765625,76.05860137939453
266,0.0030384063720703125,76.0616397857666
267,0.002960205078125,76.06459999084473
268,0.002872467041015625,76.06747245788574
269,0.002849578857421875,76.07032203674316
270,0.0027923583984375,76.0731143951416
271,0.002735137939453125,76.07584953308105
272,0.0027027130126953125,76.07855224609375
273,0.002643585205078125,76.08119583129883
274,0.0025844573974609375,76.08378028869629
275,0.002529144287109375,76.0863094329834
276,0.002506256103515625,76.08881568908691
277,0.002475738525390625,76.0912914276123
278,0.002414703369140625,76.09370613098145
279,0.0023708343505859375,76.09607696533203
280,0.0023670196533203125,76.09844398498535
281,0.0023040771484375,76.10074806213379
282,0.0022487640380859375,76.10299682617188
283,0.0022716522216796875,76.10526847839355
284,0.00226593017578125,76.10753440856934
285,0.002227783203125,76.10976219177246
286,0.0021343231201171875,76.11189651489258
287,0.0021076202392578125,76.11400413513184
288,0.0020580291748046875,76.11606216430664
289,0.0020599365234375,76.11812210083008
290,0.0020294189453125,76.12015151977539
291,0.00199127197265625,76.12214279174805
292,0.0019588470458984375,76.12410163879395
293,0.0019006729125976562,76.12600231170654
294,0.00188446044921875,76.12788677215576
295,0.0018644332885742188,76.12975120544434
296,0.0018215179443359375,76.13157272338867
297,0.0018100738525390625,76.13338279724121
298,0.0017948150634765625,76.13517761230469
299,0.0017862319946289062,76.13696384429932
300,0.0017452239990234375,76.13870906829834
301,0.0017175674438476562,76.14042663574219
302,0.001705169677734375,76.14213180541992
303,0.001678466796875,76.1438102722168
304,0.001659393310546875,76.14546966552734
305,0.0016727447509765625,76.14714241027832
306,0.001644134521484375,76.1487865447998
307,0.001598358154296875,76.1503849029541
308,0.0015840530395507812,76.15196895599365
309,0.001567840576171875,76.15353679656982
310,0.0015630722045898438,76.15509986877441
311,0.0015506744384765625,76.15665054321289
312,0.0015430450439453125,76.15819358825684
313,0.0015201568603515625,76.15971374511719
314,0.0014944076538085938,76.161208152771
315,0.00148773193359375,76.16269588470459
316,0.0014743804931640625,76.16417026519775
317,0.0014524459838867188,76.16562271118164
318,0.0014495849609375,76.16707229614258
319,0.0014438629150390625,76.16851615905762
320,0.0014324188232421875,76.16994857788086
321,0.0014133453369140625,76.17136192321777
322,0.0013885498046875,76.17275047302246
323,0.0013704299926757812,76.17412090301514
324,0.0013599395751953125,76.17548084259033
325,0.0013484954833984375,76.17682933807373
326,0.0013322830200195312,76.17816162109375
327,0.0013275146484375,76.17948913574219
328,0.0013227462768554688,76.18081188201904
329,0.0013093948364257812,76.18212127685547
330,0.0012845993041992188,76.18340587615967
331,0.0012750625610351562,76.1846809387207
332,0.0012664794921875,76.18594741821289
333,0.001251220703125,76.18719863891602
334,0.0012388229370117188,76.18843746185303
335,0.0012331008911132812,76.18967056274414
336,0.0012149810791015625,76.19088554382324
337,0.0012054443359375,76.19209098815918
338,0.001194000244140625,76.19328498840332
339,0.0011777877807617188,76.19446277618408
340,0.001186370849609375,76.19564914703369
341,0.0011701583862304688,76.19681930541992
342,0.0011510848999023438,76.19797039031982
343,0.0011548995971679688,76.19912528991699
344,0.0011425018310546875,76.20026779174805
345,0.0011301040649414062,76.20139789581299
346,0.0011186599731445312,76.20251655578613
347,0.0011157989501953125,76.20363235473633
348,0.0010957717895507812,76.20472812652588
349,0.0010890960693359375,76.20581722259521
350,0.0010890960693359375,76.20690631866455
351,0.0010738372802734375,76.20798015594482
352,0.0010633468627929688,76.20904350280762
353,0.0010576248168945312,76.21010112762451
354,0.0010480880737304688,76.21114921569824
355,0.0010423660278320312,76.21219158172607
356,0.001033782958984375,76.21322536468506
357,0.0010213851928710938,76.21424674987793
358,0.0010194778442382812,76.21526622772217
359,0.0010118484497070312,76.21627807617188
360,0.0010061264038085938,76.21728420257568
361,0.0009975433349609375,76.21828174591064
