step,loss,cumulative_loss_sum
1,7.15234375,7.15234375
2,7.15234375,14.3046875
3,7.15234375,21.45703125
4,7.15234375,28.609375
5,7.15234375,35.76171875
6,7.15234375,42.9140625
7,7.15234375,50.06640625
8,7.15234375,57.21875
9,6.859375,64.078125
10,6.6171875,70.6953125
11,6.41015625,77.10546875
12,6.234375,83.33984375
13,6.0390625,89.37890625
14,5.85546875,95.234375
15,5.65625,100.890625
16,5.48828125,106.37890625
17,5.35546875,111.734375
18,5.2890625,117.0234375
19,5.16015625,122.18359375
20,5.0703125,127.25390625
21,4.98046875,132.234375
22,4.8515625,137.0859375
23,4.7109375,141.796875
24,4.56640625,146.36328125
25,4.40625,150.76953125
26,4.2578125,155.02734375
27,4.12109375,159.1484375
28,3.9921875,163.140625
29,3.849609375,166.990234375
30,3.71875,170.708984375
31,3.619140625,174.328125
32,3.505859375,177.833984375
33,3.396484375,181.23046875
34,3.3203125,184.55078125
35,3.22265625,187.7734375
36,3.1171875,190.890625
37,3.052734375,193.943359375
38,2.9921875,196.935546875
39,2.943359375,199.87890625
40,2.861328125,202.740234375
41,2.806640625,205.546875
42,2.712890625,208.259765625
43,2.6328125,210.892578125
44,2.544921875,213.4375
45,2.47265625,215.91015625
46,2.384765625,218.294921875
47,2.322265625,220.6171875
48,2.25390625,222.87109375
49,2.212890625,225.083984375
50,2.154296875,227.23828125
51,2.08984375,229.328125
52,2.048828125,231.376953125
53,2.0078125,233.384765625
54,1.94921875,235.333984375
55,1.9072265625,237.2412109375
56,1.8671875,239.1083984375
57,1.8291015625,240.9375
58,1.791015625,242.728515625
59,1.7607421875,244.4892578125
60,1.7177734375,246.20703125
61,1.677734375,247.884765625
62,1.6396484375,249.5244140625
63,1.6083984375,251.1328125
64,1.56640625,252.69921875
65,1.5322265625,254.2314453125
66,1.4921875,255.7236328125
67,1.4521484375,257.17578125
68,1.416015625,258.591796875
69,1.3896484375,259.9814453125
70,1.357421875,261.3388671875
71,1.3251953125,262.6640625
72,1.2998046875,263.9638671875
73,1.267578125,265.2314453125
74,1.234375,266.4658203125
75,1.2080078125,267.673828125
76,1.1640625,268.837890625
77,1.138671875,269.9765625
78,1.1083984375,271.0849609375
79,1.08203125,272.1669921875
80,1.0517578125,273.21875
81,1.0107421875,274.2294921875
82,0.9794921875,275.208984375
83,0.94970703125,276.15869140625
84,0.9111328125,277.06982421875
85,0.87109375,277.94091796875
86,0.82763671875,278.7685546875
87,0.791015625,279.5595703125
88,0.75439453125,280.31396484375
89,0.72802734375,281.0419921875
90,0.69677734375,281.73876953125
91,0.6650390625,282.40380859375
92,0.63623046875,283.0400390625
93,0.6083984375,283.6484375
94,0.58349609375,284.23193359375
95,0.5595703125,284.79150390625
96,0.5322265625,285.32373046875
97,0.5048828125,285.82861328125
98,0.4765625,286.30517578125
99,0.453369140625,286.758544921875
100,0.431884765625,287.1904296875
101,0.4150390625,287.60546875
102,0.399658203125,288.005126953125
103,0.384765625,288.389892578125
104,0.3642578125,288.754150390625
105,0.348876953125,289.10302734375
106,0.330322265625,289.433349609375
107,0.31640625,289.749755859375
108,0.3037109375,290.053466796875
109,0.287841796875,290.34130859375
110,0.27392578125,290.615234375
111,0.2607421875,290.8759765625
112,0.25341796875,291.12939453125
113,0.240966796875,291.370361328125
114,0.233642578125,291.60400390625
115,0.2222900390625,291.8262939453125
116,0.2120361328125,292.038330078125
117,0.2022705078125,292.2406005859375
118,0.1939697265625,292.4345703125
119,0.18408203125,292.61865234375
120,0.1768798828125,292.7955322265625
121,0.1644287109375,292.9599609375
122,0.156005859375,293.115966796875
123,0.1483154296875,293.2642822265625
124,0.1422119140625,293.406494140625
125,0.1358642578125,293.5423583984375
126,0.1278076171875,293.670166015625
127,0.12109375,293.791259765625
128,0.11578369140625,293.90704345703125
129,0.10858154296875,294.015625
130,0.1014404296875,294.1170654296875
131,0.09674072265625,294.21380615234375
132,0.0928955078125,294.30670166015625
133,0.08984375,294.39654541015625
134,0.084716796875,294.48126220703125
135,0.08160400390625,294.5628662109375
136,0.077880859375,294.6407470703125
137,0.07537841796875,294.71612548828125
138,0.07147216796875,294.78759765625
139,0.0682373046875,294.8558349609375
140,0.0643310546875,294.920166015625
141,0.061981201171875,294.9821472167969
142,0.05902099609375,295.0411682128906
143,0.05584716796875,295.0970153808594
144,0.05413818359375,295.1511535644531
145,0.05157470703125,295.2027282714844
146,0.04949951171875,295.2522277832031
147,0.047454833984375,295.2996826171875
148,0.0458984375,295.3455810546875
149,0.043731689453125,295.3893127441406
150,0.04180908203125,295.4311218261719
151,0.040191650390625,295.4713134765625
152,0.038787841796875,295.5101013183594
153,0.0369873046875,295.5470886230469
154,0.03521728515625,295.5823059082031
155,0.033538818359375,295.6158447265625
156,0.0323486328125,295.648193359375
157,0.0307464599609375,295.67893981933594
158,0.0293731689453125,295.70831298828125
159,0.0284881591796875,295.73680114746094
160,0.0269317626953125,295.76373291015625
161,0.0255279541015625,295.7892608642578
162,0.024261474609375,295.8135223388672
163,0.023345947265625,295.8368682861328
164,0.022308349609375,295.8591766357422
165,0.0211181640625,295.8802947998047
166,0.0202789306640625,295.90057373046875
167,0.019317626953125,295.9198913574219
168,0.01861572265625,295.9385070800781
169,0.017425537109375,295.9559326171875
170,0.0166778564453125,295.9726104736328
171,0.016021728515625,295.98863220214844
172,0.01513671875,296.00376892089844
173,0.01434326171875,296.0181121826172
174,0.01386260986328125,296.03197479248047
175,0.01308441162109375,296.04505920410156
176,0.01241302490234375,296.0574722290039
177,0.0118255615234375,296.06929779052734
178,0.0115814208984375,296.0808792114258
179,0.0110931396484375,296.0919723510742
180,0.01050567626953125,296.10247802734375
181,0.010101318359375,296.1125793457031
182,0.0097808837890625,296.1223602294922
183,0.00945281982421875,296.1318130493164
184,0.00910186767578125,296.1409149169922
185,0.0087738037109375,296.1496887207031
186,0.00856781005859375,296.1582565307617
187,0.00823974609375,296.16649627685547
188,0.0079803466796875,296.17447662353516
189,0.00778961181640625,296.18226623535156
190,0.007568359375,296.18983459472656
191,0.007320404052734375,296.1971549987793
192,0.007160186767578125,296.2043151855469
193,0.006927490234375,296.21124267578125
194,0.006710052490234375,296.2179527282715
195,0.006610870361328125,296.2245635986328
196,0.0064239501953125,296.2309875488281
197,0.0062408447265625,296.2372283935547
198,0.00612640380859375,296.2433547973633
199,0.00603485107421875,296.2493896484375
200,0.005893707275390625,296.2552833557129
201,0.005756378173828125,296.2610397338867
202,0.005626678466796875,296.2666664123535
203,0.00551605224609375,296.2721824645996
204,0.00540924072265625,296.27759170532227
205,0.0053253173828125,296.2829170227051
206,0.0052032470703125,296.2881202697754
207,0.005123138427734375,296.2932434082031
208,0.00501251220703125,296.29825592041016
209,0.00492095947265625,296.3031768798828
210,0.004840850830078125,296.3080177307129
211,0.004764556884765625,296.31278228759766
212,0.004680633544921875,296.3174629211426
213,0.004611968994140625,296.3220748901367
214,0.004547119140625,296.32662200927734
215,0.00449371337890625,296.33111572265625
216,0.004436492919921875,296.3355522155762
217,0.00432586669921875,296.3398780822754
218,0.004302978515625,296.344181060791
219,0.0042266845703125,296.3484077453613
220,0.00417327880859375,296.3525810241699
221,0.004123687744140625,296.35670471191406
222,0.00405120849609375,296.36075592041016
223,0.003978729248046875,296.3647346496582
224,0.00392913818359375,296.3686637878418
225,0.0038623809814453125,296.37252616882324
226,0.003833770751953125,296.3763599395752
227,0.0037746429443359375,296.38013458251953
228,0.0037479400634765625,296.383882522583
229,0.0037021636962890625,296.3875846862793
230,0.0036449432373046875,296.3912296295166
231,0.00360870361328125,296.3948383331299
232,0.0035552978515625,296.39839363098145
233,0.003509521484375,296.4019031524658
234,0.003505706787109375,296.40540885925293
235,0.0034637451171875,296.4088726043701
236,0.0034008026123046875,296.4122734069824
237,0.0033588409423828125,296.4156322479248
238,0.0033111572265625,296.41894340515137
239,0.00328826904296875,296.42223167419434
240,0.00322723388671875,296.42545890808105
241,0.0032291412353515625,296.4286880493164
242,0.003162384033203125,296.4318504333496
243,0.0031375885009765625,296.4349880218506
244,0.003108978271484375,296.43809700012207
245,0.0030918121337890625,296.44118881225586
246,0.0030536651611328125,296.444242477417
247,0.0030307769775390625,296.44727325439453
248,0.002994537353515625,296.45026779174805
249,0.0029735565185546875,296.4532413482666
250,0.0029506683349609375,296.45619201660156
251,0.0029144287109375,296.4591064453125
252,0.0028820037841796875,296.4619884490967
253,0.002838134765625,296.4648265838623
254,0.0028228759765625,296.46764945983887
255,0.0028076171875,296.47045707702637
256,0.0027751922607421875,296.4732322692871
257,0.002735137939453125,296.47596740722656
258,0.0027217864990234375,296.4786891937256
259,0.0026950836181640625,296.48138427734375
260,0.0026569366455078125,296.48404121398926
261,0.00264739990234375,296.4866886138916
262,0.0026264190673828125,296.489315032959
263,0.0026035308837890625,296.4919185638428
264,0.002567291259765625,296.49448585510254
265,0.0025482177734375,296.497034072876
266,0.0025234222412109375,296.4995574951172
267,0.00251007080078125,296.50206756591797
268,0.0024890899658203125,296.5045566558838
269,0.002452850341796875,296.5070095062256
270,0.002429962158203125,296.5094394683838
271,0.002410888671875,296.51185035705566
272,0.0024051666259765625,296.51425552368164
273,0.002384185791015625,296.51663970947266
274,0.0023651123046875,296.51900482177734
275,0.0023403167724609375,296.5213451385498
276,0.002323150634765625,296.52366828918457
277,0.002300262451171875,296.52596855163574
278,0.002292633056640625,296.5282611846924
279,0.0022678375244140625,296.5305290222168
280,0.002254486083984375,296.5327835083008
281,0.0022430419921875,296.53502655029297
282,0.002208709716796875,296.53723526000977
283,0.0022125244140625,296.5394477844238
284,0.002185821533203125,296.54163360595703
285,0.0021839141845703125,296.5438175201416
286,0.0021610260009765625,296.5459785461426
287,0.002147674560546875,296.5481262207031
288,0.002124786376953125,296.5502510070801
289,0.0021076202392578125,296.55235862731934
290,0.0020847320556640625,296.554443359375
291,0.00208282470703125,296.55652618408203
292,0.00206756591796875,296.55859375
293,0.002044677734375,296.5606384277344
294,0.0020351409912109375,296.5626735687256
295,0.0020275115966796875,296.56470108032227
296,0.00200653076171875,296.566707611084
297,0.0019855499267578125,296.56869316101074
298,0.0019893646240234375,296.57068252563477
299,0.00197601318359375,296.57265853881836
300,0.0019550323486328125,296.574613571167
301,0.0019474029541015625,296.5765609741211
302,0.0019245147705078125,296.5784854888916
303,0.001918792724609375,296.5804042816162
304,0.0019006729125976562,296.5823049545288
305,0.0018930435180664062,296.5841979980469
306,0.0018835067749023438,296.5860815048218
307,0.0018672943115234375,296.5879487991333
308,0.0018472671508789062,296.5897960662842
309,0.0018453598022460938,296.5916414260864
310,0.0018281936645507812,296.593469619751
311,0.0018215179443359375,296.5952911376953
312,0.0017995834350585938,296.59709072113037
313,0.0017948150634765625,296.59888553619385
314,0.0017805099487304688,296.6006660461426
315,0.0017757415771484375,296.6024417877197
316,0.00176239013671875,296.60420417785645
317,0.0017557144165039062,296.60595989227295
318,0.0017385482788085938,296.60769844055176
319,0.0017328262329101562,296.60943126678467
320,0.001705169677734375,296.6111364364624
321,0.0017099380493164062,296.6128463745117
322,0.0016927719116210938,296.61453914642334
323,0.00170135498046875,296.6162405014038
324,0.001682281494140625,296.61792278289795
325,0.0016622543334960938,296.61958503723145
326,0.0016546249389648438,296.6212396621704
327,0.0016489028930664062,296.6228885650635
328,0.001636505126953125,296.62452507019043
329,0.0016241073608398438,296.62614917755127
330,0.0016193389892578125,296.6277685165405
331,0.0016155242919921875,296.6293840408325
332,0.0016050338745117188,296.63098907470703
333,0.0015897750854492188,296.6325788497925
334,0.0015745162963867188,296.63415336608887
335,0.0015745162963867188,296.63572788238525
336,0.0015659332275390625,296.6372938156128
337,0.0015554428100585938,296.63884925842285
338,0.0015506744384765625,296.6403999328613
339,0.0015325546264648438,296.6419324874878
340,0.0015354156494140625,296.6434679031372
341,0.001529693603515625,296.6449975967407
342,0.001514434814453125,296.6465120315552
343,0.0015115737915039062,296.6480236053467
344,0.0014896392822265625,296.6495132446289
345,0.0014925003051757812,296.6510057449341
346,0.001483917236328125,296.6524896621704
347,0.0014753341674804688,296.6539649963379
348,0.001476287841796875,296.6554412841797
349,0.0014553070068359375,296.6568965911865
350,0.0014591217041015625,296.6583557128906
351,0.0014524459838867188,296.6598081588745
352,0.001438140869140625,296.66124629974365
353,0.0014314651489257812,296.6626777648926
354,0.0014286041259765625,296.66410636901855
355,0.0014133453369140625,296.66551971435547
356,0.0014133453369140625,296.6669330596924
357,0.0014019012451171875,296.6683349609375
358,0.0013875961303710938,296.66972255706787
359,0.0013856887817382812,296.6711082458496
360,0.0013856887817382812,296.67249393463135
361,0.0013828277587890625,296.67387676239014
362,0.001373291015625,296.67525005340576
363,0.0013608932495117188,296.6766109466553
364,0.001354217529296875,296.67796516418457
365,0.0013551712036132812,296.6793203353882
366,0.0013437271118164062,296.6806640625
367,0.0013380050659179688,296.6820020675659
368,0.0013265609741210938,296.68332862854004
369,0.00131988525390625,296.68464851379395
370,0.0013151168823242188,296.68596363067627
371,0.001308441162109375,296.6872720718384
372,0.0013065338134765625,296.68857860565186
373,0.0012922286987304688,296.6898708343506
374,0.0012979507446289062,296.6911687850952
375,0.0012912750244140625,296.69246006011963
376,0.00128936767578125,296.6937494277954
377,0.0012731552124023438,296.6950225830078
378,0.0012674331665039062,296.6962900161743
379,0.0012655258178710938,296.6975555419922
380,0.001255035400390625,296.6988105773926
381,0.00125885009765625,296.70006942749023
382,0.0012607574462890625,296.7013301849365
383,0.0012464523315429688,296.70257663726807
384,0.0012426376342773438,296.70381927490234
385,0.001239776611328125,296.7050590515137
386,0.0012302398681640625,296.70628929138184
387,0.001224517822265625,296.7075138092041
388,0.0012187957763671875,296.70873260498047
389,0.0012178421020507812,296.7099504470825
390,0.0012083053588867188,296.7111587524414
391,0.0012006759643554688,296.71235942840576
392,0.001201629638671875,296.71356105804443
393,0.0011930465698242188,296.71475410461426
394,0.0011844635009765625,296.71593856811523
395,0.0011844635009765625,296.7171230316162
396,0.0011777877807617188,296.718300819397
397,0.00116729736328125,296.71946811676025
398,0.0011587142944335938,296.7206268310547
399,0.0011663436889648438,296.72179317474365
400,0.001148223876953125,296.7229413986206
401,0.0011606216430664062,296.7241020202637
402,0.0011472702026367188,296.7252492904663
403,0.00113677978515625,296.72638607025146
404,0.001132965087890625,296.72751903533936
405,0.0011434555053710938,296.7286624908447
406,0.001132965087890625,296.7297954559326
407,0.0011320114135742188,296.7309274673462
408,0.0011148452758789062,296.73204231262207
409,0.001102447509765625,296.73314476013184
410,0.0011034011840820312,296.7342481613159
411,0.0011081695556640625,296.7353563308716
412,0.0011053085327148438,296.7364616394043
413,0.001087188720703125,296.737548828125
414,0.001094818115234375,296.73864364624023
415,0.0010929107666015625,296.73973655700684
416,0.001087188720703125,296.74082374572754
417,0.00107574462890625,296.74189949035645
418,0.0010766983032226562,296.74297618865967
419,0.0010652542114257812,296.7440414428711
420,0.0010709762573242188,296.7451124191284
421,0.0010528564453125,296.74616527557373
422,0.0010557174682617188,296.747220993042
423,0.0010538101196289062,296.7482748031616
424,0.0010509490966796875,296.7493257522583
425,0.0010433197021484375,296.75036907196045
426,0.0010442733764648438,296.7514133453369
427,0.00103759765625,296.75245094299316
428,0.0010395050048828125,296.75349044799805
429,0.0010347366333007812,296.75452518463135
430,0.0010223388671875,296.75554752349854
431,0.0010232925415039062,296.75657081604004
432,0.0010232925415039062,296.75759410858154
433,0.0010089874267578125,296.7586030960083
434,0.0010128021240234375,296.7596158981323
435,0.0010089874267578125,296.7606248855591
436,0.0010128021240234375,296.7616376876831
437,0.0010023117065429688,296.76263999938965
438,0.0010023117065429688,296.7636423110962
439,0.0009918212890625,296.76463413238525
