step,loss,cumulative_loss_sum
1,1.7041015625,1.7041015625
2,1.7041015625,3.408203125
3,1.7041015625,5.1123046875
4,1.7041015625,6.81640625
5,1.7041015625,8.5205078125
6,1.638671875,10.1591796875
7,1.57421875,11.7333984375
8,1.50390625,13.2373046875
9,1.4404296875,14.677734375
10,1.3720703125,16.0498046875
11,1.3017578125,17.3515625
12,1.2275390625,18.5791015625
13,1.1435546875,19.72265625
14,1.060546875,20.783203125
15,0.9765625,21.759765625
16,0.91845703125,22.67822265625
17,0.85986328125,23.5380859375
18,0.8212890625,24.359375
19,0.791015625,25.150390625
20,0.7568359375,25.9072265625
21,0.7392578125,26.646484375
22,0.70751953125,27.35400390625
23,0.67822265625,28.0322265625
24,0.64404296875,28.67626953125
25,0.61328125,29.28955078125
26,0.58349609375,29.873046875
27,0.5546875,30.427734375
28,0.52734375,30.955078125
29,0.50048828125,31.45556640625
30,0.472412109375,31.927978515625
31,0.447021484375,32.375
32,0.420166015625,32.795166015625
33,0.400634765625,33.19580078125
34,0.37939453125,33.5751953125
35,0.3623046875,33.9375
36,0.343017578125,34.280517578125
37,0.31982421875,34.600341796875
38,0.298095703125,34.8984375
39,0.2841796875,35.1826171875
40,0.265380859375,35.447998046875
41,0.25048828125,35.698486328125
42,0.236572265625,35.93505859375
43,0.223876953125,36.158935546875
44,0.2122802734375,36.3712158203125
45,0.1998291015625,36.571044921875
46,0.19189453125,36.762939453125
47,0.1829833984375,36.9459228515625
48,0.1722412109375,37.1181640625
49,0.162109375,37.2802734375
50,0.15234375,37.4326171875
51,0.1435546875,37.576171875
52,0.13427734375,37.71044921875
53,0.128173828125,37.838623046875
54,0.12115478515625,37.95977783203125
55,0.1142578125,38.07403564453125
56,0.1063232421875,38.18035888671875
57,0.10003662109375,38.2803955078125
58,0.09521484375,38.3756103515625
59,0.08953857421875,38.46514892578125
60,0.08392333984375,38.549072265625
61,0.07891845703125,38.62799072265625
62,0.07464599609375,38.70263671875
63,0.06964111328125,38.77227783203125
64,0.06634521484375,38.838623046875
65,0.063232421875,38.90185546875
66,0.060394287109375,38.962249755859375
67,0.05718994140625,39.019439697265625
68,0.055145263671875,39.0745849609375
69,0.052764892578125,39.127349853515625
70,0.050048828125,39.177398681640625
71,0.048614501953125,39.22601318359375
72,0.04632568359375,39.2723388671875
73,0.043731689453125,39.316070556640625
74,0.041656494140625,39.35772705078125
75,0.03948974609375,39.397216796875
76,0.038055419921875,39.435272216796875
77,0.036346435546875,39.47161865234375
78,0.03533935546875,39.5069580078125
79,0.033294677734375,39.540252685546875
80,0.03167724609375,39.571929931640625
81,0.030059814453125,39.60198974609375
82,0.0284576416015625,39.63044738769531
83,0.026947021484375,39.65739440917969
84,0.0259552001953125,39.683349609375
85,0.024688720703125,39.708038330078125
86,0.02337646484375,39.731414794921875
87,0.022308349609375,39.75372314453125
88,0.0211181640625,39.77484130859375
89,0.0203094482421875,39.79515075683594
90,0.0193023681640625,39.814453125
91,0.0182952880859375,39.83274841308594
92,0.017578125,39.85032653808594
93,0.016448974609375,39.86677551269531
94,0.0155487060546875,39.88232421875
95,0.01462554931640625,39.896949768066406
96,0.0137176513671875,39.910667419433594
97,0.01311492919921875,39.92378234863281
98,0.0124359130859375,39.93621826171875
99,0.011688232421875,39.947906494140625
100,0.01111602783203125,39.959022521972656
101,0.010467529296875,39.96949005126953
102,0.0099639892578125,39.979454040527344
103,0.00951385498046875,39.98896789550781
104,0.0090789794921875,39.998046875
105,0.00860595703125,40.00665283203125
106,0.0081787109375,40.01483154296875
107,0.00780487060546875,40.02263641357422
108,0.007495880126953125,40.03013229370117
109,0.00717926025390625,40.03731155395508
110,0.006866455078125,40.0441780090332
111,0.00659942626953125,40.050777435302734
112,0.006298065185546875,40.05707550048828
113,0.0061187744140625,40.063194274902344
114,0.005878448486328125,40.06907272338867
115,0.0056610107421875,40.07473373413086
116,0.005481719970703125,40.08021545410156
117,0.0052490234375,40.08546447753906
118,0.005100250244140625,40.0905647277832
119,0.004932403564453125,40.095497131347656
120,0.00482940673828125,40.10032653808594
121,0.00466156005859375,40.10498809814453
122,0.004482269287109375,40.10947036743164
123,0.004364013671875,40.113834381103516
124,0.004261016845703125,40.11809539794922
125,0.00411224365234375,40.12220764160156
126,0.0039825439453125,40.126190185546875
127,0.0038585662841796875,40.130048751831055
128,0.0037593841552734375,40.13380813598633
129,0.00363922119140625,40.137447357177734
130,0.0035533905029296875,40.141000747680664
131,0.003406524658203125,40.14440727233887
132,0.0032901763916015625,40.14769744873047
133,0.0032215118408203125,40.15091896057129
134,0.0031147003173828125,40.15403366088867
135,0.003055572509765625,40.15708923339844
136,0.0029659271240234375,40.16005516052246
137,0.0028858184814453125,40.162940979003906
138,0.0028514862060546875,40.16579246520996
139,0.0027790069580078125,40.16857147216797
140,0.0027179718017578125,40.17128944396973
141,0.002655029296875,40.1739444732666
142,0.002593994140625,40.17653846740723
143,0.0025234222412109375,40.17906188964844
144,0.00247955322265625,40.181541442871094
145,0.00241851806640625,40.1839599609375
146,0.0023860931396484375,40.18634605407715
147,0.002353668212890625,40.18869972229004
148,0.0023021697998046875,40.191001892089844
149,0.0022411346435546875,40.1932430267334
150,0.002208709716796875,40.195451736450195
151,0.0021686553955078125,40.1976203918457
152,0.0021305084228515625,40.199750900268555
153,0.002094268798828125,40.20184516906738
154,0.002071380615234375,40.20391654968262
155,0.0020351409912109375,40.20595169067383
156,0.0019931793212890625,40.20794486999512
157,0.0019626617431640625,40.20990753173828
158,0.001926422119140625,40.21183395385742
159,0.0019197463989257812,40.21375370025635
160,0.0018863677978515625,40.2156400680542
161,0.0018558502197265625,40.217495918273926
162,0.0018320083618164062,40.21932792663574
163,0.0018177032470703125,40.22114562988281
164,0.0017871856689453125,40.22293281555176
165,0.00177001953125,40.22470283508301
166,0.0017480850219726562,40.22645092010498
167,0.0017328262329101562,40.22818374633789
168,0.0016927719116210938,40.22987651824951
169,0.0016756057739257812,40.23155212402344
170,0.00167083740234375,40.23322296142578
171,0.00165557861328125,40.23487854003906
172,0.0016202926635742188,40.23649883270264
173,0.0015935897827148438,40.23809242248535
174,0.0015659332275390625,40.23965835571289
175,0.0015516281127929688,40.241209983825684
176,0.0015363693237304688,40.242746353149414
177,0.0015201568603515625,40.244266510009766
178,0.001495361328125,40.24576187133789
179,0.0014867782592773438,40.24724864959717
180,0.00147247314453125,40.2487211227417
181,0.001445770263671875,40.25016689300537
182,0.0014400482177734375,40.251606941223145
183,0.0014238357543945312,40.25303077697754
184,0.00140380859375,40.25443458557129
185,0.0014047622680664062,40.255839347839355
186,0.0013799667358398438,40.257219314575195
187,0.0013666152954101562,40.258585929870605
188,0.001354217529296875,40.2599401473999
189,0.0013418197631835938,40.261281967163086
190,0.0013294219970703125,40.262611389160156
191,0.0013065338134765625,40.26391792297363
192,0.0012979507446289062,40.26521587371826
193,0.0012884140014648438,40.26650428771973
194,0.0012760162353515625,40.26778030395508
195,0.0012559890747070312,40.269036293029785
196,0.0012454986572265625,40.27028179168701
197,0.0012378692626953125,40.27151966094971
198,0.0012235641479492188,40.272743225097656
199,0.001216888427734375,40.27396011352539
200,0.0012102127075195312,40.27517032623291
201,0.00119781494140625,40.276368141174316
202,0.0011796951293945312,40.27754783630371
203,0.0011854171752929688,40.278733253479004
204,0.0011653900146484375,40.27989864349365
205,0.0011539459228515625,40.281052589416504
206,0.001140594482421875,40.282193183898926
207,0.0011358261108398438,40.283329010009766
208,0.0011243820190429688,40.28445339202881
209,0.0011157989501953125,40.285569190979004
210,0.0010890960693359375,40.28665828704834
211,0.0010862350463867188,40.28774452209473
212,0.0010824203491210938,40.28882694244385
213,0.0010824203491210938,40.28990936279297
214,0.0010709762573242188,40.29098033905029
215,0.0010728836059570312,40.29205322265625
216,0.0010528564453125,40.29310607910156
217,0.00104522705078125,40.294151306152344
218,0.0010404586791992188,40.29519176483154
219,0.0010242462158203125,40.29621601104736
220,0.00102996826171875,40.29724597930908
221,0.0010223388671875,40.29826831817627
222,0.0010118484497070312,40.29928016662598
223,0.000995635986328125,40.300275802612305
