step,loss,cumulative_loss_sum
1,4.55859375,4.55859375
2,4.55859375,9.1171875
3,4.55859375,13.67578125
4,4.55859375,18.234375
5,4.55859375,22.79296875
6,4.55859375,27.3515625
7,4.375,31.7265625
8,4.1875,35.9140625
9,4.03515625,39.94921875
10,3.8984375,43.84765625
11,3.73046875,47.578125
12,3.57421875,51.15234375
13,3.40625,54.55859375
14,3.236328125,57.794921875
15,3.08984375,60.884765625
16,2.951171875,63.8359375
17,2.861328125,66.697265625
18,2.744140625,69.44140625
19,2.642578125,72.083984375
20,2.541015625,74.625
21,2.42578125,77.05078125
22,2.314453125,79.365234375
23,2.23046875,81.595703125
24,2.13671875,83.732421875
25,2.05859375,85.791015625
26,1.9482421875,87.7392578125
27,1.873046875,89.6123046875
28,1.7578125,91.3701171875
29,1.69921875,93.0693359375
30,1.5869140625,94.65625
31,1.521484375,96.177734375
32,1.41796875,97.595703125
33,1.3359375,98.931640625
34,1.2353515625,100.1669921875
35,1.1494140625,101.31640625
36,1.06640625,102.3828125
37,0.97802734375,103.36083984375
38,0.9033203125,104.26416015625
39,0.85107421875,105.115234375
40,0.79833984375,105.91357421875
41,0.73681640625,106.650390625
42,0.69091796875,107.34130859375
43,0.62744140625,107.96875
44,0.5703125,108.5390625
45,0.52783203125,109.06689453125
46,0.4931640625,109.56005859375
47,0.452392578125,110.012451171875
48,0.41552734375,110.427978515625
49,0.386474609375,110.814453125
50,0.358642578125,111.173095703125
51,0.331787109375,111.5048828125
52,0.301513671875,111.806396484375
53,0.27392578125,112.080322265625
54,0.25,112.330322265625
55,0.2298583984375,112.5601806640625
56,0.2122802734375,112.7724609375
57,0.1956787109375,112.9681396484375
58,0.1778564453125,113.14599609375
59,0.1602783203125,113.3062744140625
60,0.1461181640625,113.452392578125
61,0.1324462890625,113.5848388671875
62,0.12109375,113.7059326171875
63,0.10980224609375,113.81573486328125
64,0.100341796875,113.91607666015625
65,0.09112548828125,114.0072021484375
66,0.083740234375,114.0909423828125
67,0.07623291015625,114.16717529296875
68,0.0703125,114.23748779296875
69,0.0634765625,114.30096435546875
70,0.056884765625,114.35784912109375
71,0.05133056640625,114.4091796875
72,0.046142578125,114.455322265625
73,0.042144775390625,114.49746704101562
74,0.038543701171875,114.5360107421875
75,0.03533935546875,114.57135009765625
76,0.032867431640625,114.60421752929688
77,0.0302886962890625,114.63450622558594
78,0.0279083251953125,114.66241455078125
79,0.0260162353515625,114.68843078613281
80,0.023956298828125,114.71238708496094
81,0.0219879150390625,114.734375
82,0.0205230712890625,114.75489807128906
83,0.0189971923828125,114.77389526367188
84,0.01763916015625,114.79153442382812
85,0.01617431640625,114.80770874023438
86,0.01513671875,114.82284545898438
87,0.0138702392578125,114.83671569824219
88,0.01282501220703125,114.84954071044922
89,0.0118560791015625,114.86139678955078
90,0.0110626220703125,114.8724594116211
91,0.0103912353515625,114.88285064697266
92,0.0098114013671875,114.89266204833984
93,0.0092315673828125,114.90189361572266
94,0.0087890625,114.91068267822266
95,0.00836944580078125,114.91905212402344
96,0.0080108642578125,114.92706298828125
97,0.00768280029296875,114.93474578857422
98,0.007320404052734375,114.94206619262695
99,0.007030487060546875,114.9490966796875
100,0.006732940673828125,114.95582962036133
101,0.0064849853515625,114.96231460571289
102,0.0062103271484375,114.96852493286133
103,0.0059967041015625,114.97452163696289
104,0.00579071044921875,114.98031234741211
105,0.005603790283203125,114.98591613769531
106,0.005435943603515625,114.99135208129883
107,0.00525665283203125,114.99660873413086
108,0.005115509033203125,115.00172424316406
109,0.004978179931640625,115.0067024230957
110,0.004825592041015625,115.01152801513672
111,0.004669189453125,115.01619720458984
112,0.004589080810546875,115.02078628540039
113,0.00446319580078125,115.02524948120117
114,0.00432586669921875,115.02957534790039
115,0.004241943359375,115.03381729125977
116,0.004131317138671875,115.03794860839844
117,0.004047393798828125,115.04199600219727
118,0.00397491455078125,115.04597091674805
119,0.00390625,115.04987716674805
120,0.0037937164306640625,115.05367088317871
121,0.0037212371826171875,115.05739212036133
122,0.003658294677734375,115.06105041503906
123,0.0035800933837890625,115.06463050842285
124,0.003509521484375,115.06814002990723
125,0.0034465789794921875,115.07158660888672
126,0.0033817291259765625,115.0749683380127
127,0.0033321380615234375,115.07830047607422
128,0.0032444000244140625,115.08154487609863
129,0.003192901611328125,115.08473777770996
130,0.003147125244140625,115.0878849029541
131,0.0030727386474609375,115.09095764160156
132,0.00302886962890625,115.09398651123047
133,0.0029850006103515625,115.09697151184082
134,0.0029315948486328125,115.09990310668945
135,0.00287628173828125,115.10277938842773
136,0.0028400421142578125,115.10561943054199
137,0.0027828216552734375,115.10840225219727
138,0.002765655517578125,115.11116790771484
139,0.00270843505859375,115.11387634277344
140,0.0026721954345703125,115.11654853820801
141,0.0026378631591796875,115.11918640136719
142,0.0025959014892578125,115.12178230285645
143,0.0025501251220703125,115.12433242797852
144,0.0025119781494140625,115.12684440612793
145,0.0024814605712890625,115.12932586669922
146,0.00244140625,115.13176727294922
147,0.0024051666259765625,115.1341724395752
148,0.0023746490478515625,115.13654708862305
149,0.0023403167724609375,115.13888740539551
150,0.0022983551025390625,115.14118576049805
151,0.0022792816162109375,115.14346504211426
152,0.0022525787353515625,115.14571762084961
153,0.00225067138671875,115.14796829223633
154,0.0021877288818359375,115.15015602111816
155,0.0021686553955078125,115.15232467651367
156,0.00215911865234375,115.15448379516602
157,0.0021228790283203125,115.15660667419434
158,0.0020904541015625,115.1586971282959
159,0.0020771026611328125,115.16077423095703
160,0.0020656585693359375,115.16283988952637
161,0.0020465850830078125,115.16488647460938
162,0.0020046234130859375,115.16689109802246
163,0.001995086669921875,115.16888618469238
164,0.0019741058349609375,115.17086029052734
165,0.0019445419311523438,115.1728048324585
166,0.0019207000732421875,115.17472553253174
167,0.00189208984375,115.17661762237549
168,0.0018711090087890625,115.17848873138428
169,0.0018606185913085938,115.18034934997559
170,0.0018291473388671875,115.18217849731445
171,0.00180816650390625,115.18398666381836
172,0.0018033981323242188,115.18579006195068
173,0.001789093017578125,115.18757915496826
174,0.0017671585083007812,115.18934631347656
175,0.001750946044921875,115.19109725952148
176,0.001728057861328125,115.19282531738281
177,0.0016994476318359375,115.19452476501465
178,0.0016937255859375,115.19621849060059
179,0.0016946792602539062,115.19791316986084
180,0.0016679763793945312,115.19958114624023
181,0.0016574859619140625,115.20123863220215
182,0.0016231536865234375,115.20286178588867
183,0.0016117095947265625,115.2044734954834
184,0.0016126632690429688,115.20608615875244
185,0.0016012191772460938,115.20768737792969
186,0.0015811920166015625,115.20926856994629
187,0.0015573501586914062,115.21082592010498
188,0.0015411376953125,115.2123670578003
189,0.0015325546264648438,115.21389961242676
190,0.0015211105346679688,115.21542072296143
191,0.0015096664428710938,115.2169303894043
192,0.0015001296997070312,115.218430519104
193,0.0014753341674804688,115.21990585327148
194,0.0014705657958984375,115.22137641906738
195,0.0014591217041015625,115.22283554077148
196,0.0014562606811523438,115.22429180145264
197,0.0014400482177734375,115.22573184967041
198,0.001422882080078125,115.22715473175049
199,0.001415252685546875,115.22856998443604
200,0.00140380859375,115.22997379302979
201,0.0013933181762695312,115.23136711120605
202,0.00138092041015625,115.23274803161621
203,0.0013647079467773438,115.23411273956299
204,0.0013647079467773438,115.23547744750977
205,0.001354217529296875,115.23683166503906
206,0.00133514404296875,115.23816680908203
207,0.0013360977172851562,115.23950290679932
208,0.0013151168823242188,115.24081802368164
209,0.0013036727905273438,115.24212169647217
210,0.0013027191162109375,115.24342441558838
211,0.0012960433959960938,115.24472045898438
212,0.0012769699096679688,115.24599742889404
213,0.0012674331665039062,115.24726486206055
214,0.0012578964233398438,115.24852275848389
215,0.0012531280517578125,115.24977588653564
216,0.0012340545654296875,115.25100994110107
217,0.0012235641479492188,115.25223350524902
218,0.0012216567993164062,115.25345516204834
219,0.00121307373046875,115.25466823577881
220,0.0012111663818359375,115.25587940216064
221,0.0011959075927734375,115.25707530975342
222,0.0011844635009765625,115.2582597732544
223,0.001186370849609375,115.259446144104
224,0.0011692047119140625,115.26061534881592
225,0.00115966796875,115.26177501678467
226,0.0011510848999023438,115.26292610168457
227,0.0011434555053710938,115.26406955718994
228,0.0011425018310546875,115.265212059021
229,0.0011386871337890625,115.26635074615479
230,0.0011262893676757812,115.26747703552246
231,0.0011196136474609375,115.26859664916992
232,0.0011119842529296875,115.26970863342285
233,0.0011034011840820312,115.27081203460693
234,0.0010957717895507812,115.27190780639648
235,0.0010852813720703125,115.27299308776855
236,0.0010786056518554688,115.27407169342041
237,0.0010766983032226562,115.27514839172363
238,0.0010671615600585938,115.27621555328369
239,0.0010576248168945312,115.27727317810059
240,0.0010547637939453125,115.27832794189453
241,0.0010480880737304688,115.27937602996826
242,0.0010471343994140625,115.28042316436768
243,0.0010404586791992188,115.28146362304688
244,0.001033782958984375,115.28249740600586
245,0.0010242462158203125,115.28352165222168
246,0.0010290145874023438,115.28455066680908
247,0.0010156631469726562,115.28556632995605
248,0.001007080078125,115.28657341003418
249,0.0010042190551757812,115.28757762908936
250,0.0009937286376953125,115.28857135772705
