step,loss,cumulative_loss_sum
1,5.171875,5.171875
2,5.171875,10.34375
3,5.171875,15.515625
4,5.171875,20.6875
5,5.171875,25.859375
6,5.171875,31.03125
7,5.171875,36.203125
8,4.59375,40.796875
9,4.59375,45.390625
10,3.716796875,49.107421875
11,3.376953125,52.484375
12,3.076171875,55.560546875
13,2.841796875,58.40234375
14,2.673828125,61.076171875
15,2.5078125,63.583984375
16,2.3515625,65.935546875
17,2.2421875,68.177734375
18,2.0859375,70.263671875
19,1.912109375,72.17578125
20,1.751953125,73.927734375
21,1.638671875,75.56640625
22,1.5341796875,77.1005859375
23,1.447265625,78.5478515625
24,1.35546875,79.9033203125
25,1.2666015625,81.169921875
26,1.2060546875,82.3759765625
27,1.1376953125,83.513671875
28,1.064453125,84.578125
29,1.0078125,85.5859375
30,0.96142578125,86.54736328125
31,0.91064453125,87.4580078125
32,0.849609375,88.3076171875
33,0.814453125,89.1220703125
34,0.7802734375,89.90234375
35,0.74072265625,90.64306640625
36,0.70654296875,91.349609375
37,0.66552734375,92.01513671875
38,0.6181640625,92.63330078125
39,0.5947265625,93.22802734375
40,0.5693359375,93.79736328125
41,0.55615234375,94.353515625
42,0.53173828125,94.88525390625
43,0.51025390625,95.3955078125
44,0.50341796875,95.89892578125
45,0.478759765625,96.377685546875
46,0.473388671875,96.85107421875
47,0.451416015625,97.302490234375
48,0.456298828125,97.7587890625
49,0.4267578125,98.185546875
50,0.42333984375,98.60888671875
51,0.399658203125,99.008544921875
52,0.39599609375,99.404541015625
53,0.37548828125,99.780029296875
54,0.365478515625,100.1455078125
55,0.34765625,100.4931640625
56,0.352294921875,100.845458984375
57,0.330810546875,101.17626953125
58,0.32763671875,101.50390625
59,0.31982421875,101.82373046875
60,0.318115234375,102.141845703125
61,0.30224609375,102.444091796875
62,0.30615234375,102.750244140625
63,0.2900390625,103.040283203125
64,0.292724609375,103.3330078125
65,0.27294921875,103.60595703125
66,0.27392578125,103.8798828125
67,0.267333984375,104.147216796875
68,0.266357421875,104.41357421875
69,0.255126953125,104.668701171875
70,0.25537109375,104.924072265625
71,0.2481689453125,105.1722412109375
72,0.2469482421875,105.419189453125
73,0.239990234375,105.6591796875
74,0.2371826171875,105.8963623046875
75,0.23193359375,106.1282958984375
76,0.2294921875,106.3577880859375
77,0.2235107421875,106.581298828125
78,0.2222900390625,106.8035888671875
79,0.2149658203125,107.0185546875
80,0.214599609375,107.233154296875
81,0.2080078125,107.441162109375
82,0.207275390625,107.6484375
83,0.2001953125,107.8486328125
84,0.199462890625,108.048095703125
85,0.1932373046875,108.2413330078125
86,0.1925048828125,108.433837890625
87,0.1868896484375,108.6207275390625
88,0.1859130859375,108.806640625
89,0.17919921875,108.98583984375
90,0.177001953125,109.162841796875
91,0.1749267578125,109.3377685546875
92,0.1722412109375,109.510009765625
93,0.167724609375,109.677734375
94,0.16552734375,109.84326171875
95,0.1630859375,110.00634765625
96,0.1590576171875,110.1654052734375
97,0.154296875,110.3197021484375
98,0.1505126953125,110.47021484375
99,0.146240234375,110.616455078125
100,0.1439208984375,110.7603759765625
101,0.140625,110.9010009765625
102,0.138427734375,111.0394287109375
103,0.1365966796875,111.176025390625
104,0.133544921875,111.3095703125
105,0.1314697265625,111.4410400390625
106,0.1258544921875,111.56689453125
107,0.127685546875,111.694580078125
108,0.123046875,111.817626953125
109,0.1165771484375,111.9342041015625
110,0.11572265625,112.0499267578125
111,0.11260986328125,112.16253662109375
112,0.11199951171875,112.2745361328125
113,0.11224365234375,112.38677978515625
114,0.10821533203125,112.4949951171875
115,0.10650634765625,112.60150146484375
116,0.10430908203125,112.705810546875
117,0.102294921875,112.80810546875
118,0.1011962890625,112.9093017578125
119,0.0989990234375,113.00830078125
120,0.09716796875,113.10546875
121,0.09466552734375,113.20013427734375
122,0.09246826171875,113.2926025390625
123,0.0933837890625,113.385986328125
124,0.0892333984375,113.4752197265625
125,0.08953857421875,113.56475830078125
126,0.08648681640625,113.6512451171875
127,0.08648681640625,113.73773193359375
128,0.083740234375,113.82147216796875
129,0.08306884765625,113.904541015625
130,0.08111572265625,113.98565673828125
131,0.08056640625,114.06622314453125
132,0.0772705078125,114.14349365234375
133,0.07623291015625,114.2197265625
134,0.0740966796875,114.2938232421875
135,0.0726318359375,114.366455078125
136,0.07098388671875,114.43743896484375
137,0.0699462890625,114.50738525390625
138,0.06890869140625,114.5762939453125
139,0.06634521484375,114.64263916015625
140,0.06439208984375,114.70703125
141,0.062255859375,114.769287109375
142,0.060577392578125,114.82986450195312
143,0.059234619140625,114.88909912109375
144,0.058685302734375,114.94778442382812
145,0.05718994140625,115.00497436523438
146,0.055816650390625,115.060791015625
147,0.05462646484375,115.11541748046875
148,0.053375244140625,115.16879272460938
149,0.052001953125,115.22079467773438
150,0.051666259765625,115.2724609375
151,0.05078125,115.3232421875
152,0.049468994140625,115.37271118164062
153,0.04888916015625,115.42160034179688
154,0.047454833984375,115.46905517578125
155,0.04559326171875,115.5146484375
156,0.044219970703125,115.55886840820312
157,0.045928955078125,115.60479736328125
158,0.042572021484375,115.64736938476562
159,0.04144287109375,115.68881225585938
160,0.040496826171875,115.72930908203125
161,0.0394287109375,115.76873779296875
162,0.038299560546875,115.80703735351562
163,0.038055419921875,115.8450927734375
164,0.037139892578125,115.88223266601562
165,0.03662109375,115.91885375976562
166,0.035675048828125,115.95452880859375
167,0.034271240234375,115.98880004882812
168,0.032562255859375,116.0213623046875
169,0.03173828125,116.0531005859375
170,0.0307769775390625,116.08387756347656
171,0.0302276611328125,116.11410522460938
172,0.0292510986328125,116.14335632324219
173,0.028472900390625,116.17182922363281
174,0.0279998779296875,116.1998291015625
175,0.027191162109375,116.22702026367188
176,0.0265045166015625,116.25352478027344
177,0.026031494140625,116.27955627441406
178,0.025146484375,116.30470275878906
179,0.0255126953125,116.33021545410156
180,0.0243072509765625,116.35452270507812
181,0.023834228515625,116.37835693359375
182,0.023193359375,116.40155029296875
183,0.0227813720703125,116.42433166503906
184,0.022552490234375,116.44688415527344
185,0.0221405029296875,116.46902465820312
186,0.021636962890625,116.49066162109375
187,0.021453857421875,116.51211547851562
188,0.0208740234375,116.53298950195312
189,0.0203399658203125,116.55332946777344
190,0.0200042724609375,116.57333374023438
191,0.0195465087890625,116.59288024902344
192,0.0190887451171875,116.61196899414062
193,0.01861572265625,116.63058471679688
194,0.0182952880859375,116.64888000488281
195,0.01806640625,116.66694641113281
196,0.0177764892578125,116.68472290039062
197,0.0174713134765625,116.70219421386719
198,0.0171661376953125,116.7193603515625
199,0.01678466796875,116.73614501953125
200,0.0165252685546875,116.75267028808594
201,0.0162353515625,116.76890563964844
202,0.01544189453125,116.78434753417969
203,0.01543426513671875,116.7997817993164
204,0.01502227783203125,116.81480407714844
205,0.01477813720703125,116.82958221435547
206,0.01453399658203125,116.8441162109375
207,0.0142822265625,116.8583984375
208,0.01397705078125,116.87237548828125
209,0.01377105712890625,116.88614654541016
210,0.01348114013671875,116.89962768554688
211,0.01306915283203125,116.9126968383789
212,0.01262664794921875,116.92532348632812
213,0.01235198974609375,116.93767547607422
214,0.01202392578125,116.94969940185547
215,0.0120391845703125,116.96173858642578
216,0.01197052001953125,116.97370910644531
217,0.0116729736328125,116.98538208007812
218,0.01123046875,116.99661254882812
219,0.01097869873046875,117.0075912475586
220,0.0108184814453125,117.0184097290039
221,0.0105743408203125,117.02898406982422
222,0.01033782958984375,117.03932189941406
223,0.01012420654296875,117.04944610595703
224,0.00997161865234375,117.05941772460938
225,0.00980377197265625,117.06922149658203
226,0.0095672607421875,117.07878875732422
227,0.00957489013671875,117.08836364746094
228,0.00925445556640625,117.09761810302734
229,0.009246826171875,117.10686492919922
230,0.0088348388671875,117.1156997680664
231,0.0086822509765625,117.12438201904297
232,0.008392333984375,117.13277435302734
233,0.0082550048828125,117.14102935791016
234,0.00823211669921875,117.14926147460938
235,0.0080413818359375,117.15730285644531
236,0.0079193115234375,117.16522216796875
237,0.00785064697265625,117.1730728149414
238,0.007602691650390625,117.1806755065918
239,0.007541656494140625,117.18821716308594
240,0.00727081298828125,117.19548797607422
241,0.00711822509765625,117.20260620117188
242,0.006984710693359375,117.20959091186523
243,0.006946563720703125,117.21653747558594
244,0.006923675537109375,117.22346115112305
245,0.006603240966796875,117.23006439208984
246,0.006473541259765625,117.23653793334961
247,0.006351470947265625,117.24288940429688
248,0.006191253662109375,117.24908065795898
249,0.0061798095703125,117.2552604675293
250,0.00643157958984375,117.26169204711914
251,0.00609588623046875,117.26778793334961
252,0.00614166259765625,117.27392959594727
253,0.00588226318359375,117.27981185913086
254,0.005767822265625,117.28557968139648
255,0.005710601806640625,117.29129028320312
256,0.00553131103515625,117.29682159423828
257,0.005458831787109375,117.30228042602539
258,0.0053558349609375,117.30763626098633
259,0.005229949951171875,117.3128662109375
260,0.005123138427734375,117.31798934936523
261,0.00508880615234375,117.32307815551758
262,0.005138397216796875,117.32821655273438
263,0.0049896240234375,117.33320617675781
264,0.004974365234375,117.33818054199219
265,0.004909515380859375,117.34309005737305
266,0.004756927490234375,117.34784698486328
267,0.004741668701171875,117.35258865356445
268,0.004638671875,117.35722732543945
269,0.004543304443359375,117.36177062988281
270,0.00446319580078125,117.3662338256836
271,0.0044708251953125,117.3707046508789
272,0.00440216064453125,117.37510681152344
273,0.004329681396484375,117.37943649291992
274,0.004322052001953125,117.38375854492188
275,0.004230499267578125,117.38798904418945
276,0.0041656494140625,117.39215469360352
277,0.00411224365234375,117.39626693725586
278,0.00406646728515625,117.40033340454102
279,0.004070281982421875,117.40440368652344
280,0.004070281982421875,117.40847396850586
281,0.00396728515625,117.41244125366211
282,0.00386810302734375,117.41630935668945
283,0.0038356781005859375,117.42014503479004
284,0.0038127899169921875,117.42395782470703
285,0.0037708282470703125,117.4277286529541
286,0.0037479400634765625,117.43147659301758
287,0.0037136077880859375,117.43519020080566
288,0.003631591796875,117.43882179260254
289,0.00360107421875,117.44242286682129
290,0.003566741943359375,117.44598960876465
291,0.0035495758056640625,117.44953918457031
292,0.0035152435302734375,117.45305442810059
293,0.0034351348876953125,117.45648956298828
294,0.003444671630859375,117.45993423461914
295,0.0034027099609375,117.46333694458008
296,0.0034122467041015625,117.46674919128418
297,0.003345489501953125,117.47009468078613
298,0.00328826904296875,117.4733829498291
299,0.0032444000244140625,117.47662734985352
300,0.00324249267578125,117.4798698425293
301,0.003204345703125,117.48307418823242
302,0.003173828125,117.48624801635742
303,0.0031280517578125,117.48937606811523
304,0.0031280517578125,117.49250411987305
305,0.003055572509765625,117.49555969238281
306,0.003025054931640625,117.49858474731445
307,0.0030002593994140625,117.50158500671387
308,0.003002166748046875,117.50458717346191
309,0.002971649169921875,117.50755882263184
310,0.002960205078125,117.51051902770996
311,0.0029315948486328125,117.5134506225586
312,0.002902984619140625,117.51635360717773
313,0.0029087066650390625,117.51926231384277
314,0.0028533935546875,117.52211570739746
315,0.0028324127197265625,117.52494812011719
316,0.002819061279296875,117.52776718139648
317,0.0027751922607421875,117.53054237365723
318,0.002777099609375,117.5333194732666
319,0.002788543701171875,117.53610801696777
320,0.00273895263671875,117.53884696960449
321,0.0027370452880859375,117.54158401489258
322,0.00269317626953125,117.54427719116211
323,0.0026683807373046875,117.54694557189941
324,0.0026683807373046875,117.54961395263672
325,0.0026264190673828125,117.5522403717041
326,0.0025920867919921875,117.5548324584961
327,0.002597808837890625,117.55743026733398
328,0.0026569366455078125,117.56008720397949
329,0.0026264190673828125,117.56271362304688
330,0.0025634765625,117.56527709960938
331,0.00247955322265625,117.56775665283203
332,0.002475738525390625,117.57023239135742
333,0.0024547576904296875,117.57268714904785
334,0.0024623870849609375,117.57514953613281
335,0.00244903564453125,117.57759857177734
336,0.0024547576904296875,117.58005332946777
337,0.002414703369140625,117.58246803283691
338,0.00238800048828125,117.5848560333252
339,0.0024013519287109375,117.5872573852539
340,0.002361297607421875,117.58961868286133
341,0.0023632049560546875,117.59198188781738
342,0.0023288726806640625,117.59431076049805
343,0.0023040771484375,117.59661483764648
344,0.0022792816162109375,117.5988941192627
345,0.0022869110107421875,117.60118103027344
346,0.002277374267578125,117.60345840454102
347,0.002239227294921875,117.60569763183594
348,0.002223968505859375,117.6079216003418
349,0.00223541259765625,117.61015701293945
350,0.002223968505859375,117.61238098144531
351,0.0022068023681640625,117.61458778381348
352,0.0021648406982421875,117.61675262451172
353,0.002170562744140625,117.61892318725586
354,0.00214385986328125,117.62106704711914
355,0.002117156982421875,117.62318420410156
356,0.002124786376953125,117.62530899047852
357,0.0021190643310546875,117.62742805480957
358,0.0020904541015625,117.62951850891113
359,0.0020809173583984375,117.63159942626953
360,0.002071380615234375,117.63367080688477
361,0.0020580291748046875,117.63572883605957
362,0.002056121826171875,117.63778495788574
363,0.002048492431640625,117.63983345031738
364,0.0020198822021484375,117.64185333251953
365,0.002010345458984375,117.64386367797852
366,0.0020008087158203125,117.64586448669434
367,0.001983642578125,117.64784812927246
368,0.00200653076171875,117.64985466003418
369,0.001987457275390625,117.65184211730957
370,0.00196075439453125,117.6538028717041
371,0.001953125,117.6557559967041
372,0.0019483566284179688,117.65770435333252
373,0.0019283294677734375,117.6596326828003
374,0.0019159317016601562,117.66154861450195
375,0.00189971923828125,117.66344833374023
376,0.0019016265869140625,117.66534996032715
377,0.0018835067749023438,117.66723346710205
378,0.0018901824951171875,117.66912364959717
379,0.0018720626831054688,117.67099571228027
380,0.0018453598022460938,117.67284107208252
381,0.0018529891967773438,117.6746940612793
382,0.0018434524536132812,117.67653751373291
383,0.0018434524536132812,117.67838096618652
384,0.0018148422241210938,117.68019580841064
385,0.001819610595703125,117.68201541900635
386,0.0018177032470703125,117.68383312225342
387,0.0018157958984375,117.68564891815186
388,0.001796722412109375,117.68744564056396
389,0.0017652511596679688,117.68921089172363
390,0.0017786026000976562,117.69098949432373
391,0.0017747879028320312,117.69276428222656
392,0.0017499923706054688,117.69451427459717
393,0.0017375946044921875,117.69625186920166
394,0.0017499923706054688,117.69800186157227
395,0.0017261505126953125,117.69972801208496
396,0.0017175674438476562,117.70144557952881
397,0.001712799072265625,117.70315837860107
398,0.001712799072265625,117.70487117767334
399,0.0017032623291015625,117.70657444000244
400,0.0016803741455078125,117.70825481414795
401,0.0016775131225585938,117.70993232727051
402,0.0016727447509765625,117.71160507202148
403,0.001659393310546875,117.71326446533203
404,0.001659393310546875,117.71492385864258
405,0.0016574859619140625,117.71658134460449
406,0.0016536712646484375,117.71823501586914
407,0.0016336441040039062,117.71986865997314
408,0.0016260147094726562,117.72149467468262
409,0.0016241073608398438,117.72311878204346
410,0.001617431640625,117.72473621368408
411,0.0016012191772460938,117.72633743286133
412,0.0015926361083984375,117.72793006896973
413,0.0016031265258789062,117.7295331954956
414,0.0015811920166015625,117.7311143875122
415,0.0015869140625,117.7327013015747
416,0.0015735626220703125,117.73427486419678
417,0.0015773773193359375,117.73585224151611
418,0.0015707015991210938,117.73742294311523
419,0.0015573501586914062,117.73898029327393
420,0.0015621185302734375,117.7405424118042
421,0.0015544891357421875,117.74209690093994
422,0.001544952392578125,117.74364185333252
423,0.00153350830078125,117.7451753616333
424,0.0015268325805664062,117.74670219421387
425,0.001499176025390625,117.74820137023926
426,0.0014905929565429688,117.7496919631958
427,0.001499176025390625,117.75119113922119
428,0.0014896392822265625,117.75268077850342
429,0.00148773193359375,117.75416851043701
430,0.0014772415161132812,117.75564575195312
431,0.0014858245849609375,117.75713157653809
432,0.001461029052734375,117.75859260559082
433,0.0014553070068359375,117.76004791259766
434,0.0014486312866210938,117.76149654388428
435,0.0014390945434570312,117.76293563842773
436,0.00145721435546875,117.7643928527832
437,0.0014514923095703125,117.76584434509277
438,0.001438140869140625,117.76728248596191
439,0.0014324188232421875,117.76871490478516
440,0.0014295578002929688,117.77014446258545
441,0.0014276504516601562,117.77157211303711
442,0.0014133453369140625,117.77298545837402
443,0.0014028549194335938,117.77438831329346
444,0.0014019012451171875,117.77579021453857
445,0.0014019012451171875,117.77719211578369
446,0.0014085769653320312,117.77860069274902
447,0.0013780593872070312,117.77997875213623
448,0.0013856887817382812,117.78136444091797
449,0.0013704299926757812,117.78273487091064
450,0.0013637542724609375,117.7840986251831
451,0.0013790130615234375,117.78547763824463
452,0.0013513565063476562,117.78682899475098
453,0.0013418197631835938,117.78817081451416
454,0.001331329345703125,117.78950214385986
455,0.0013418197631835938,117.79084396362305
456,0.0013303756713867188,117.79217433929443
457,0.0013294219970703125,117.7935037612915
458,0.001316070556640625,117.79481983184814
459,0.0013065338134765625,117.79612636566162
460,0.0013189315795898438,117.79744529724121
461,0.0013017654418945312,117.7987470626831
462,0.00130462646484375,117.80005168914795
463,0.0013027191162109375,117.80135440826416
464,0.0012950897216796875,117.80264949798584
465,0.001285552978515625,117.80393505096436
466,0.0012750625610351562,117.80521011352539
467,0.0012683868408203125,117.80647850036621
468,0.0012807846069335938,117.80775928497314
469,0.0012769699096679688,117.80903625488281
470,0.0012750625610351562,117.81031131744385
471,0.0012502670288085938,117.81156158447266
472,0.0012502670288085938,117.81281185150146
473,0.0012531280517578125,117.81406497955322
474,0.001239776611328125,117.81530475616455
475,0.0012416839599609375,117.81654644012451
476,0.0012340545654296875,117.81778049468994
477,0.0012369155883789062,117.81901741027832
478,0.001232147216796875,117.82024955749512
479,0.0012292861938476562,117.82147884368896
480,0.0012264251708984375,117.82270526885986
481,0.0012149810791015625,117.82392024993896
482,0.0012178421020507812,117.82513809204102
483,0.0011987686157226562,117.82633686065674
484,0.0012006759643554688,117.8275375366211
485,0.0011949539184570312,117.82873249053955
486,0.0011930465698242188,117.82992553710938
