step,loss,cumulative_loss_sum
1,1.25,1.25
2,1.25,2.5
3,1.25,3.75
4,1.25,5.0
5,1.25,6.25
6,1.25,7.5
7,0.98974609375,8.48974609375
8,0.80712890625,9.296875
9,0.654296875,9.951171875
10,0.654296875,10.60546875
11,0.55908203125,11.16455078125
12,0.48974609375,11.654296875
13,0.415283203125,12.069580078125
14,0.384033203125,12.45361328125
15,0.324462890625,12.778076171875
16,0.28759765625,13.065673828125
17,0.28564453125,13.351318359375
18,0.273193359375,13.62451171875
19,0.24560546875,13.8701171875
20,0.24267578125,14.11279296875
21,0.2239990234375,14.3367919921875
22,0.223876953125,14.5606689453125
23,0.202392578125,14.7630615234375
24,0.18896484375,14.9520263671875
25,0.1824951171875,15.134521484375
26,0.1685791015625,15.3031005859375
27,0.1693115234375,15.472412109375
28,0.151123046875,15.62353515625
29,0.1470947265625,15.7706298828125
30,0.1409912109375,15.91162109375
31,0.1424560546875,16.0540771484375
32,0.127197265625,16.1812744140625
33,0.12646484375,16.3077392578125
34,0.1190185546875,16.4267578125
35,0.1170654296875,16.5438232421875
36,0.1107177734375,16.654541015625
37,0.10882568359375,16.76336669921875
38,0.102783203125,16.86614990234375
39,0.10064697265625,16.966796875
40,0.09185791015625,17.05865478515625
41,0.08880615234375,17.1474609375
42,0.08489990234375,17.23236083984375
43,0.08636474609375,17.3187255859375
44,0.07958984375,17.3983154296875
45,0.07781982421875,17.47613525390625
46,0.07452392578125,17.5506591796875
47,0.07635498046875,17.62701416015625
48,0.07403564453125,17.7010498046875
49,0.0712890625,17.7723388671875
50,0.06976318359375,17.84210205078125
51,0.068603515625,17.91070556640625
52,0.06683349609375,17.9775390625
53,0.06640625,18.0439453125
54,0.06365966796875,18.10760498046875
55,0.064208984375,18.17181396484375
56,0.06134033203125,18.233154296875
57,0.060821533203125,18.293975830078125
58,0.0599365234375,18.353912353515625
59,0.057861328125,18.411773681640625
60,0.058319091796875,18.4700927734375
61,0.056121826171875,18.526214599609375
62,0.056121826171875,18.58233642578125
63,0.05426025390625,18.6365966796875
64,0.0548095703125,18.69140625
65,0.051788330078125,18.743194580078125
66,0.052093505859375,18.7952880859375
67,0.050262451171875,18.845550537109375
68,0.049468994140625,18.89501953125
69,0.0478515625,18.94287109375
70,0.047271728515625,18.990142822265625
71,0.04547119140625,19.035614013671875
72,0.044647216796875,19.08026123046875
73,0.043060302734375,19.123321533203125
74,0.04315185546875,19.166473388671875
75,0.04058837890625,19.207061767578125
76,0.039459228515625,19.24652099609375
77,0.039306640625,19.28582763671875
78,0.035491943359375,19.321319580078125
79,0.03662109375,19.357940673828125
80,0.032867431640625,19.39080810546875
81,0.0335693359375,19.42437744140625
82,0.031005859375,19.45538330078125
83,0.031890869140625,19.487274169921875
84,0.0295562744140625,19.516830444335938
85,0.0297698974609375,19.546600341796875
86,0.0282135009765625,19.574813842773438
87,0.0281982421875,19.603012084960938
88,0.0272064208984375,19.630218505859375
89,0.026885986328125,19.6571044921875
90,0.0258636474609375,19.682968139648438
91,0.02484130859375,19.707809448242188
92,0.0249786376953125,19.7327880859375
93,0.024139404296875,19.756927490234375
94,0.023468017578125,19.7803955078125
95,0.022796630859375,19.803192138671875
96,0.0228424072265625,19.826034545898438
97,0.0216217041015625,19.84765625
98,0.021575927734375,19.869232177734375
99,0.020294189453125,19.8895263671875
100,0.020477294921875,19.910003662109375
101,0.0194854736328125,19.929489135742188
102,0.019561767578125,19.949050903320312
103,0.0183563232421875,19.9674072265625
104,0.01904296875,19.9864501953125
105,0.0177001953125,20.004150390625
106,0.0180206298828125,20.022171020507812
107,0.017242431640625,20.039413452148438
108,0.01727294921875,20.056686401367188
109,0.016204833984375,20.072891235351562
110,0.0163726806640625,20.089263916015625
111,0.015411376953125,20.10467529296875
112,0.01556396484375,20.1202392578125
113,0.01496124267578125,20.13520050048828
114,0.014892578125,20.15009307861328
115,0.0144195556640625,20.164512634277344
116,0.01419830322265625,20.1787109375
117,0.0137786865234375,20.192489624023438
118,0.01345062255859375,20.20594024658203
119,0.01335906982421875,20.21929931640625
120,0.0128936767578125,20.232192993164062
121,0.012603759765625,20.244796752929688
122,0.012298583984375,20.257095336914062
123,0.01206207275390625,20.26915740966797
124,0.01197052001953125,20.2811279296875
125,0.0116729736328125,20.292800903320312
126,0.01137542724609375,20.304176330566406
127,0.01116943359375,20.315345764160156
128,0.01104736328125,20.326393127441406
129,0.01068878173828125,20.337081909179688
130,0.01056671142578125,20.34764862060547
131,0.01018524169921875,20.357833862304688
132,0.01000213623046875,20.367835998535156
133,0.00981903076171875,20.377655029296875
134,0.0092315673828125,20.386886596679688
135,0.00939178466796875,20.396278381347656
136,0.0089111328125,20.405189514160156
137,0.00890350341796875,20.414093017578125
138,0.008575439453125,20.42266845703125
139,0.0086212158203125,20.431289672851562
140,0.0081634521484375,20.439453125
141,0.00838470458984375,20.447837829589844
142,0.00777435302734375,20.455612182617188
143,0.00795745849609375,20.46356964111328
144,0.00756072998046875,20.47113037109375
145,0.007617950439453125,20.478748321533203
146,0.00717926025390625,20.48592758178711
147,0.00763702392578125,20.49356460571289
148,0.006961822509765625,20.500526428222656
149,0.007305145263671875,20.507831573486328
150,0.00678253173828125,20.51461410522461
151,0.006923675537109375,20.52153778076172
152,0.00669097900390625,20.528228759765625
153,0.006610870361328125,20.534839630126953
154,0.0064849853515625,20.541324615478516
155,0.006244659423828125,20.547569274902344
156,0.006198883056640625,20.553768157958984
157,0.00592803955078125,20.559696197509766
158,0.0057525634765625,20.565448760986328
159,0.00567626953125,20.571125030517578
160,0.005619049072265625,20.576744079589844
161,0.005504608154296875,20.58224868774414
162,0.005245208740234375,20.587493896484375
163,0.0052490234375,20.592742919921875
164,0.00496673583984375,20.59770965576172
165,0.0050048828125,20.60271453857422
166,0.004756927490234375,20.607471466064453
167,0.004810333251953125,20.612281799316406
168,0.004428863525390625,20.616710662841797
169,0.004550933837890625,20.621261596679688
170,0.00432586669921875,20.625587463378906
171,0.00426483154296875,20.629852294921875
172,0.004138946533203125,20.633991241455078
173,0.004180908203125,20.638172149658203
174,0.004154205322265625,20.64232635498047
175,0.004161834716796875,20.646488189697266
176,0.00396728515625,20.650455474853516
177,0.00399017333984375,20.65444564819336
178,0.003826141357421875,20.65827178955078
179,0.003795623779296875,20.662067413330078
180,0.0036525726318359375,20.665719985961914
181,0.0037784576416015625,20.669498443603516
182,0.00345611572265625,20.672954559326172
183,0.0036258697509765625,20.67658042907715
184,0.003307342529296875,20.679887771606445
185,0.0034942626953125,20.683382034301758
186,0.003131866455078125,20.686513900756836
187,0.00336456298828125,20.689878463745117
188,0.00299835205078125,20.6928768157959
189,0.0032749176025390625,20.696151733398438
190,0.00290679931640625,20.699058532714844
191,0.003162384033203125,20.702220916748047
192,0.002758026123046875,20.704978942871094
193,0.002788543701171875,20.707767486572266
194,0.0029850006103515625,20.710752487182617
195,0.0026607513427734375,20.71341323852539
196,0.00278472900390625,20.716197967529297
197,0.0026378631591796875,20.718835830688477
198,0.0026187896728515625,20.721454620361328
199,0.0025501251220703125,20.7240047454834
200,0.002445220947265625,20.726449966430664
201,0.0023632049560546875,20.72881317138672
202,0.0024204254150390625,20.731233596801758
203,0.00229644775390625,20.733530044555664
204,0.00237274169921875,20.735902786254883
205,0.002262115478515625,20.7381649017334
206,0.0022869110107421875,20.74045181274414
207,0.0021495819091796875,20.74260139465332
208,0.0020961761474609375,20.74469757080078
209,0.0019893646240234375,20.746686935424805
210,0.00193023681640625,20.74861717224121
211,0.00188446044921875,20.75050163269043
212,0.001873016357421875,20.75237464904785
213,0.0018749237060546875,20.754249572753906
214,0.0018138885498046875,20.75606346130371
215,0.0017347335815429688,20.757798194885254
216,0.001697540283203125,20.759495735168457
217,0.0016803741455078125,20.761176109313965
218,0.0016965866088867188,20.76287269592285
219,0.001651763916015625,20.764524459838867
220,0.0016574859619140625,20.76618194580078
221,0.0015811920166015625,20.767763137817383
222,0.001598358154296875,20.76936149597168
223,0.0015392303466796875,20.77090072631836
224,0.0015506744384765625,20.772451400756836
225,0.0014886856079101562,20.773940086364746
226,0.001483917236328125,20.775424003601074
227,0.0014629364013671875,20.77688694000244
228,0.0014753341674804688,20.778362274169922
229,0.00141143798828125,20.779773712158203
230,0.0013971328735351562,20.78117084503174
231,0.0013284683227539062,20.782499313354492
232,0.0012941360473632812,20.783793449401855
233,0.0013074874877929688,20.78510093688965
234,0.0013027191162109375,20.78640365600586
235,0.001277923583984375,20.787681579589844
236,0.001262664794921875,20.788944244384766
237,0.0012302398681640625,20.79017448425293
238,0.0011959075927734375,20.791370391845703
239,0.0012006759643554688,20.79257106781006
240,0.0011701583862304688,20.79374122619629
241,0.00115203857421875,20.794893264770508
242,0.0011348724365234375,20.79602813720703
243,0.0011205673217773438,20.79714870452881
244,0.0011043548583984375,20.798253059387207
245,0.00109100341796875,20.799344062805176
246,0.0010814666748046875,20.80042552947998
247,0.0010595321655273438,20.801485061645508
248,0.0010690689086914062,20.8025541305542
249,0.0010547637939453125,20.803608894348145
250,0.0010385513305664062,20.80464744567871
251,0.0010328292846679688,20.80568027496338
252,0.001018524169921875,20.8066987991333
253,0.0009984970092773438,20.807697296142578
