step,loss,cumulative_loss_sum
1,3.220703125,3.220703125
2,3.220703125,6.44140625
3,3.220703125,9.662109375
4,3.220703125,12.8828125
5,3.220703125,16.103515625
6,3.220703125,19.32421875
7,3.04296875,22.3671875
8,2.861328125,25.228515625
9,2.681640625,27.91015625
10,2.50390625,30.4140625
11,2.357421875,32.771484375
12,2.21875,34.990234375
13,2.068359375,37.05859375
14,1.9072265625,38.9658203125
15,1.7353515625,40.701171875
16,1.5791015625,42.2802734375
17,1.447265625,43.7275390625
18,1.33203125,45.0595703125
19,1.234375,46.2939453125
20,1.1494140625,47.443359375
21,1.0751953125,48.5185546875
22,1.009765625,49.5283203125
23,0.9462890625,50.474609375
24,0.89501953125,51.36962890625
25,0.85205078125,52.2216796875
26,0.81689453125,53.03857421875
27,0.77587890625,53.814453125
28,0.7333984375,54.5478515625
29,0.69775390625,55.24560546875
30,0.66455078125,55.91015625
31,0.63330078125,56.54345703125
32,0.60546875,57.14892578125
33,0.57666015625,57.7255859375
34,0.5537109375,58.279296875
35,0.53369140625,58.81298828125
36,0.51171875,59.32470703125
37,0.490234375,59.81494140625
38,0.4736328125,60.28857421875
39,0.4541015625,60.74267578125
40,0.440185546875,61.182861328125
41,0.4208984375,61.603759765625
42,0.404296875,62.008056640625
43,0.38427734375,62.392333984375
44,0.37060546875,62.762939453125
45,0.354248046875,63.1171875
46,0.341552734375,63.458740234375
47,0.328857421875,63.78759765625
48,0.3125,64.10009765625
49,0.298583984375,64.398681640625
50,0.290283203125,64.68896484375
51,0.284423828125,64.973388671875
52,0.2685546875,65.241943359375
53,0.256591796875,65.49853515625
54,0.2476806640625,65.7462158203125
55,0.2381591796875,65.984375
56,0.2276611328125,66.2120361328125
57,0.2174072265625,66.429443359375
58,0.208984375,66.638427734375
59,0.20263671875,66.841064453125
60,0.1939697265625,67.0350341796875
61,0.188232421875,67.2232666015625
62,0.1807861328125,67.404052734375
63,0.17236328125,67.576416015625
64,0.1627197265625,67.7391357421875
65,0.156494140625,67.8956298828125
66,0.1510009765625,68.046630859375
67,0.146728515625,68.193359375
68,0.1435546875,68.3369140625
69,0.1390380859375,68.4759521484375
70,0.13525390625,68.6112060546875
71,0.1318359375,68.7430419921875
72,0.12646484375,68.8695068359375
73,0.1234130859375,68.992919921875
74,0.11834716796875,69.11126708984375
75,0.11395263671875,69.2252197265625
76,0.10919189453125,69.33441162109375
77,0.1060791015625,69.44049072265625
78,0.10198974609375,69.54248046875
79,0.09869384765625,69.64117431640625
80,0.095458984375,69.73663330078125
81,0.09185791015625,69.8284912109375
82,0.08941650390625,69.91790771484375
83,0.086669921875,70.00457763671875
84,0.0853271484375,70.08990478515625
85,0.0802001953125,70.17010498046875
86,0.0782470703125,70.24835205078125
87,0.07476806640625,70.3231201171875
88,0.073486328125,70.3966064453125
89,0.069580078125,70.4661865234375
90,0.067626953125,70.5338134765625
91,0.0648193359375,70.5986328125
92,0.063720703125,70.662353515625
93,0.06072998046875,70.72308349609375
94,0.059478759765625,70.78256225585938
95,0.05621337890625,70.83877563476562
96,0.054962158203125,70.89373779296875
97,0.05169677734375,70.9454345703125
98,0.05108642578125,70.99652099609375
99,0.048248291015625,71.04476928710938
100,0.0452880859375,71.09005737304688
101,0.04412841796875,71.13418579101562
102,0.04205322265625,71.17623901367188
103,0.03973388671875,71.21597290039062
104,0.038543701171875,71.2545166015625
105,0.036346435546875,71.29086303710938
106,0.0352783203125,71.32614135742188
107,0.033203125,71.35934448242188
108,0.03106689453125,71.39041137695312
109,0.029388427734375,71.4197998046875
110,0.0281219482421875,71.44792175292969
111,0.0263824462890625,71.47430419921875
112,0.025115966796875,71.49942016601562
113,0.0241241455078125,71.52354431152344
114,0.0235443115234375,71.54708862304688
115,0.022125244140625,71.5692138671875
116,0.02142333984375,71.59063720703125
117,0.0201568603515625,71.61079406738281
118,0.0194091796875,71.63020324707031
119,0.018310546875,71.64851379394531
120,0.0178985595703125,71.66641235351562
121,0.0165863037109375,71.68299865722656
122,0.0157623291015625,71.69876098632812
123,0.01500701904296875,71.7137680053711
124,0.01454925537109375,71.72831726074219
125,0.01375579833984375,71.74207305908203
126,0.01322174072265625,71.75529479980469
127,0.01244354248046875,71.76773834228516
128,0.0122222900390625,71.77996063232422
129,0.0113067626953125,71.79126739501953
130,0.01080322265625,71.80207061767578
131,0.01050567626953125,71.81257629394531
132,0.01021575927734375,71.82279205322266
133,0.00966644287109375,71.83245849609375
134,0.009490966796875,71.84194946289062
135,0.008941650390625,71.85089111328125
136,0.0087127685546875,71.85960388183594
137,0.0082244873046875,71.86782836914062
138,0.0079803466796875,71.87580871582031
139,0.00762939453125,71.88343811035156
140,0.007381439208984375,71.89081954956055
141,0.007110595703125,71.89793014526367
142,0.006900787353515625,71.90483093261719
143,0.00666046142578125,71.91149139404297
144,0.006465911865234375,71.9179573059082
145,0.006267547607421875,71.92422485351562
146,0.006103515625,71.93032836914062
147,0.00594329833984375,71.93627166748047
148,0.00577545166015625,71.94204711914062
149,0.0055694580078125,71.94761657714844
150,0.005512237548828125,71.95312881469727
151,0.00533294677734375,71.95846176147461
152,0.005199432373046875,71.96366119384766
153,0.005123138427734375,71.96878433227539
154,0.004993438720703125,71.9737777709961
155,0.00489044189453125,71.97866821289062
156,0.004810333251953125,71.98347854614258
157,0.004669189453125,71.9881477355957
158,0.004543304443359375,71.99269104003906
159,0.00447845458984375,71.9971694946289
160,0.004375457763671875,72.00154495239258
161,0.004283905029296875,72.00582885742188
162,0.004192352294921875,72.0100212097168
163,0.004154205322265625,72.01417541503906
164,0.004062652587890625,72.01823806762695
165,0.003971099853515625,72.02220916748047
166,0.00390625,72.02611541748047
167,0.003810882568359375,72.02992630004883
168,0.0037708282470703125,72.0336971282959
169,0.00373077392578125,72.03742790222168
170,0.0036373138427734375,72.04106521606445
171,0.003559112548828125,72.04462432861328
172,0.003498077392578125,72.04812240600586
173,0.0034503936767578125,72.05157279968262
174,0.003360748291015625,72.05493354797363
175,0.0033283233642578125,72.05826187133789
176,0.00327301025390625,72.0615348815918
177,0.0032291412353515625,72.06476402282715
178,0.0031642913818359375,72.06792831420898
179,0.00313568115234375,72.07106399536133
180,0.0030612945556640625,72.07412528991699
181,0.00301361083984375,72.07713890075684
182,0.00299072265625,72.08012962341309
183,0.0029239654541015625,72.08305358886719
184,0.0028934478759765625,72.08594703674316
185,0.002857208251953125,72.08880424499512
186,0.0028095245361328125,72.09161376953125
187,0.00276947021484375,72.0943832397461
188,0.0027408599853515625,72.09712409973145
189,0.0026950836181640625,72.09981918334961
190,0.0026645660400390625,72.10248374938965
191,0.0026187896728515625,72.1051025390625
192,0.00258636474609375,72.1076889038086
193,0.0025539398193359375,72.11024284362793
194,0.0025157928466796875,72.11275863647461
195,0.0025043487548828125,72.11526298522949
196,0.0024547576904296875,72.11771774291992
197,0.002429962158203125,72.12014770507812
198,0.002407073974609375,72.12255477905273
199,0.0023632049560546875,72.12491798400879
200,0.0023345947265625,72.12725257873535
201,0.0023097991943359375,72.12956237792969
202,0.0022830963134765625,72.13184547424316
203,0.0022716522216796875,72.13411712646484
204,0.002231597900390625,72.13634872436523
205,0.0022106170654296875,72.13855934143066
206,0.0021762847900390625,72.1407356262207
207,0.0021495819091796875,72.14288520812988
208,0.00212860107421875,72.1450138092041
209,0.0021038055419921875,72.1471176147461
210,0.0020694732666015625,72.1491870880127
211,0.002071380615234375,72.15125846862793
212,0.0020351409912109375,72.15329360961914
213,0.0020236968994140625,72.15531730651855
214,0.0020008087158203125,72.15731811523438
215,0.0019779205322265625,72.1592960357666
216,0.0019550323486328125,72.16125106811523
217,0.001918792724609375,72.16316986083984
218,0.0019130706787109375,72.16508293151855
219,0.0018949508666992188,72.16697788238525
220,0.0018749237060546875,72.16885280609131
221,0.001861572265625,72.17071437835693
222,0.0018310546875,72.17254543304443
223,0.0018253326416015625,72.17437076568604
224,0.0018014907836914062,72.17617225646973
225,0.0017948150634765625,72.1779670715332
226,0.0017633438110351562,72.17973041534424
227,0.0017461776733398438,72.18147659301758
228,0.0017232894897460938,72.18319988250732
229,0.0017147064208984375,72.18491458892822
230,0.0017061233520507812,72.18662071228027
231,0.0016918182373046875,72.18831253051758
232,0.0016679763793945312,72.18998050689697
233,0.00165557861328125,72.19163608551025
234,0.0016326904296875,72.19326877593994
235,0.0016279220581054688,72.19489669799805
236,0.0016107559204101562,72.19650745391846
237,0.0015935897827148438,72.19810104370117
238,0.0015764236450195312,72.19967746734619
239,0.0015621185302734375,72.20123958587646
240,0.0015468597412109375,72.20278644561768
241,0.0015430450439453125,72.20432949066162
242,0.0015325546264648438,72.20586204528809
243,0.00151824951171875,72.2073802947998
244,0.001491546630859375,72.20887184143066
245,0.0014772415161132812,72.21034908294678
246,0.0014791488647460938,72.21182823181152
247,0.0014543533325195312,72.21328258514404
248,0.0014505386352539062,72.2147331237793
249,0.0014400482177734375,72.21617317199707
250,0.0014257431030273438,72.2175989151001
251,0.0014057159423828125,72.21900463104248
252,0.0014028549194335938,72.22040748596191
253,0.0013895034790039062,72.22179698944092
254,0.0013751983642578125,72.22317218780518
255,0.001361846923828125,72.224534034729
256,0.0013561248779296875,72.22589015960693
257,0.0013427734375,72.22723293304443
258,0.0013303756713867188,72.22856330871582
259,0.0013303756713867188,72.2298936843872
260,0.0013170242309570312,72.23121070861816
261,0.00130462646484375,72.23251533508301
262,0.001285552978515625,72.23380088806152
263,0.0012769699096679688,72.23507785797119
264,0.0012750625610351562,72.23635292053223
265,0.0012617111206054688,72.23761463165283
266,0.00125885009765625,72.23887348175049
267,0.00124359130859375,72.24011707305908
268,0.0012416839599609375,72.24135875701904
269,0.0012226104736328125,72.24258136749268
270,0.0012197494506835938,72.24380111694336
271,0.0012044906616210938,72.24500560760498
272,0.001194000244140625,72.24619960784912
273,0.001190185546875,72.247389793396
274,0.001186370849609375,72.2485761642456
275,0.001178741455078125,72.24975490570068
276,0.001171112060546875,72.25092601776123
277,0.001163482666015625,72.25208950042725
278,0.0011587142944335938,72.25324821472168
279,0.0011510848999023438,72.25439929962158
280,0.0011386871337890625,72.25553798675537
281,0.0011320114135742188,72.25666999816895
282,0.0011281967163085938,72.25779819488525
283,0.0011129379272460938,72.2589111328125
284,0.0011091232299804688,72.26002025604248
285,0.0010938644409179688,72.2611141204834
286,0.0010919570922851562,72.26220607757568
287,0.0010852813720703125,72.26329135894775
288,0.0010814666748046875,72.26437282562256
289,0.00107574462890625,72.26544857025146
290,0.0010738372802734375,72.26652240753174
291,0.001064300537109375,72.26758670806885
292,0.0010547637939453125,72.2686414718628
293,0.0010471343994140625,72.2696886062622
294,0.0010471343994140625,72.27073574066162
295,0.0010366439819335938,72.27177238464355
296,0.0010309219360351562,72.27280330657959
297,0.0010232925415039062,72.2738265991211
298,0.0010223388671875,72.27484893798828
299,0.0010194778442382812,72.27586841583252
300,0.0010137557983398438,72.27688217163086
301,0.0010061264038085938,72.27788829803467
302,0.00099945068359375,72.27888774871826
