step,loss,cumulative_loss_sum
1,5.01953125,5.01953125
2,5.01953125,10.0390625
3,5.01953125,15.05859375
4,5.01953125,20.078125
5,5.01953125,25.09765625
6,5.01953125,30.1171875
7,5.01953125,35.13671875
8,4.66796875,39.8046875
9,4.359375,44.1640625
10,4.0625,48.2265625
11,3.751953125,51.978515625
12,3.458984375,55.4375
13,3.1015625,58.5390625
14,2.71484375,61.25390625
15,2.36328125,63.6171875
16,2.046875,65.6640625
17,1.7607421875,67.4248046875
18,1.548828125,68.9736328125
19,1.359375,70.3330078125
20,1.1953125,71.5283203125
21,1.060546875,72.5888671875
22,0.95263671875,73.54150390625
23,0.8505859375,74.39208984375
24,0.75830078125,75.150390625
25,0.67724609375,75.82763671875
26,0.58642578125,76.4140625
27,0.51611328125,76.93017578125
28,0.44775390625,77.3779296875
29,0.39794921875,77.77587890625
30,0.354736328125,78.130615234375
31,0.320556640625,78.451171875
32,0.28662109375,78.73779296875
33,0.257080078125,78.994873046875
34,0.2314453125,79.226318359375
35,0.2073974609375,79.4337158203125
36,0.1861572265625,79.619873046875
37,0.1668701171875,79.7867431640625
38,0.1474609375,79.9342041015625
39,0.1292724609375,80.0634765625
40,0.116943359375,80.180419921875
41,0.104248046875,80.28466796875
42,0.09344482421875,80.37811279296875
43,0.08660888671875,80.4647216796875
44,0.0787353515625,80.54345703125
45,0.07232666015625,80.61578369140625
46,0.0657958984375,80.68157958984375
47,0.06024169921875,80.7418212890625
48,0.0552978515625,80.797119140625
49,0.0511474609375,80.8482666015625
50,0.04718017578125,80.89544677734375
51,0.0433349609375,80.93878173828125
52,0.03973388671875,80.978515625
53,0.03643798828125,81.01495361328125
54,0.03387451171875,81.048828125
55,0.032318115234375,81.08114624023438
56,0.0301971435546875,81.11134338378906
57,0.028472900390625,81.13981628417969
58,0.026885986328125,81.16670227050781
59,0.0247802734375,81.19148254394531
60,0.023040771484375,81.21452331542969
61,0.0214996337890625,81.23602294921875
62,0.019683837890625,81.25570678710938
63,0.0182647705078125,81.27397155761719
64,0.016998291015625,81.29096984863281
65,0.0158843994140625,81.30685424804688
66,0.0146636962890625,81.32151794433594
67,0.0137481689453125,81.33526611328125
68,0.01293182373046875,81.34819793701172
69,0.01204681396484375,81.36024475097656
70,0.0112152099609375,81.3714599609375
71,0.01055145263671875,81.38201141357422
72,0.0098419189453125,81.39185333251953
73,0.00928497314453125,81.40113830566406
74,0.008758544921875,81.40989685058594
75,0.0084075927734375,81.41830444335938
76,0.00787353515625,81.42617797851562
77,0.007488250732421875,81.43366622924805
78,0.00711822509765625,81.4407844543457
79,0.0068817138671875,81.44766616821289
80,0.006458282470703125,81.4541244506836
81,0.006191253662109375,81.4603157043457
82,0.005916595458984375,81.46623229980469
83,0.005649566650390625,81.47188186645508
84,0.005420684814453125,81.47730255126953
85,0.005218505859375,81.4825210571289
86,0.00502777099609375,81.487548828125
87,0.004833221435546875,81.49238204956055
88,0.004669189453125,81.49705123901367
89,0.00453948974609375,81.50159072875977
90,0.004390716552734375,81.5059814453125
91,0.004253387451171875,81.51023483276367
92,0.004123687744140625,81.51435852050781
93,0.0040130615234375,81.51837158203125
94,0.00394439697265625,81.5223159790039
95,0.0038356781005859375,81.52615165710449
96,0.003734588623046875,81.52988624572754
97,0.0036258697509765625,81.53351211547852
98,0.003570556640625,81.53708267211914
99,0.0034694671630859375,81.54055213928223
100,0.003421783447265625,81.54397392272949
101,0.0033779144287109375,81.5473518371582
102,0.0032901763916015625,81.5506420135498
103,0.0031909942626953125,81.5538330078125
104,0.0031280517578125,81.55696105957031
105,0.003047943115234375,81.56000900268555
106,0.0030040740966796875,81.56301307678223
107,0.0029392242431640625,81.56595230102539
108,0.0028858184814453125,81.56883811950684
109,0.0028476715087890625,81.57168579101562
110,0.0027751922607421875,81.57446098327637
111,0.00272369384765625,81.57718467712402
112,0.002674102783203125,81.57985877990723
113,0.0026187896728515625,81.58247756958008
114,0.0025959014892578125,81.58507347106934
115,0.0025463104248046875,81.58761978149414
116,0.002513885498046875,81.59013366699219
117,0.00246429443359375,81.59259796142578
118,0.002429962158203125,81.59502792358398
119,0.002391815185546875,81.59741973876953
120,0.0023593902587890625,81.59977912902832
121,0.002315521240234375,81.60209465026855
122,0.00228118896484375,81.6043758392334
123,0.002246856689453125,81.60662269592285
124,0.0022125244140625,81.60883522033691
125,0.0021915435791015625,81.61102676391602
126,0.00213623046875,81.61316299438477
127,0.002117156982421875,81.61528015136719
128,0.002094268798828125,81.61737442016602
129,0.00206756591796875,81.61944198608398
130,0.002044677734375,81.62148666381836
131,0.0020351409912109375,81.62352180480957
132,0.0019969940185546875,81.62551879882812
133,0.0019683837890625,81.62748718261719
134,0.0019550323486328125,81.62944221496582
135,0.001918792724609375,81.63136100769043
136,0.0019063949584960938,81.63326740264893
137,0.0018701553344726562,81.6351375579834
138,0.0018339157104492188,81.63697147369385
139,0.0018110275268554688,81.6387825012207
140,0.001796722412109375,81.64057922363281
141,0.0017595291137695312,81.64233875274658
142,0.0017404556274414062,81.64407920837402
143,0.0017328262329101562,81.64581203460693
144,0.00170135498046875,81.6475133895874
145,0.0016908645629882812,81.64920425415039
146,0.0016584396362304688,81.65086269378662
147,0.00164794921875,81.65251064300537
148,0.001621246337890625,81.65413188934326
149,0.0016002655029296875,81.65573215484619
150,0.0015811920166015625,81.6573133468628
151,0.0015535354614257812,81.65886688232422
152,0.0015316009521484375,81.66039848327637
153,0.0015230178833007812,81.66192150115967
154,0.0015020370483398438,81.66342353820801
155,0.0014934539794921875,81.6649169921875
156,0.0014696121215820312,81.66638660430908
157,0.0014438629150390625,81.66783046722412
158,0.0014286041259765625,81.6692590713501
159,0.0014104843139648438,81.67066955566406
160,0.0013980865478515625,81.67206764221191
161,0.0013914108276367188,81.67345905303955
162,0.0013837814331054688,81.67484283447266
163,0.0013666152954101562,81.67620944976807
164,0.0013380050659179688,81.67754745483398
165,0.0013265609741210938,81.6788740158081
166,0.001312255859375,81.68018627166748
167,0.0012865066528320312,81.68147277832031
168,0.0012836456298828125,81.6827564239502
169,0.0012760162353515625,81.68403244018555
170,0.0012655258178710938,81.68529796600342
171,0.0012493133544921875,81.68654727935791
172,0.0012407302856445312,81.68778800964355
173,0.0012216567993164062,81.68900966644287
174,0.0012226104736328125,81.6902322769165
175,0.0011987686157226562,81.69143104553223
176,0.0011911392211914062,81.69262218475342
177,0.0011892318725585938,81.69381141662598
178,0.0011768341064453125,81.69498825073242
179,0.0011606216430664062,81.69614887237549
180,0.00115203857421875,81.6973009109497
181,0.001140594482421875,81.69844150543213
182,0.00113677978515625,81.69957828521729
183,0.001129150390625,81.70070743560791
184,0.00112152099609375,81.701828956604
185,0.00110626220703125,81.70293521881104
186,0.0010986328125,81.70403385162354
187,0.0010862350463867188,81.70512008666992
188,0.0010843276977539062,81.70620441436768
189,0.0010671615600585938,81.70727157592773
190,0.0010595321655273438,81.70833110809326
191,0.0010528564453125,81.70938396453857
192,0.0010499954223632812,81.71043395996094
193,0.00103759765625,81.71147155761719
194,0.0010251998901367188,81.71249675750732
195,0.0010194778442382812,81.71351623535156
196,0.0010128021240234375,81.71452903747559
197,0.0010023117065429688,81.71553134918213
198,0.000995635986328125,81.71652698516846
