step,loss,cumulative_loss_sum
1,2.92578125,2.92578125
2,2.92578125,5.8515625
3,2.92578125,8.77734375
4,2.92578125,11.703125
5,2.92578125,14.62890625
6,2.92578125,17.5546875
7,2.810546875,20.365234375
8,2.69140625,23.056640625
9,2.5234375,25.580078125
10,2.375,27.955078125
11,2.224609375,30.1796875
12,2.138671875,32.318359375
13,2.099609375,34.41796875
14,2.037109375,36.455078125
15,1.9775390625,38.4326171875
16,1.9130859375,40.345703125
17,1.873046875,42.21875
18,1.8134765625,44.0322265625
19,1.7880859375,45.8203125
20,1.74609375,47.56640625
21,1.7275390625,49.2939453125
22,1.6767578125,50.970703125
23,1.6396484375,52.6103515625
24,1.5732421875,54.18359375
25,1.529296875,55.712890625
26,1.466796875,57.1796875
27,1.4033203125,58.5830078125
28,1.3349609375,59.91796875
29,1.2861328125,61.2041015625
30,1.265625,62.4697265625
31,1.2119140625,63.681640625
32,1.21875,64.900390625
33,1.1611328125,66.0615234375
34,1.15234375,67.2138671875
35,1.1044921875,68.318359375
36,1.0849609375,69.4033203125
37,1.0615234375,70.46484375
38,1.0498046875,71.5146484375
39,1.0205078125,72.53515625
40,1.013671875,73.548828125
41,0.98583984375,74.53466796875
42,0.970703125,75.50537109375
43,0.9453125,76.45068359375
44,0.9296875,77.38037109375
45,0.90966796875,78.2900390625
46,0.900390625,79.1904296875
47,0.87841796875,80.06884765625
48,0.87255859375,80.94140625
49,0.85107421875,81.79248046875
50,0.83740234375,82.6298828125
51,0.82421875,83.4541015625
52,0.81005859375,84.26416015625
53,0.79736328125,85.0615234375
54,0.783203125,85.8447265625
55,0.76611328125,86.61083984375
56,0.7568359375,87.36767578125
57,0.7392578125,88.10693359375
58,0.73046875,88.83740234375
59,0.71484375,89.55224609375
60,0.70654296875,90.2587890625
61,0.68701171875,90.94580078125
62,0.67919921875,91.625
63,0.66455078125,92.28955078125
64,0.6640625,92.95361328125
65,0.64501953125,93.5986328125
66,0.64208984375,94.24072265625
67,0.6240234375,94.86474609375
68,0.62255859375,95.4873046875
69,0.60546875,96.0927734375
70,0.60107421875,96.69384765625
71,0.58544921875,97.279296875
72,0.58056640625,97.85986328125
73,0.5634765625,98.42333984375
74,0.5556640625,98.97900390625
75,0.54248046875,99.521484375
76,0.53466796875,100.05615234375
77,0.52197265625,100.578125
78,0.51416015625,101.09228515625
79,0.5029296875,101.59521484375
80,0.495361328125,102.090576171875
81,0.48779296875,102.578369140625
82,0.476806640625,103.05517578125
83,0.4677734375,103.52294921875
84,0.459716796875,103.982666015625
85,0.450439453125,104.43310546875
86,0.44189453125,104.875
87,0.434814453125,105.309814453125
88,0.42236328125,105.732177734375
89,0.412353515625,106.14453125
90,0.40087890625,106.54541015625
91,0.3935546875,106.93896484375
92,0.384033203125,107.322998046875
93,0.3740234375,107.697021484375
94,0.369140625,108.066162109375
95,0.35693359375,108.423095703125
96,0.345458984375,108.7685546875
97,0.341796875,109.1103515625
98,0.3349609375,109.4453125
99,0.328369140625,109.773681640625
100,0.31591796875,110.089599609375
101,0.31494140625,110.404541015625
102,0.304443359375,110.708984375
103,0.300537109375,111.009521484375
104,0.29052734375,111.300048828125
105,0.286376953125,111.58642578125
106,0.27783203125,111.8642578125
107,0.27685546875,112.14111328125
108,0.265380859375,112.406494140625
109,0.262939453125,112.66943359375
110,0.2509765625,112.92041015625
111,0.25048828125,113.1708984375
112,0.240478515625,113.411376953125
113,0.238525390625,113.64990234375
114,0.225341796875,113.875244140625
115,0.2264404296875,114.1016845703125
116,0.213134765625,114.3148193359375
117,0.2132568359375,114.528076171875
118,0.199462890625,114.7275390625
119,0.1988525390625,114.9263916015625
120,0.1846923828125,115.111083984375
121,0.180908203125,115.2919921875
122,0.173583984375,115.465576171875
123,0.1661376953125,115.6317138671875
124,0.16162109375,115.7933349609375
125,0.15771484375,115.9510498046875
126,0.153564453125,116.1046142578125
127,0.15087890625,116.2554931640625
128,0.144775390625,116.4002685546875
129,0.143798828125,116.5440673828125
130,0.1375732421875,116.681640625
131,0.1368408203125,116.8184814453125
132,0.1298828125,116.9483642578125
133,0.1278076171875,117.076171875
134,0.12286376953125,117.19903564453125
135,0.12127685546875,117.3203125
136,0.11517333984375,117.43548583984375
137,0.114013671875,117.54949951171875
138,0.10821533203125,117.65771484375
139,0.10888671875,117.7666015625
140,0.103271484375,117.869873046875
141,0.1038818359375,117.9737548828125
142,0.09912109375,118.0728759765625
143,0.09912109375,118.1719970703125
144,0.09368896484375,118.26568603515625
145,0.095947265625,118.36163330078125
146,0.09051513671875,118.4521484375
147,0.09088134765625,118.54302978515625
148,0.085205078125,118.62823486328125
149,0.0860595703125,118.71429443359375
150,0.08111572265625,118.79541015625
151,0.08233642578125,118.87774658203125
152,0.07745361328125,118.9552001953125
153,0.078369140625,119.0335693359375
154,0.073486328125,119.1070556640625
155,0.07293701171875,119.17999267578125
156,0.07147216796875,119.25146484375
157,0.07012939453125,119.32159423828125
158,0.067626953125,119.38922119140625
159,0.06658935546875,119.455810546875
160,0.06439208984375,119.52020263671875
161,0.063232421875,119.58343505859375
162,0.061767578125,119.64520263671875
163,0.05999755859375,119.7052001953125
164,0.058868408203125,119.76406860351562
165,0.0570068359375,119.82107543945312
166,0.055938720703125,119.87701416015625
167,0.053802490234375,119.93081665039062
168,0.05377197265625,119.98458862304688
169,0.05126953125,120.03585815429688
170,0.050201416015625,120.0860595703125
171,0.047576904296875,120.13363647460938
172,0.04718017578125,120.18081665039062
173,0.0457763671875,120.22659301757812
174,0.045135498046875,120.271728515625
175,0.043121337890625,120.31484985351562
176,0.04266357421875,120.35751342773438
177,0.04071044921875,120.39822387695312
178,0.040557861328125,120.43878173828125
179,0.03887939453125,120.4776611328125
180,0.03802490234375,120.51568603515625
181,0.0369873046875,120.55267333984375
182,0.03643798828125,120.589111328125
183,0.03485107421875,120.62396240234375
184,0.034515380859375,120.65847778320312
185,0.03350830078125,120.69198608398438
186,0.033203125,120.72518920898438
187,0.031951904296875,120.75714111328125
188,0.031524658203125,120.78866577148438
189,0.03045654296875,120.81912231445312
190,0.0299835205078125,120.84910583496094
191,0.0289306640625,120.87803649902344
192,0.0283203125,120.90635681152344
193,0.027587890625,120.93394470214844
194,0.0271759033203125,120.96112060546875
195,0.0261993408203125,120.98731994628906
196,0.0257568359375,121.01307678222656
197,0.0246734619140625,121.03775024414062
198,0.0245513916015625,121.06230163574219
199,0.023406982421875,121.08570861816406
200,0.0232086181640625,121.10891723632812
201,0.02191162109375,121.13082885742188
202,0.021484375,121.15231323242188
203,0.0205841064453125,121.17289733886719
204,0.0201873779296875,121.19308471679688
205,0.0193328857421875,121.21241760253906
206,0.0187225341796875,121.23114013671875
207,0.0178070068359375,121.24894714355469
208,0.01702880859375,121.26597595214844
209,0.0159149169921875,121.28189086914062
210,0.01554107666015625,121.29743194580078
211,0.01471710205078125,121.31214904785156
212,0.0140380859375,121.32618713378906
213,0.01349639892578125,121.33968353271484
214,0.0131072998046875,121.35279083251953
215,0.01255035400390625,121.36534118652344
216,0.01215362548828125,121.37749481201172
217,0.0115966796875,121.38909149169922
218,0.01126861572265625,121.40036010742188
219,0.01092529296875,121.41128540039062
220,0.010498046875,121.42178344726562
221,0.01018524169921875,121.43196868896484
222,0.009765625,121.44173431396484
223,0.0094757080078125,121.45121002197266
224,0.00905609130859375,121.46026611328125
225,0.00872039794921875,121.46898651123047
226,0.008392333984375,121.47737884521484
227,0.0079803466796875,121.48535919189453
228,0.00772857666015625,121.49308776855469
229,0.0074615478515625,121.50054931640625
230,0.0072479248046875,121.50779724121094
231,0.007137298583984375,121.51493453979492
232,0.006927490234375,121.5218620300293
233,0.006649017333984375,121.52851104736328
234,0.00647735595703125,121.53498840332031
235,0.00634002685546875,121.54132843017578
236,0.0061798095703125,121.5475082397461
237,0.00600433349609375,121.55351257324219
238,0.005840301513671875,121.55935287475586
239,0.0057220458984375,121.5650749206543
240,0.005645751953125,121.57072067260742
241,0.005462646484375,121.5761833190918
242,0.005336761474609375,121.5815200805664
243,0.0052337646484375,121.58675384521484
244,0.0051422119140625,121.5918960571289
245,0.005054473876953125,121.59695053100586
246,0.004970550537109375,121.60192108154297
247,0.0048370361328125,121.60675811767578
248,0.00475311279296875,121.61151123046875
249,0.004638671875,121.61614990234375
250,0.004604339599609375,121.62075424194336
251,0.004489898681640625,121.625244140625
252,0.004428863525390625,121.62967300415039
253,0.0043182373046875,121.63399124145508
254,0.004283905029296875,121.63827514648438
255,0.00415802001953125,121.6424331665039
256,0.004146575927734375,121.64657974243164
257,0.004032135009765625,121.6506118774414
258,0.003997802734375,121.65460968017578
259,0.003936767578125,121.6585464477539
260,0.003925323486328125,121.66247177124023
261,0.0037937164306640625,121.6662654876709
262,0.003711700439453125,121.66997718811035
263,0.003662109375,121.67363929748535
264,0.0036411285400390625,121.67728042602539
265,0.0035610198974609375,121.68084144592285
266,0.003528594970703125,121.68437004089355
267,0.00347137451171875,121.68784141540527
268,0.0033969879150390625,121.69123840332031
269,0.0033740997314453125,121.69461250305176
270,0.003337860107421875,121.69795036315918
271,0.0032958984375,121.70124626159668
272,0.003246307373046875,121.70449256896973
273,0.0032100677490234375,121.70770263671875
274,0.0031490325927734375,121.71085166931152
275,0.003124237060546875,121.71397590637207
276,0.003082275390625,121.7170581817627
277,0.0030460357666015625,121.7201042175293
278,0.002994537353515625,121.72309875488281
279,0.0029544830322265625,121.72605323791504
280,0.0029468536376953125,121.72900009155273
281,0.0028934478759765625,121.73189353942871
282,0.00286865234375,121.73476219177246
283,0.0028057098388671875,121.73756790161133
284,0.0028095245361328125,121.74037742614746
285,0.002758026123046875,121.74313545227051
286,0.0027332305908203125,121.74586868286133
287,0.0027027130126953125,121.74857139587402
288,0.002658843994140625,121.75123023986816
289,0.0026226043701171875,121.75385284423828
290,0.0026035308837890625,121.75645637512207
291,0.0026035308837890625,121.75905990600586
292,0.0025844573974609375,121.76164436340332
293,0.00252532958984375,121.76416969299316
294,0.002513885498046875,121.76668357849121
295,0.002475738525390625,121.7691593170166
296,0.0024547576904296875,121.77161407470703
297,0.0024127960205078125,121.77402687072754
298,0.0024051666259765625,121.77643203735352
299,0.0023708343505859375,121.7788028717041
300,0.002349853515625,121.78115272521973
301,0.00232696533203125,121.78347969055176
302,0.0023097991943359375,121.7857894897461
303,0.0022792816162109375,121.7880687713623
304,0.002254486083984375,121.79032325744629
305,0.00223541259765625,121.79255867004395
306,0.00222015380859375,121.79477882385254
307,0.0022125244140625,121.7969913482666
308,0.0021839141845703125,121.79917526245117
309,0.0021533966064453125,121.80132865905762
310,0.0021457672119140625,121.80347442626953
311,0.0021266937255859375,121.80560111999512
312,0.002105712890625,121.80770683288574
313,0.0020904541015625,121.8097972869873
314,0.00205230712890625,121.81184959411621
315,0.00203704833984375,121.81388664245605
316,0.0020275115966796875,121.81591415405273
317,0.0019969940185546875,121.81791114807129
318,0.0019855499267578125,121.81989669799805
319,0.001979827880859375,121.8218765258789
320,0.0019502639770507812,121.82382678985596
321,0.0019254684448242188,121.82575225830078
322,0.0019140243530273438,121.82766628265381
323,0.0019054412841796875,121.82957172393799
324,0.0018825531005859375,121.83145427703857
325,0.001880645751953125,121.83333492279053
326,0.0018701553344726562,121.835205078125
327,0.001857757568359375,121.83706283569336
328,0.0018320083618164062,121.83889484405518
329,0.001819610595703125,121.84071445465088
330,0.0018072128295898438,121.84252166748047
331,0.00179290771484375,121.84431457519531
332,0.0017919540405273438,121.84610652923584
333,0.0017719268798828125,121.84787845611572
334,0.001758575439453125,121.84963703155518
335,0.0017309188842773438,121.85136795043945
336,0.0017261505126953125,121.85309410095215
337,0.0017194747924804688,121.85481357574463
338,0.00170135498046875,121.8565149307251
339,0.001678466796875,121.85819339752197
340,0.0016832351684570312,121.85987663269043
341,0.0016651153564453125,121.86154174804688
342,0.00165557861328125,121.86319732666016
343,0.0016422271728515625,121.86483955383301
344,0.0016393661499023438,121.86647891998291
345,0.0016126632690429688,121.86809158325195
346,0.0016164779663085938,121.86970806121826
347,0.0016088485717773438,121.87131690979004
348,0.0015878677368164062,121.87290477752686
349,0.0015764236450195312,121.87448120117188
350,0.0015697479248046875,121.87605094909668
351,0.0015621185302734375,121.87761306762695
352,0.001552581787109375,121.87916564941406
353,0.0015306472778320312,121.8806962966919
354,0.00153350830078125,121.88222980499268
355,0.00151824951171875,121.8837480545044
356,0.0015001296997070312,121.8852481842041
357,0.0014896392822265625,121.88673782348633
358,0.0014886856079101562,121.88822650909424
359,0.00147247314453125,121.88969898223877
360,0.0014657974243164062,121.89116477966309
361,0.001453399658203125,121.89261817932129
362,0.0014429092407226562,121.89406108856201
363,0.001434326171875,121.89549541473389
364,0.0014247894287109375,121.8969202041626
365,0.0014181137084960938,121.8983383178711
366,0.0014171600341796875,121.89975547790527
367,0.0014028549194335938,121.9011583328247
368,0.00140380859375,121.90256214141846
369,0.0013933181762695312,121.90395545959473
370,0.0013742446899414062,121.90532970428467
371,0.0013818740844726562,121.90671157836914
372,0.001369476318359375,121.9080810546875
373,0.0013513565063476562,121.90943241119385
374,0.0013408660888671875,121.91077327728271
375,0.0013341903686523438,121.91210746765137
376,0.0013265609741210938,121.91343402862549
377,0.0013265609741210938,121.91476058959961
378,0.001312255859375,121.91607284545898
379,0.0013151168823242188,121.91738796234131
380,0.0013055801391601562,121.91869354248047
381,0.0012979507446289062,121.9199914932251
382,0.0012826919555664062,121.92127418518066
383,0.0012798309326171875,121.92255401611328
384,0.0012655258178710938,121.92381954193115
385,0.00125885009765625,121.92507839202881
386,0.0012569427490234375,121.92633533477783
387,0.001251220703125,121.92758655548096
388,0.0012493133544921875,121.92883586883545
389,0.0012340545654296875,121.93006992340088
390,0.001232147216796875,121.93130207061768
391,0.0012264251708984375,121.93252849578857
392,0.001216888427734375,121.93374538421631
393,0.001209259033203125,121.93495464324951
394,0.00119781494140625,121.93615245819092
395,0.0011959075927734375,121.93734836578369
396,0.001190185546875,121.93853855133057
397,0.0011806488037109375,121.93971920013428
398,0.0011701583862304688,121.94088935852051
399,0.0011692047119140625,121.94205856323242
400,0.0011663436889648438,121.94322490692139
401,0.0011615753173828125,121.94438648223877
402,0.0011568069458007812,121.94554328918457
403,0.0011434555053710938,121.94668674468994
404,0.0011434555053710938,121.94783020019531
405,0.0011377334594726562,121.94896793365479
406,0.0011262893676757812,121.95009422302246
407,0.001129150390625,121.95122337341309
408,0.0011234283447265625,121.95234680175781
409,0.0011148452758789062,121.95346164703369
410,0.001110076904296875,121.95457172393799
411,0.0010967254638671875,121.95566844940186
412,0.001094818115234375,121.95676326751709
413,0.001087188720703125,121.9578504562378
414,0.0010890960693359375,121.95893955230713
415,0.0010890960693359375,121.96002864837646
416,0.0010738372802734375,121.96110248565674
417,0.0010671615600585938,121.9621696472168
418,0.0010595321655273438,121.96322917938232
419,0.001056671142578125,121.9642858505249
420,0.0010528564453125,121.96533870697021
421,0.0010585784912109375,121.96639728546143
422,0.0010461807250976562,121.96744346618652
423,0.0010385513305664062,121.96848201751709
424,0.0010423660278320312,121.96952438354492
425,0.001026153564453125,121.97055053710938
426,0.0010251998901367188,121.97157573699951
427,0.0010175704956054688,121.97259330749512
428,0.0010099411010742188,121.97360324859619
429,0.0010023117065429688,121.97460556030273
430,0.001003265380859375,121.9756088256836
431,0.0009937286376953125,121.97660255432129
