step,loss,cumulative_loss_sum
1,3.234375,3.234375
2,3.234375,6.46875
3,3.234375,9.703125
4,3.234375,12.9375
5,3.234375,16.171875
6,3.234375,19.40625
7,3.234375,22.640625
8,2.91796875,25.55859375
9,2.75390625,28.3125
10,2.578125,30.890625
11,2.484375,33.375
12,2.30859375,35.68359375
13,2.24609375,37.9296875
14,2.197265625,40.126953125
15,2.15625,42.283203125
16,2.09375,44.376953125
17,2.0625,46.439453125
18,2.00390625,48.443359375
19,1.978515625,50.421875
20,1.919921875,52.341796875
21,1.90234375,54.244140625
22,1.8544921875,56.0986328125
23,1.81640625,57.9150390625
24,1.779296875,59.6943359375
25,1.7431640625,61.4375
26,1.7060546875,63.1435546875
27,1.6787109375,64.822265625
28,1.62109375,66.443359375
29,1.611328125,68.0546875
30,1.5595703125,69.6142578125
31,1.5439453125,71.158203125
32,1.505859375,72.6640625
33,1.484375,74.1484375
34,1.4404296875,75.5888671875
35,1.421875,77.0107421875
36,1.392578125,78.4033203125
37,1.3681640625,79.771484375
38,1.33984375,81.111328125
39,1.3076171875,82.4189453125
40,1.29296875,83.7119140625
41,1.2529296875,84.96484375
42,1.23828125,86.203125
43,1.20703125,87.41015625
44,1.1962890625,88.6064453125
45,1.1591796875,89.765625
46,1.1279296875,90.8935546875
47,1.099609375,91.9931640625
48,1.0810546875,93.07421875
49,1.0498046875,94.1240234375
50,1.0068359375,95.130859375
51,0.98828125,96.119140625
52,0.95263671875,97.07177734375
53,0.92724609375,97.9990234375
54,0.900390625,98.8994140625
55,0.87744140625,99.77685546875
56,0.8330078125,100.60986328125
57,0.82177734375,101.431640625
58,0.78955078125,102.22119140625
59,0.77099609375,102.9921875
60,0.74072265625,103.73291015625
61,0.70654296875,104.439453125
62,0.69677734375,105.13623046875
63,0.673828125,105.81005859375
64,0.64794921875,106.4580078125
65,0.6162109375,107.07421875
66,0.60107421875,107.67529296875
67,0.5888671875,108.26416015625
68,0.55810546875,108.822265625
69,0.5361328125,109.3583984375
70,0.51953125,109.8779296875
71,0.50732421875,110.38525390625
72,0.484619140625,110.869873046875
73,0.477294921875,111.34716796875
74,0.454833984375,111.802001953125
75,0.4453125,112.247314453125
76,0.41943359375,112.666748046875
77,0.4130859375,113.079833984375
78,0.395263671875,113.47509765625
79,0.385009765625,113.860107421875
80,0.3720703125,114.232177734375
81,0.36865234375,114.600830078125
82,0.349609375,114.950439453125
83,0.34765625,115.298095703125
84,0.33154296875,115.629638671875
85,0.33056640625,115.960205078125
86,0.3095703125,116.269775390625
87,0.306640625,116.576416015625
88,0.29443359375,116.870849609375
89,0.284423828125,117.1552734375
90,0.26953125,117.4248046875
91,0.2666015625,117.69140625
92,0.25048828125,117.94189453125
93,0.2440185546875,118.1859130859375
94,0.23388671875,118.4197998046875
95,0.2196044921875,118.639404296875
96,0.2156982421875,118.8551025390625
97,0.197265625,119.0523681640625
98,0.194580078125,119.2469482421875
99,0.18603515625,119.4329833984375
100,0.182373046875,119.6153564453125
101,0.1673583984375,119.78271484375
102,0.162841796875,119.945556640625
103,0.1549072265625,120.1004638671875
104,0.1546630859375,120.255126953125
105,0.1414794921875,120.3966064453125
106,0.1378173828125,120.534423828125
107,0.132568359375,120.6669921875
108,0.1302490234375,120.7972412109375
109,0.12109375,120.9183349609375
110,0.1182861328125,121.03662109375
111,0.112548828125,121.149169921875
112,0.10882568359375,121.25799560546875
113,0.10040283203125,121.3583984375
114,0.09954833984375,121.45794677734375
115,0.090576171875,121.54852294921875
116,0.09014892578125,121.638671875
117,0.08270263671875,121.72137451171875
118,0.08074951171875,121.8021240234375
119,0.07476806640625,121.87689208984375
120,0.07470703125,121.95159912109375
121,0.0677490234375,122.01934814453125
122,0.06494140625,122.08428955078125
123,0.06524658203125,122.1495361328125
124,0.06134033203125,122.21087646484375
125,0.059478759765625,122.27035522460938
126,0.058563232421875,122.32891845703125
127,0.05206298828125,122.3809814453125
128,0.052398681640625,122.43338012695312
129,0.0474853515625,122.48086547851562
130,0.0477294921875,122.52859497070312
131,0.04229736328125,122.57089233398438
132,0.04376220703125,122.61465454101562
133,0.03887939453125,122.65353393554688
134,0.03936767578125,122.69290161132812
135,0.0355224609375,122.72842407226562
136,0.03564453125,122.76406860351562
137,0.032440185546875,122.7965087890625
138,0.03265380859375,122.82916259765625
139,0.03009033203125,122.8592529296875
140,0.0276336669921875,122.88688659667969
141,0.0265655517578125,122.9134521484375
142,0.02520751953125,122.93865966796875
143,0.0244140625,122.96307373046875
144,0.023284912109375,122.98635864257812
145,0.0223388671875,123.00869750976562
146,0.02197265625,123.03067016601562
147,0.0206451416015625,123.05131530761719
148,0.02056884765625,123.07188415527344
149,0.0189971923828125,123.09088134765625
150,0.018890380859375,123.10977172851562
151,0.0175018310546875,123.12727355957031
152,0.017822265625,123.14509582519531
153,0.01593017578125,123.16102600097656
154,0.0165252685546875,123.17755126953125
155,0.01479339599609375,123.19234466552734
156,0.01525115966796875,123.20759582519531
157,0.013458251953125,123.22105407714844
158,0.013763427734375,123.23481750488281
159,0.0126190185546875,123.2474365234375
160,0.01287078857421875,123.26030731201172
161,0.0116119384765625,123.27191925048828
162,0.01204681396484375,123.28396606445312
163,0.01100921630859375,123.29497528076172
164,0.0108184814453125,123.30579376220703
165,0.01027679443359375,123.31607055664062
166,0.0102386474609375,123.32630920410156
167,0.009552001953125,123.33586120605469
168,0.009552001953125,123.34541320800781
169,0.0090789794921875,123.3544921875
170,0.00899505615234375,123.36348724365234
171,0.00848388671875,123.3719711303711
172,0.0083770751953125,123.3803482055664
173,0.0079345703125,123.3882827758789
174,0.0078582763671875,123.3961410522461
175,0.0074005126953125,123.4035415649414
176,0.007335662841796875,123.4108772277832
177,0.006694793701171875,123.41757202148438
178,0.006557464599609375,123.42412948608398
179,0.00643157958984375,123.43056106567383
180,0.00611114501953125,123.43667221069336
181,0.005779266357421875,123.44245147705078
182,0.005626678466796875,123.44807815551758
183,0.00537109375,123.45344924926758
184,0.005229949951171875,123.45867919921875
185,0.005035400390625,123.46371459960938
186,0.004856109619140625,123.46857070922852
187,0.0047760009765625,123.47334671020508
188,0.004573822021484375,123.47792053222656
189,0.004520416259765625,123.48244094848633
190,0.0042572021484375,123.48669815063477
191,0.00431060791015625,123.49100875854492
192,0.004032135009765625,123.49504089355469
193,0.004055023193359375,123.49909591674805
194,0.003749847412109375,123.50284576416016
195,0.0037059783935546875,123.50655174255371
196,0.0036029815673828125,123.5101547241211
197,0.003391265869140625,123.51354598999023
198,0.003162384033203125,123.51670837402344
199,0.003116607666015625,123.51982498168945
200,0.0030155181884765625,123.52284049987793
201,0.0029201507568359375,123.52576065063477
202,0.0029163360595703125,123.52867698669434
203,0.0027446746826171875,123.53142166137695
204,0.0027065277099609375,123.53412818908691
205,0.0027370452880859375,123.536865234375
206,0.0026645660400390625,123.53952980041504
207,0.00252532958984375,123.54205513000488
208,0.0024585723876953125,123.54451370239258
209,0.0024566650390625,123.54697036743164
210,0.0023937225341796875,123.54936408996582
211,0.0023956298828125,123.55175971984863
212,0.00231170654296875,123.5540714263916
213,0.0022640228271484375,123.55633544921875
214,0.002132415771484375,123.55846786499023
215,0.0020656585693359375,123.56053352355957
216,0.0020160675048828125,123.56254959106445
217,0.001987457275390625,123.56453704833984
218,0.0019359588623046875,123.56647300720215
219,0.00191497802734375,123.56838798522949
220,0.001873016357421875,123.57026100158691
221,0.0018129348754882812,123.5720739364624
222,0.0017910003662109375,123.57386493682861
223,0.0017518997192382812,123.57561683654785
224,0.0017290115356445312,123.5773458480835
225,0.0016984939575195312,123.57904434204102
226,0.0016880035400390625,123.58073234558105
227,0.0016765594482421875,123.5824089050293
228,0.001659393310546875,123.58406829833984
229,0.001636505126953125,123.5857048034668
230,0.001636505126953125,123.58734130859375
231,0.0015659332275390625,123.58890724182129
232,0.0015535354614257812,123.59046077728271
233,0.0015344619750976562,123.59199523925781
234,0.0015125274658203125,123.59350776672363
235,0.0014810562133789062,123.59498882293701
236,0.0014791488647460938,123.59646797180176
237,0.001438140869140625,123.5979061126709
238,0.001415252685546875,123.59932136535645
239,0.0013885498046875,123.60070991516113
240,0.0013780593872070312,123.60208797454834
241,0.001361846923828125,123.60344982147217
242,0.0013427734375,123.60479259490967
243,0.0013341903686523438,123.60612678527832
244,0.0013170242309570312,123.60744380950928
245,0.0012979507446289062,123.6087417602539
246,0.0012826919555664062,123.61002445220947
247,0.0012722015380859375,123.61129665374756
248,0.001255035400390625,123.61255168914795
249,0.0012445449829101562,123.61379623413086
250,0.001220703125,123.61501693725586
251,0.0012178421020507812,123.61623477935791
252,0.0011997222900390625,123.61743450164795
253,0.0011882781982421875,123.61862277984619
254,0.0011749267578125,123.619797706604
255,0.0011653900146484375,123.62096309661865
256,0.0011472702026367188,123.62211036682129
257,0.0011415481567382812,123.62325191497803
258,0.0011186599731445312,123.62437057495117
259,0.001117706298828125,123.62548828125
260,0.001117706298828125,123.62660598754883
261,0.0011148452758789062,123.6277208328247
262,0.0011005401611328125,123.62882137298584
263,0.0010938644409179688,123.62991523742676
264,0.00109100341796875,123.63100624084473
265,0.0010700225830078125,123.63207626342773
266,0.0010576248168945312,123.63313388824463
267,0.0010404586791992188,123.63417434692383
268,0.0010385513305664062,123.6352128982544
269,0.0010232925415039062,123.6362361907959
270,0.00101470947265625,123.63725090026855
271,0.001007080078125,123.63825798034668
272,0.0009975433349609375,123.63925552368164
