step,loss,cumulative_loss_sum
1,3.966796875,3.966796875
2,3.966796875,7.93359375
3,3.966796875,11.900390625
4,3.966796875,15.8671875
5,3.966796875,19.833984375
6,3.966796875,23.80078125
7,3.814453125,27.615234375
8,3.66015625,31.275390625
9,3.529296875,34.8046875
10,3.392578125,38.197265625
11,3.271484375,41.46875
12,3.150390625,44.619140625
13,3.025390625,47.64453125
14,2.908203125,50.552734375
15,2.783203125,53.3359375
16,2.662109375,55.998046875
17,2.55078125,58.548828125
18,2.431640625,60.98046875
19,2.326171875,63.306640625
20,2.220703125,65.52734375
21,2.134765625,67.662109375
22,2.060546875,69.72265625
23,1.943359375,71.666015625
24,1.833984375,73.5
25,1.74609375,75.24609375
26,1.677734375,76.923828125
27,1.59765625,78.521484375
28,1.544921875,80.06640625
29,1.4638671875,81.5302734375
30,1.3935546875,82.923828125
31,1.318359375,84.2421875
32,1.25390625,85.49609375
33,1.189453125,86.685546875
34,1.1298828125,87.8154296875
35,1.0771484375,88.892578125
36,1.0205078125,89.9130859375
37,0.966796875,90.8798828125
38,0.912109375,91.7919921875
39,0.86083984375,92.65283203125
40,0.81689453125,93.4697265625
41,0.77197265625,94.24169921875
42,0.72900390625,94.970703125
43,0.68603515625,95.65673828125
44,0.64453125,96.30126953125
45,0.6005859375,96.90185546875
46,0.56201171875,97.4638671875
47,0.521484375,97.9853515625
48,0.48193359375,98.46728515625
49,0.456787109375,98.924072265625
50,0.4296875,99.353759765625
51,0.405029296875,99.7587890625
52,0.38427734375,100.14306640625
53,0.364013671875,100.507080078125
54,0.349609375,100.856689453125
55,0.33349609375,101.190185546875
56,0.323974609375,101.51416015625
57,0.306884765625,101.821044921875
58,0.300048828125,102.12109375
59,0.28466796875,102.40576171875
60,0.274658203125,102.680419921875
61,0.26318359375,102.943603515625
62,0.25390625,103.197509765625
63,0.238525390625,103.43603515625
64,0.2303466796875,103.6663818359375
65,0.222900390625,103.8892822265625
66,0.2159423828125,104.105224609375
67,0.2056884765625,104.3109130859375
68,0.1998291015625,104.5107421875
69,0.1932373046875,104.7039794921875
70,0.18701171875,104.8909912109375
71,0.178466796875,105.0694580078125
72,0.175537109375,105.2449951171875
73,0.1656494140625,105.41064453125
74,0.1629638671875,105.5736083984375
75,0.1513671875,105.7249755859375
76,0.1495361328125,105.87451171875
77,0.1392822265625,106.0137939453125
78,0.13525390625,106.1490478515625
79,0.1295166015625,106.278564453125
80,0.1273193359375,106.4058837890625
81,0.11846923828125,106.52435302734375
82,0.11737060546875,106.6417236328125
83,0.1103515625,106.7520751953125
84,0.10736083984375,106.85943603515625
85,0.10150146484375,106.9609375
86,0.099609375,107.060546875
87,0.09320068359375,107.15374755859375
88,0.09283447265625,107.24658203125
89,0.0863037109375,107.3328857421875
90,0.085693359375,107.4185791015625
91,0.07989501953125,107.49847412109375
92,0.07733154296875,107.5758056640625
93,0.0740966796875,107.64990234375
94,0.07305908203125,107.72296142578125
95,0.06976318359375,107.792724609375
96,0.066650390625,107.859375
97,0.06378173828125,107.92315673828125
98,0.061004638671875,107.98416137695312
99,0.058258056640625,108.04241943359375
100,0.05596923828125,108.098388671875
101,0.05322265625,108.151611328125
102,0.050872802734375,108.20248413085938
103,0.048553466796875,108.25103759765625
104,0.046630859375,108.29766845703125
105,0.044769287109375,108.34243774414062
106,0.042816162109375,108.38525390625
107,0.0411376953125,108.4263916015625
108,0.0391845703125,108.465576171875
109,0.0377197265625,108.5032958984375
110,0.035614013671875,108.53890991210938
111,0.033782958984375,108.57269287109375
112,0.0323486328125,108.60504150390625
113,0.0313720703125,108.63641357421875
114,0.03009033203125,108.66650390625
115,0.0289306640625,108.6954345703125
116,0.028076171875,108.7235107421875
117,0.0269622802734375,108.75047302246094
118,0.026123046875,108.77659606933594
119,0.024810791015625,108.80140686035156
120,0.0236358642578125,108.82504272460938
121,0.0227508544921875,108.84779357910156
122,0.021453857421875,108.86924743652344
123,0.020599365234375,108.88984680175781
124,0.0198516845703125,108.90969848632812
125,0.0189971923828125,108.92869567871094
126,0.01800537109375,108.94670104980469
127,0.0174407958984375,108.96414184570312
128,0.016876220703125,108.98101806640625
129,0.015960693359375,108.99697875976562
130,0.01551055908203125,109.01248931884766
131,0.0145721435546875,109.02706146240234
132,0.01409149169921875,109.04115295410156
133,0.013336181640625,109.05448913574219
134,0.01285552978515625,109.06734466552734
135,0.01226806640625,109.0796127319336
136,0.01165008544921875,109.09126281738281
137,0.01116180419921875,109.10242462158203
138,0.01092529296875,109.11334991455078
139,0.0104217529296875,109.12377166748047
140,0.0100250244140625,109.13379669189453
141,0.00959014892578125,109.14338684082031
142,0.0091400146484375,109.15252685546875
143,0.00888824462890625,109.16141510009766
144,0.0086212158203125,109.17003631591797
145,0.008270263671875,109.17830657958984
146,0.0079345703125,109.18624114990234
147,0.0077362060546875,109.19397735595703
148,0.007480621337890625,109.20145797729492
149,0.00724029541015625,109.20869827270508
150,0.007015228271484375,109.21571350097656
151,0.006801605224609375,109.22251510620117
152,0.00664520263671875,109.22916030883789
153,0.006473541259765625,109.23563385009766
154,0.006282806396484375,109.24191665649414
155,0.006092071533203125,109.24800872802734
156,0.00598907470703125,109.25399780273438
157,0.005809783935546875,109.25980758666992
158,0.005687713623046875,109.26549530029297
159,0.005527496337890625,109.27102279663086
160,0.00542449951171875,109.27644729614258
161,0.005336761474609375,109.28178405761719
162,0.005191802978515625,109.2869758605957
163,0.0050811767578125,109.29205703735352
164,0.00494384765625,109.29700088500977
165,0.004894256591796875,109.30189514160156
166,0.004802703857421875,109.30669784545898
167,0.004688262939453125,109.31138610839844
168,0.004608154296875,109.31599426269531
169,0.0045318603515625,109.32052612304688
170,0.004459381103515625,109.32498550415039
171,0.004375457763671875,109.32936096191406
172,0.004329681396484375,109.33369064331055
173,0.004253387451171875,109.33794403076172
174,0.004146575927734375,109.34209060668945
175,0.004077911376953125,109.3461685180664
176,0.00402069091796875,109.35018920898438
177,0.00394439697265625,109.35413360595703
178,0.0039005279541015625,109.35803413391113
179,0.003818511962890625,109.36185264587402
180,0.003795623779296875,109.36564826965332
181,0.00372314453125,109.36937141418457
182,0.0036640167236328125,109.3730354309082
183,0.0035858154296875,109.37662124633789
184,0.00357818603515625,109.38019943237305
185,0.0035190582275390625,109.38371849060059
186,0.003448486328125,109.38716697692871
187,0.0034160614013671875,109.39058303833008
188,0.003376007080078125,109.39395904541016
189,0.00331878662109375,109.39727783203125
190,0.00328826904296875,109.40056610107422
191,0.0032444000244140625,109.40381050109863
192,0.003223419189453125,109.40703392028809
193,0.0031528472900390625,109.41018676757812
194,0.003131866455078125,109.4133186340332
195,0.00311279296875,109.41643142700195
196,0.0030498504638671875,109.41948127746582
197,0.0030231475830078125,109.42250442504883
198,0.0029850006103515625,109.42548942565918
199,0.0029697418212890625,109.42845916748047
200,0.002925872802734375,109.4313850402832
201,0.0028858184814453125,109.43427085876465
202,0.0028553009033203125,109.43712615966797
203,0.002811431884765625,109.43993759155273
204,0.002773284912109375,109.44271087646484
205,0.0027484893798828125,109.44545936584473
206,0.0027446746826171875,109.44820404052734
207,0.00272369384765625,109.450927734375
208,0.0026874542236328125,109.45361518859863
209,0.002651214599609375,109.45626640319824
210,0.0026378631591796875,109.45890426635742
211,0.0026149749755859375,109.46151924133301
212,0.0025844573974609375,109.46410369873047
213,0.0025482177734375,109.4666519165039
214,0.0025386810302734375,109.46919059753418
215,0.00250244140625,109.47169303894043
216,0.002468109130859375,109.47416114807129
217,0.002452850341796875,109.47661399841309
218,0.002429962158203125,109.47904396057129
219,0.002407073974609375,109.4814510345459
220,0.0023937225341796875,109.48384475708008
221,0.002361297607421875,109.4862060546875
222,0.0023288726806640625,109.48853492736816
223,0.00231170654296875,109.49084663391113
224,0.0022945404052734375,109.4931411743164
225,0.0022716522216796875,109.49541282653809
226,0.0022430419921875,109.49765586853027
227,0.002223968505859375,109.49987983703613
228,0.0022106170654296875,109.50209045410156
229,0.002178192138671875,109.50426864624023
230,0.0021686553955078125,109.50643730163574
231,0.00215911865234375,109.50859642028809
232,0.00212860107421875,109.5107250213623
233,0.00209808349609375,109.5128231048584
234,0.002086639404296875,109.5149097442627
235,0.0020751953125,109.5169849395752
236,0.0020599365234375,109.51904487609863
237,0.0020294189453125,109.52107429504395
238,0.0020294189453125,109.52310371398926
239,0.0020198822021484375,109.5251235961914
240,0.0019779205322265625,109.52710151672363
241,0.001964569091796875,109.52906608581543
242,0.0019397735595703125,109.531005859375
243,0.0019388198852539062,109.53294467926025
244,0.0019235610961914062,109.53486824035645
245,0.0019025802612304688,109.53677082061768
246,0.0018873214721679688,109.53865814208984
247,0.0018720626831054688,109.54053020477295
248,0.0018520355224609375,109.54238224029541
249,0.0018415451049804688,109.54422378540039
250,0.0018291473388671875,109.54605293273926
251,0.0018148422241210938,109.54786777496338
252,0.001804351806640625,109.54967212677002
253,0.001789093017578125,109.5514612197876
254,0.0017671585083007812,109.5532283782959
255,0.0017604827880859375,109.55498886108398
256,0.0017480850219726562,109.55673694610596
257,0.0017366409301757812,109.55847358703613
258,0.0017232894897460938,109.56019687652588
259,0.00170135498046875,109.56189823150635
260,0.00170135498046875,109.56359958648682
261,0.0016880035400390625,109.56528759002686
262,0.0016803741455078125,109.56696796417236
263,0.001667022705078125,109.56863498687744
264,0.0016489028930664062,109.57028388977051
265,0.0016460418701171875,109.57192993164062
266,0.0016374588012695312,109.5735673904419
267,0.0016231536865234375,109.57519054412842
268,0.0016012191772460938,109.57679176330566
269,0.0015964508056640625,109.57838821411133
270,0.0015859603881835938,109.57997417449951
271,0.0015850067138671875,109.58155918121338
272,0.0015659332275390625,109.58312511444092
273,0.0015516281127929688,109.58467674255371
274,0.001544952392578125,109.58622169494629
275,0.0015344619750976562,109.58775615692139
276,0.0015115737915039062,109.58926773071289
277,0.0015096664428710938,109.59077739715576
278,0.0015048980712890625,109.59228229522705
279,0.0014934539794921875,109.59377574920654
280,0.001483917236328125,109.59525966644287
281,0.0014734268188476562,109.59673309326172
282,0.0014657974243164062,109.59819889068604
283,0.0014543533325195312,109.59965324401855
284,0.0014352798461914062,109.60108852386475
285,0.0014276504516601562,109.6025161743164
286,0.0014257431030273438,109.60394191741943
287,0.00141143798828125,109.60535335540771
288,0.0013990402221679688,109.60675239562988
289,0.0013895034790039062,109.60814189910889
290,0.0013914108276367188,109.60953330993652
291,0.0013751983642578125,109.61090850830078
292,0.0013761520385742188,109.61228466033936
293,0.0013647079467773438,109.61364936828613
294,0.0013599395751953125,109.61500930786133
295,0.00135040283203125,109.61635971069336
296,0.0013360977172851562,109.61769580841064
297,0.001331329345703125,109.61902713775635
298,0.0013246536254882812,109.62035179138184
299,0.0013141632080078125,109.62166595458984
300,0.0013055801391601562,109.622971534729
301,0.0012979507446289062,109.62426948547363
302,0.0012941360473632812,109.625563621521
303,0.0012826919555664062,109.62684631347656
304,0.0012807846069335938,109.6281270980835
305,0.0012712478637695312,109.62939834594727
306,0.0012645721435546875,109.63066291809082
307,0.0012540817260742188,109.6319169998169
308,0.001239776611328125,109.63315677642822
309,0.0012407302856445312,109.63439750671387
310,0.0012331008911132812,109.63563060760498
311,0.0012226104736328125,109.63685321807861
312,0.0012226104736328125,109.63807582855225
313,0.0012235641479492188,109.6392993927002
314,0.001201629638671875,109.64050102233887
315,0.001209259033203125,109.64171028137207
316,0.0011997222900390625,109.64291000366211
317,0.0011920928955078125,109.64410209655762
318,0.0011844635009765625,109.6452865600586
319,0.0011768341064453125,109.64646339416504
320,0.00116729736328125,109.64763069152832
321,0.0011692047119140625,109.64879989624023
322,0.0011625289916992188,109.64996242523193
323,0.001155853271484375,109.65111827850342
324,0.001148223876953125,109.65226650238037
325,0.0011425018310546875,109.65340900421143
326,0.001140594482421875,109.65454959869385
327,0.001132965087890625,109.65568256378174
328,0.0011281967163085938,109.65681076049805
329,0.0011205673217773438,109.65793132781982
330,0.0011110305786132812,109.65904235839844
331,0.00110626220703125,109.66014862060547
332,0.0011072158813476562,109.66125583648682
333,0.00110626220703125,109.66236209869385
334,0.0010995864868164062,109.66346168518066
335,0.0010976791381835938,109.66455936431885
336,0.0010919570922851562,109.66565132141113
337,0.0010833740234375,109.66673469543457
338,0.0010805130004882812,109.66781520843506
339,0.0010700225830078125,109.66888523101807
340,0.0010709762573242188,109.66995620727539
341,0.0010633468627929688,109.67101955413818
342,0.0010652542114257812,109.67208480834961
343,0.0010509490966796875,109.67313575744629
344,0.0010442733764648438,109.67418003082275
345,0.0010433197021484375,109.6752233505249
346,0.0010442733764648438,109.67626762390137
347,0.0010423660278320312,109.6773099899292
348,0.0010433197021484375,109.67835330963135
349,0.0010213851928710938,109.67937469482422
350,0.0010194778442382812,109.68039417266846
351,0.00101470947265625,109.68140888214111
352,0.0010137557983398438,109.68242263793945
353,0.0010089874267578125,109.68343162536621
354,0.0010004043579101562,109.68443202972412
355,0.0009946823120117188,109.68542671203613
