step,loss,cumulative_loss_sum
1,3.603515625,3.603515625
2,3.603515625,7.20703125
3,3.603515625,10.810546875
4,3.603515625,14.4140625
5,3.603515625,18.017578125
6,3.603515625,21.62109375
7,3.603515625,25.224609375
8,3.328125,28.552734375
9,3.03125,31.583984375
10,2.6796875,34.263671875
11,2.310546875,36.57421875
12,1.9228515625,38.4970703125
13,1.669921875,40.1669921875
14,1.435546875,41.6025390625
15,1.2490234375,42.8515625
16,1.083984375,43.935546875
17,0.92724609375,44.86279296875
18,0.78515625,45.64794921875
19,0.68115234375,46.3291015625
20,0.58984375,46.9189453125
21,0.52197265625,47.44091796875
22,0.465576171875,47.906494140625
23,0.418701171875,48.3251953125
24,0.3828125,48.7080078125
25,0.3486328125,49.056640625
26,0.3212890625,49.3779296875
27,0.301513671875,49.679443359375
28,0.2783203125,49.957763671875
29,0.2578125,50.215576171875
30,0.24072265625,50.456298828125
31,0.2236328125,50.679931640625
32,0.2083740234375,50.8883056640625
33,0.19921875,51.0875244140625
34,0.187744140625,51.2752685546875
35,0.176025390625,51.4512939453125
36,0.171142578125,51.6224365234375
37,0.16162109375,51.7840576171875
38,0.15625,51.9403076171875
39,0.1485595703125,52.0888671875
40,0.142578125,52.2314453125
41,0.138916015625,52.370361328125
42,0.131591796875,52.501953125
43,0.12646484375,52.62841796875
44,0.12152099609375,52.74993896484375
45,0.1151123046875,52.86505126953125
46,0.1114501953125,52.97650146484375
47,0.10626220703125,53.082763671875
48,0.10284423828125,53.18560791015625
49,0.0977783203125,53.28338623046875
50,0.09149169921875,53.3748779296875
51,0.087890625,53.4627685546875
52,0.08392333984375,53.54669189453125
53,0.08111572265625,53.6278076171875
54,0.07745361328125,53.70526123046875
55,0.0728759765625,53.77813720703125
56,0.0697021484375,53.84783935546875
57,0.06756591796875,53.9154052734375
58,0.06463623046875,53.98004150390625
59,0.061614990234375,54.041656494140625
60,0.058807373046875,54.1004638671875
61,0.057037353515625,54.157501220703125
62,0.054901123046875,54.21240234375
63,0.05328369140625,54.26568603515625
64,0.05047607421875,54.316162109375
65,0.0484619140625,54.3646240234375
66,0.046356201171875,54.410980224609375
67,0.0439453125,54.454925537109375
68,0.04229736328125,54.497222900390625
69,0.04046630859375,54.537689208984375
70,0.038330078125,54.576019287109375
71,0.03753662109375,54.613555908203125
72,0.03582763671875,54.649383544921875
73,0.03436279296875,54.683746337890625
74,0.03271484375,54.716461181640625
75,0.031005859375,54.747467041015625
76,0.0293426513671875,54.77680969238281
77,0.027862548828125,54.80467224121094
78,0.02642822265625,54.83110046386719
79,0.0258026123046875,54.856903076171875
80,0.0247344970703125,54.88163757324219
81,0.0233917236328125,54.905029296875
82,0.022369384765625,54.927398681640625
83,0.0213623046875,54.948760986328125
84,0.0204620361328125,54.96922302246094
85,0.0196533203125,54.98887634277344
86,0.0188140869140625,55.0076904296875
87,0.0179595947265625,55.02565002441406
88,0.01715087890625,55.04280090332031
89,0.0162353515625,55.05903625488281
90,0.01552581787109375,55.074562072753906
91,0.01494598388671875,55.089508056640625
92,0.0145263671875,55.104034423828125
93,0.013763427734375,55.1177978515625
94,0.01316070556640625,55.130958557128906
95,0.0124664306640625,55.14342498779297
96,0.011993408203125,55.155418395996094
97,0.0115509033203125,55.166969299316406
98,0.01104736328125,55.178016662597656
99,0.01070404052734375,55.188720703125
100,0.01033782958984375,55.199058532714844
101,0.00994110107421875,55.20899963378906
102,0.00958251953125,55.21858215332031
103,0.0092315673828125,55.227813720703125
104,0.0090179443359375,55.23683166503906
105,0.008697509765625,55.24552917480469
106,0.0083770751953125,55.25390625
107,0.00812530517578125,55.26203155517578
108,0.00794219970703125,55.26997375488281
109,0.00775909423828125,55.277732849121094
110,0.007541656494140625,55.285274505615234
111,0.00726318359375,55.292537689208984
112,0.007099151611328125,55.29963684082031
113,0.00688934326171875,55.30652618408203
114,0.00669097900390625,55.31321716308594
115,0.006626129150390625,55.31984329223633
116,0.006412506103515625,55.326255798339844
117,0.00626373291015625,55.33251953125
118,0.00608062744140625,55.338600158691406
119,0.00594329833984375,55.34454345703125
120,0.005817413330078125,55.35036087036133
121,0.005687713623046875,55.356048583984375
122,0.00556182861328125,55.361610412597656
123,0.005435943603515625,55.36704635620117
124,0.005321502685546875,55.37236785888672
125,0.005237579345703125,55.37760543823242
126,0.005126953125,55.38273239135742
127,0.005046844482421875,55.387779235839844
128,0.00493621826171875,55.39271545410156
129,0.00482940673828125,55.397544860839844
130,0.0047607421875,55.402305603027344
131,0.0046539306640625,55.406959533691406
132,0.00458526611328125,55.41154479980469
133,0.004520416259765625,55.41606521606445
134,0.004451751708984375,55.42051696777344
135,0.00435638427734375,55.42487335205078
136,0.0042572021484375,55.42913055419922
137,0.0042266845703125,55.43335723876953
138,0.0041351318359375,55.43749237060547
139,0.004070281982421875,55.44156265258789
140,0.004016876220703125,55.445579528808594
141,0.00392913818359375,55.44950866699219
142,0.0038700103759765625,55.453378677368164
143,0.0038127899169921875,55.457191467285156
144,0.0037555694580078125,55.460947036743164
145,0.0037288665771484375,55.46467590332031
146,0.0036449432373046875,55.46832084655762
147,0.00359344482421875,55.471914291381836
148,0.0035400390625,55.475454330444336
149,0.003459930419921875,55.47891426086426
150,0.003437042236328125,55.482351303100586
151,0.0033855438232421875,55.48573684692383
152,0.003337860107421875,55.48907470703125
153,0.0032901763916015625,55.49236488342285
154,0.00324249267578125,55.49560737609863
155,0.003192901611328125,55.49880027770996
156,0.0031719207763671875,55.50197219848633
157,0.003124237060546875,55.505096435546875
158,0.003078460693359375,55.508174896240234
159,0.0030574798583984375,55.51123237609863
160,0.00299072265625,55.51422309875488
161,0.00296783447265625,55.51719093322754
162,0.002925872802734375,55.52011680603027
163,0.0028820037841796875,55.52299880981445
164,0.0028629302978515625,55.525861740112305
165,0.002819061279296875,55.5286808013916
166,0.0027980804443359375,55.53147888183594
167,0.002758026123046875,55.534236907958984
168,0.0027179718017578125,55.53695487976074
169,0.0026988983154296875,55.53965377807617
170,0.002658843994140625,55.54231262207031
171,0.0026378631591796875,55.54495048522949
172,0.0025997161865234375,55.547550201416016
173,0.002582550048828125,55.550132751464844
174,0.002544403076171875,55.552677154541016
175,0.0025234222412109375,55.55520057678223
176,0.0024890899658203125,55.55768966674805
177,0.0024700164794921875,55.56015968322754
178,0.002452850341796875,55.562612533569336
179,0.00243377685546875,55.565046310424805
180,0.002399444580078125,55.56744575500488
181,0.0023822784423828125,55.569828033447266
182,0.0023632049560546875,55.57219123840332
183,0.002330780029296875,55.57452201843262
184,0.00231170654296875,55.576833724975586
185,0.0022792816162109375,55.5791130065918
186,0.002277374267578125,55.581390380859375
187,0.0022449493408203125,55.583635330200195
188,0.0022296905517578125,55.58586502075195
189,0.002197265625,55.58806228637695
190,0.0021800994873046875,55.59024238586426
191,0.002162933349609375,55.59240531921387
192,0.002147674560546875,55.594552993774414
193,0.002132415771484375,55.5966854095459
194,0.002101898193359375,55.59878730773926
195,0.0020847320556640625,55.60087203979492
196,0.002056121826171875,55.602928161621094
197,0.0020427703857421875,55.604970932006836
198,0.0020275115966796875,55.606998443603516
199,0.0020122528076171875,55.60901069641113
200,0.001995086669921875,55.611005783081055
201,0.0019817352294921875,55.61298751831055
202,0.0019683837890625,55.61495590209961
203,0.001953125,55.61690902709961
204,0.0019254684448242188,55.618834495544434
205,0.001911163330078125,55.62074565887451
206,0.0018978118896484375,55.62264347076416
207,0.00186920166015625,55.624512672424316
208,0.0018558502197265625,55.62636852264404
209,0.0018434524536132812,55.628211975097656
210,0.0018167495727539062,55.63002872467041
211,0.0018033981323242188,55.631832122802734
212,0.0017910003662109375,55.633623123168945
213,0.0017642974853515625,55.6353874206543
214,0.0017518997192382812,55.637139320373535
215,0.001739501953125,55.63887882232666
216,0.001728057861328125,55.64060688018799
217,0.0017137527465820312,55.64232063293457
218,0.0017032623291015625,55.64402389526367
219,0.001689910888671875,55.645713806152344
220,0.0016775131225585938,55.6473913192749
221,0.0016651153564453125,55.64905643463135
222,0.0016536712646484375,55.650710105895996
223,0.0016422271728515625,55.65235233306885
224,0.001617431640625,55.65396976470947
225,0.001605987548828125,55.6555757522583
226,0.00159454345703125,55.65717029571533
227,0.0015707015991210938,55.65874099731445
228,0.0015716552734375,55.66031265258789
229,0.0015478134155273438,55.66186046600342
230,0.001537322998046875,55.663397789001465
231,0.00152587890625,55.664923667907715
232,0.001514434814453125,55.66643810272217
233,0.0015153884887695312,55.66795349121094
234,0.0015039443969726562,55.66945743560791
235,0.0014925003051757812,55.670949935913086
236,0.0014829635620117188,55.6724328994751
237,0.00147247314453125,55.67390537261963
238,0.001461029052734375,55.67536640167236
239,0.0014505386352539062,55.67681694030762
240,0.0014400482177734375,55.67825698852539
241,0.0014295578002929688,55.679686546325684
242,0.0014190673828125,55.681105613708496
243,0.0014085769653320312,55.68251419067383
244,0.0013990402221679688,55.683913230895996
245,0.0013885498046875,55.685301780700684
246,0.0013780593872070312,55.68667984008789
247,0.0013685226440429688,55.688048362731934
248,0.0013589859008789062,55.68940734863281
249,0.0013494491577148438,55.69075679779053
250,0.0013399124145507812,55.69209671020508
251,0.0013294219970703125,55.69342613220215
252,0.0013303756713867188,55.694756507873535
253,0.0013103485107421875,55.69606685638428
254,0.0013103485107421875,55.69737720489502
255,0.001300811767578125,55.6986780166626
256,0.0012912750244140625,55.69996929168701
257,0.0012826919555664062,55.70125198364258
258,0.0012731552124023438,55.70252513885498
259,0.0012540817260742188,55.703779220581055
260,0.0012540817260742188,55.70503330230713
261,0.0012454986572265625,55.706278800964355
262,0.0012454986572265625,55.70752429962158
263,0.0012359619140625,55.708760261535645
264,0.0012273788452148438,55.70998764038086
265,0.0012187957763671875,55.71120643615723
266,0.0012187957763671875,55.712425231933594
267,0.0012102127075195312,55.71363544464111
268,0.001201629638671875,55.714837074279785
269,0.0011920928955078125,55.71602916717529
270,0.0011844635009765625,55.71721363067627
271,0.0011749267578125,55.71838855743408
272,0.0011663436889648438,55.71955490112305
273,0.0011577606201171875,55.720712661743164
274,0.0011587142944335938,55.7218713760376
275,0.0011491775512695312,55.72302055358887
276,0.0011415481567382812,55.724162101745605
277,0.001132965087890625,55.725295066833496
278,0.0011243820190429688,55.72641944885254
279,0.001125335693359375,55.7275447845459
280,0.0011167526245117188,55.72866153717041
281,0.0011091232299804688,55.72977066040039
282,0.0011081695556640625,55.730878829956055
283,0.0011014938354492188,55.731980323791504
284,0.0010929107666015625,55.733073234558105
285,0.0010843276977539062,55.73415756225586
286,0.0010766983032226562,55.73523426055908
287,0.0010776519775390625,55.73631191253662
288,0.0010690689086914062,55.73738098144531
289,0.0010614395141601562,55.73844242095947
290,0.0010614395141601562,55.73950386047363
291,0.0010538101196289062,55.74055767059326
292,0.0010461807250976562,55.74160385131836
293,0.0010385513305664062,55.742642402648926
294,0.0010309219360351562,55.74367332458496
295,0.0010318756103515625,55.74470520019531
296,0.0010242462158203125,55.74572944641113
297,0.0010166168212890625,55.74674606323242
298,0.0010166168212890625,55.74776268005371
299,0.0010089874267578125,55.74877166748047
300,0.0010013580322265625,55.749773025512695
301,0.0010023117065429688,55.75077533721924
302,0.0009946823120117188,55.75177001953125
