step,loss,cumulative_loss_sum
1,5.66015625,5.66015625
2,5.66015625,11.3203125
3,5.66015625,16.98046875
4,5.66015625,22.640625
5,5.66015625,28.30078125
6,5.5390625,33.83984375
7,5.42578125,39.265625
8,5.31640625,44.58203125
9,5.1875,49.76953125
10,5.1875,54.95703125
11,5.05859375,60.015625
12,4.9296875,64.9453125
13,4.796875,69.7421875
14,4.6796875,74.421875
15,4.5625,78.984375
16,4.4453125,83.4296875
17,4.3203125,87.75
18,4.1953125,91.9453125
19,4.07421875,96.01953125
20,3.97265625,99.9921875
21,3.86328125,103.85546875
22,3.75390625,107.609375
23,3.65625,111.265625
24,3.5546875,114.8203125
25,3.4375,118.2578125
26,3.314453125,121.572265625
27,3.208984375,124.78125
28,3.083984375,127.865234375
29,2.9765625,130.841796875
30,2.849609375,133.69140625
31,2.73046875,136.421875
32,2.611328125,139.033203125
33,2.50390625,141.537109375
34,2.39453125,143.931640625
35,2.27734375,146.208984375
36,2.1640625,148.373046875
37,2.048828125,150.421875
38,1.931640625,152.353515625
39,1.828125,154.181640625
40,1.7275390625,155.9091796875
41,1.626953125,157.5361328125
42,1.5361328125,159.072265625
43,1.431640625,160.50390625
44,1.3427734375,161.8466796875
45,1.2431640625,163.08984375
46,1.1494140625,164.2392578125
47,1.0537109375,165.29296875
48,0.95947265625,166.25244140625
49,0.88330078125,167.1357421875
50,0.81298828125,167.94873046875
51,0.74951171875,168.6982421875
52,0.681640625,169.3798828125
53,0.62060546875,170.00048828125
54,0.5703125,170.57080078125
55,0.51904296875,171.08984375
56,0.478271484375,171.568115234375
57,0.434814453125,172.0029296875
58,0.402099609375,172.405029296875
59,0.366455078125,172.771484375
60,0.33642578125,173.10791015625
61,0.314697265625,173.422607421875
62,0.287353515625,173.7099609375
63,0.264404296875,173.974365234375
64,0.2440185546875,174.2183837890625
65,0.2230224609375,174.44140625
66,0.202392578125,174.643798828125
67,0.182373046875,174.826171875
68,0.166259765625,174.992431640625
69,0.15087890625,175.143310546875
70,0.13671875,175.280029296875
71,0.12432861328125,175.40435791015625
72,0.11328125,175.51763916015625
73,0.10284423828125,175.6204833984375
74,0.09307861328125,175.71356201171875
75,0.08551025390625,175.799072265625
76,0.07781982421875,175.87689208984375
77,0.0709228515625,175.94781494140625
78,0.065185546875,176.01300048828125
79,0.0595703125,176.07257080078125
80,0.054718017578125,176.12728881835938
81,0.050323486328125,176.1776123046875
82,0.046173095703125,176.22378540039062
83,0.04241943359375,176.26620483398438
84,0.03924560546875,176.30545043945312
85,0.0361328125,176.34158325195312
86,0.033721923828125,176.37530517578125
87,0.031219482421875,176.40652465820312
88,0.0287322998046875,176.4352569580078
89,0.0267791748046875,176.4620361328125
90,0.0247802734375,176.48681640625
91,0.0231170654296875,176.5099334716797
92,0.021270751953125,176.5312042236328
93,0.0199432373046875,176.5511474609375
94,0.01849365234375,176.56964111328125
95,0.017120361328125,176.58676147460938
96,0.0160675048828125,176.6028289794922
97,0.01488494873046875,176.61771392822266
98,0.01390838623046875,176.63162231445312
99,0.01294708251953125,176.64456939697266
100,0.01218414306640625,176.65675354003906
101,0.0114593505859375,176.668212890625
102,0.01091766357421875,176.67913055419922
103,0.01029205322265625,176.68942260742188
104,0.0098114013671875,176.69923400878906
105,0.00931549072265625,176.70854949951172
106,0.00888824462890625,176.71743774414062
107,0.008544921875,176.72598266601562
108,0.00815582275390625,176.73413848876953
109,0.0078582763671875,176.74199676513672
110,0.007617950439453125,176.74961471557617
111,0.00733184814453125,176.7569465637207
112,0.007061004638671875,176.76400756835938
113,0.00690460205078125,176.77091217041016
114,0.006641387939453125,176.7775535583496
115,0.00649261474609375,176.7840461730957
116,0.006259918212890625,176.7903060913086
117,0.006072998046875,176.79637908935547
118,0.005889892578125,176.8022689819336
119,0.00576019287109375,176.8080291748047
120,0.005584716796875,176.81361389160156
121,0.005458831787109375,176.81907272338867
122,0.0052947998046875,176.82436752319336
123,0.005176544189453125,176.8295440673828
124,0.005062103271484375,176.8346061706543
125,0.004917144775390625,176.8395233154297
126,0.004840850830078125,176.84436416625977
127,0.00469970703125,176.84906387329102
128,0.0045928955078125,176.85365676879883
129,0.004520416259765625,176.8581771850586
130,0.00441741943359375,176.8625946044922
131,0.0043182373046875,176.86691284179688
132,0.00421905517578125,176.87113189697266
133,0.00415802001953125,176.8752899169922
134,0.004058837890625,176.8793487548828
135,0.004001617431640625,176.88335037231445
136,0.003910064697265625,176.88726043701172
137,0.003849029541015625,176.89110946655273
138,0.003765106201171875,176.8948745727539
139,0.0037078857421875,176.8985824584961
140,0.003650665283203125,176.9022331237793
141,0.0035686492919921875,176.9058017730713
142,0.0035152435302734375,176.90931701660156
143,0.0034618377685546875,176.91277885437012
144,0.003414154052734375,176.91619300842285
145,0.0033416748046875,176.91953468322754
146,0.0032863616943359375,176.92282104492188
147,0.0032367706298828125,176.92605781555176
148,0.0032138824462890625,176.92927169799805
149,0.003139495849609375,176.93241119384766
150,0.0030918121337890625,176.93550300598145
151,0.0030460357666015625,176.93854904174805
152,0.00299835205078125,176.94154739379883
153,0.0029773712158203125,176.94452476501465
154,0.0029087066650390625,176.9474334716797
155,0.0028858184814453125,176.95031929016113
156,0.00284576416015625,176.9531650543213
157,0.00279998779296875,176.95596504211426
158,0.0027561187744140625,176.95872116088867
159,0.002735137939453125,176.96145629882812
160,0.00269317626953125,176.96414947509766
161,0.0026531219482421875,176.9668025970459
162,0.0026111602783203125,176.96941375732422
163,0.00257110595703125,176.97198486328125
164,0.002529144287109375,176.97451400756836
165,0.00251007080078125,176.97702407836914
166,0.002471923828125,176.97949600219727
167,0.00243377685546875,176.98192977905273
168,0.0024166107177734375,176.9843463897705
169,0.0023784637451171875,176.98672485351562
170,0.00234222412109375,176.98906707763672
171,0.0023250579833984375,176.99139213562012
172,0.0022907257080078125,176.99368286132812
173,0.0022563934326171875,176.99593925476074
174,0.002239227294921875,176.99817848205566
175,0.0022029876708984375,177.00038146972656
176,0.0021877288818359375,177.0025691986084
177,0.0021533966064453125,177.00472259521484
178,0.0021381378173828125,177.00686073303223
179,0.0021209716796875,177.0089817047119
180,0.0020885467529296875,177.01107025146484
181,0.0020732879638671875,177.0131435394287
182,0.0020427703857421875,177.01518630981445
183,0.0020294189453125,177.01721572875977
184,0.00201416015625,177.01922988891602
185,0.001983642578125,177.02121353149414
186,0.0019683837890625,177.0231819152832
187,0.001953125,177.0251350402832
188,0.0019388198852539062,177.02707386016846
189,0.0019235610961914062,177.02899742126465
190,0.0018949508666992188,177.03089237213135
191,0.001880645751953125,177.0327730178833
192,0.0018520355224609375,177.03462505340576
193,0.00183868408203125,177.0364637374878
194,0.0018253326416015625,177.0382890701294
195,0.001811981201171875,177.04010105133057
196,0.0017976760864257812,177.041898727417
197,0.00177001953125,177.04366874694824
198,0.001758575439453125,177.0454273223877
199,0.0017452239990234375,177.04717254638672
200,0.0017328262329101562,177.04890537261963
201,0.0017070770263671875,177.050612449646
202,0.0017070770263671875,177.05231952667236
203,0.0016946792602539062,177.05401420593262
204,0.0016689300537109375,177.05568313598633
205,0.0016574859619140625,177.05734062194824
206,0.0016450881958007812,177.05898571014404
207,0.0016336441040039062,177.06061935424805
208,0.001621246337890625,177.06224060058594
209,0.0016078948974609375,177.0638484954834
210,0.0015954971313476562,177.06544399261475
211,0.0015850067138671875,177.0670289993286
212,0.0015735626220703125,177.06860256195068
213,0.0015611648559570312,177.07016372680664
214,0.00154876708984375,177.07171249389648
215,0.0015268325805664062,177.07323932647705
216,0.001514434814453125,177.0747537612915
217,0.0015039443969726562,177.07625770568848
218,0.0014925003051757812,177.07775020599365
219,0.0014705657958984375,177.07922077178955
220,0.0014715194702148438,177.08069229125977
221,0.0014495849609375,177.0821418762207
222,0.0014486312866210938,177.08359050750732
223,0.001438140869140625,177.08502864837646
224,0.0014276504516601562,177.08645629882812
225,0.0014181137084960938,177.08787441253662
226,0.00139617919921875,177.08927059173584
227,0.00139617919921875,177.09066677093506
228,0.0013866424560546875,177.0920534133911
229,0.0013751983642578125,177.09342861175537
230,0.0013551712036132812,177.09478378295898
231,0.0013551712036132812,177.0961389541626
232,0.0013446807861328125,177.09748363494873
233,0.0013246536254882812,177.09880828857422
234,0.0013151168823242188,177.10012340545654
235,0.0013055801391601562,177.1014289855957
236,0.0013055801391601562,177.10273456573486
237,0.0012874603271484375,177.104022026062
238,0.0012760162353515625,177.10529804229736
239,0.001277923583984375,177.10657596588135
240,0.0012683868408203125,177.10784435272217
241,0.0012493133544921875,177.10909366607666
242,0.001239776611328125,177.110333442688
243,0.0012302398681640625,177.11156368255615
244,0.0012216567993164062,177.11278533935547
245,0.0012216567993164062,177.11400699615479
246,0.0012035369873046875,177.1152105331421
247,0.0011949539184570312,177.11640548706055
248,0.0011873245239257812,177.11759281158447
249,0.0011777877807617188,177.11877059936523
250,0.0011682510375976562,177.11993885040283
251,0.0011692047119140625,177.12110805511475
252,0.0011682510375976562,177.12227630615234
253,0.00115203857421875,177.12342834472656
254,0.0011510848999023438,177.12457942962646
255,0.0011425018310546875,177.12572193145752
256,0.0011339187622070312,177.12685585021973
257,0.001125335693359375,177.1279811859131
258,0.001117706298828125,177.1290988922119
259,0.0011091232299804688,177.1302080154419
260,0.0011014938354492188,177.13130950927734
261,0.0010919570922851562,177.13240146636963
262,0.0010929107666015625,177.13349437713623
263,0.0010938644409179688,177.13458824157715
264,0.0010852813720703125,177.13567352294922
265,0.0010776519775390625,177.13675117492676
266,0.0010690689086914062,177.13782024383545
267,0.00106048583984375,177.1388807296753
268,0.00106048583984375,177.13994121551514
269,0.0010519027709960938,177.14099311828613
270,0.00104522705078125,177.1420383453369
271,0.00104522705078125,177.1430835723877
272,0.00103759765625,177.14412117004395
273,0.00102996826171875,177.14515113830566
274,0.0010290145874023438,177.14618015289307
275,0.0010223388671875,177.14720249176025
276,0.0010213851928710938,177.14822387695312
277,0.0010137557983398438,177.14923763275146
278,0.001007080078125,177.1502447128296
279,0.0009918212890625,177.15123653411865
