step,loss,cumulative_loss_sum
1,3.642578125,3.642578125
2,3.642578125,7.28515625
3,3.642578125,10.927734375
4,3.642578125,14.5703125
5,3.642578125,18.212890625
6,3.642578125,21.85546875
7,3.642578125,25.498046875
8,3.361328125,28.859375
9,3.060546875,31.919921875
10,2.873046875,34.79296875
11,2.50390625,37.296875
12,2.50390625,39.80078125
13,2.16796875,41.96875
14,1.91796875,43.88671875
15,1.828125,45.71484375
16,1.783203125,47.498046875
17,1.7021484375,49.2001953125
18,1.6513671875,50.8515625
19,1.5751953125,52.4267578125
20,1.4921875,53.9189453125
21,1.3984375,55.3173828125
22,1.369140625,56.6865234375
23,1.326171875,58.0126953125
24,1.2880859375,59.30078125
25,1.216796875,60.517578125
26,1.1796875,61.697265625
27,1.1044921875,62.8017578125
28,1.126953125,63.9287109375
29,1.048828125,64.9775390625
30,1.0419921875,66.01953125
31,0.9765625,66.99609375
32,1.0078125,68.00390625
33,0.9345703125,68.9384765625
34,0.9599609375,69.8984375
35,0.89306640625,70.79150390625
36,0.8955078125,71.68701171875
37,0.84716796875,72.5341796875
38,0.86767578125,73.40185546875
39,0.80859375,74.21044921875
40,0.83154296875,75.0419921875
41,0.80224609375,75.84423828125
42,0.78564453125,76.6298828125
43,0.75634765625,77.38623046875
44,0.7568359375,78.14306640625
45,0.7236328125,78.86669921875
46,0.7275390625,79.59423828125
47,0.68359375,80.27783203125
48,0.68212890625,80.9599609375
49,0.6455078125,81.60546875
50,0.626953125,82.232421875
51,0.5986328125,82.8310546875
52,0.6044921875,83.435546875
53,0.61865234375,84.05419921875
54,0.578125,84.63232421875
55,0.56494140625,85.197265625
56,0.55859375,85.755859375
57,0.53759765625,86.29345703125
58,0.5361328125,86.82958984375
59,0.51025390625,87.33984375
60,0.49853515625,87.83837890625
61,0.50048828125,88.3388671875
62,0.4736328125,88.8125
63,0.462646484375,89.275146484375
64,0.4482421875,89.723388671875
65,0.44775390625,90.171142578125
66,0.42626953125,90.597412109375
67,0.42041015625,91.017822265625
68,0.399169921875,91.4169921875
69,0.392333984375,91.809326171875
70,0.38037109375,92.189697265625
71,0.381103515625,92.57080078125
72,0.36376953125,92.9345703125
73,0.342041015625,93.276611328125
74,0.338623046875,93.615234375
75,0.32080078125,93.93603515625
76,0.314453125,94.25048828125
77,0.297607421875,94.548095703125
78,0.29296875,94.841064453125
79,0.27978515625,95.120849609375
80,0.2734375,95.394287109375
81,0.26220703125,95.656494140625
82,0.252685546875,95.9091796875
83,0.2388916015625,96.1480712890625
84,0.23388671875,96.3819580078125
85,0.227294921875,96.6092529296875
86,0.2244873046875,96.833740234375
87,0.219970703125,97.0537109375
88,0.203857421875,97.257568359375
89,0.2086181640625,97.4661865234375
90,0.19482421875,97.6610107421875
91,0.188232421875,97.8492431640625
92,0.1824951171875,98.03173828125
93,0.1767578125,98.20849609375
94,0.16455078125,98.373046875
95,0.1630859375,98.5361328125
96,0.15771484375,98.69384765625
97,0.1536865234375,98.8475341796875
98,0.1483154296875,98.995849609375
99,0.1436767578125,99.1395263671875
100,0.1409912109375,99.280517578125
101,0.13427734375,99.414794921875
102,0.1304931640625,99.5452880859375
103,0.1279296875,99.6732177734375
104,0.11993408203125,99.79315185546875
105,0.1192626953125,99.91241455078125
106,0.11572265625,100.02813720703125
107,0.1123046875,100.14044189453125
108,0.108154296875,100.24859619140625
109,0.1063232421875,100.35491943359375
110,0.100830078125,100.45574951171875
111,0.09857177734375,100.5543212890625
112,0.0958251953125,100.650146484375
113,0.09918212890625,100.74932861328125
114,0.09100341796875,100.84033203125
115,0.09136962890625,100.93170166015625
116,0.0867919921875,101.01849365234375
117,0.0865478515625,101.10504150390625
118,0.0810546875,101.18609619140625
119,0.080810546875,101.26690673828125
120,0.0762939453125,101.34320068359375
121,0.07769775390625,101.4208984375
122,0.072998046875,101.493896484375
123,0.07427978515625,101.56817626953125
124,0.06866455078125,101.6368408203125
125,0.06951904296875,101.70635986328125
126,0.0650634765625,101.77142333984375
127,0.06640625,101.83782958984375
128,0.060943603515625,101.89877319335938
129,0.061767578125,101.96054077148438
130,0.0582275390625,102.01876831054688
131,0.059295654296875,102.07806396484375
132,0.054931640625,102.13299560546875
133,0.054046630859375,102.18704223632812
134,0.052154541015625,102.23919677734375
135,0.05322265625,102.29241943359375
136,0.04833984375,102.34075927734375
137,0.048858642578125,102.38961791992188
138,0.04498291015625,102.43460083007812
139,0.04571533203125,102.48031616210938
140,0.043365478515625,102.523681640625
141,0.04327392578125,102.56695556640625
142,0.04107666015625,102.6080322265625
143,0.04010009765625,102.64813232421875
144,0.038848876953125,102.68698120117188
145,0.0382080078125,102.72518920898438
146,0.035675048828125,102.7608642578125
147,0.035491943359375,102.79635620117188
148,0.03369140625,102.83004760742188
149,0.031585693359375,102.86163330078125
150,0.032073974609375,102.89370727539062
151,0.0310821533203125,102.92478942871094
152,0.02960205078125,102.95439147949219
153,0.029754638671875,102.98414611816406
154,0.0279998779296875,103.01214599609375
155,0.02783203125,103.03997802734375
156,0.0264739990234375,103.06645202636719
157,0.0269317626953125,103.0933837890625
158,0.0250396728515625,103.11842346191406
159,0.025238037109375,103.14366149902344
160,0.0242462158203125,103.16790771484375
161,0.0240936279296875,103.19200134277344
162,0.02288818359375,103.21488952636719
163,0.0239410400390625,103.23883056640625
164,0.02197265625,103.26080322265625
165,0.0227203369140625,103.28352355957031
166,0.0211639404296875,103.3046875
167,0.0212554931640625,103.32594299316406
168,0.0204315185546875,103.34637451171875
169,0.020843505859375,103.36721801757812
170,0.019073486328125,103.38629150390625
171,0.01983642578125,103.4061279296875
172,0.0184478759765625,103.42457580566406
173,0.0189208984375,103.44349670410156
174,0.0176849365234375,103.461181640625
175,0.0178680419921875,103.47904968261719
176,0.0170135498046875,103.49606323242188
177,0.017486572265625,103.5135498046875
178,0.0163421630859375,103.52989196777344
179,0.0165557861328125,103.54644775390625
180,0.0157928466796875,103.56224060058594
181,0.0157928466796875,103.57803344726562
182,0.015289306640625,103.59332275390625
183,0.0151824951171875,103.60850524902344
184,0.0146026611328125,103.62310791015625
185,0.0155181884765625,103.63862609863281
186,0.0140380859375,103.65266418457031
187,0.01419830322265625,103.66686248779297
188,0.013336181640625,103.6801986694336
189,0.01377105712890625,103.6939697265625
190,0.01300811767578125,103.70697784423828
191,0.01288604736328125,103.71986389160156
192,0.0123138427734375,103.732177734375
193,0.0125274658203125,103.74470520019531
194,0.0126800537109375,103.75738525390625
195,0.0119171142578125,103.76930236816406
196,0.01165771484375,103.78096008300781
197,0.0113677978515625,103.79232788085938
198,0.01123809814453125,103.8035659790039
199,0.01067352294921875,103.81423950195312
200,0.0112762451171875,103.82551574707031
201,0.01065826416015625,103.83617401123047
202,0.01053619384765625,103.84671020507812
203,0.01025390625,103.85696411132812
204,0.01013946533203125,103.86710357666016
205,0.00966644287109375,103.87677001953125
206,0.0095367431640625,103.88630676269531
207,0.0093231201171875,103.8956298828125
208,0.00914764404296875,103.90477752685547
209,0.0090179443359375,103.9137954711914
210,0.00893402099609375,103.9227294921875
211,0.00843048095703125,103.93115997314453
212,0.00901031494140625,103.94017028808594
213,0.00812530517578125,103.94829559326172
214,0.00856781005859375,103.95686340332031
215,0.007770538330078125,103.96463394165039
216,0.00803375244140625,103.9726676940918
217,0.00745391845703125,103.98012161254883
218,0.00786590576171875,103.98798751831055
219,0.00727081298828125,103.99525833129883
220,0.007587432861328125,104.00284576416016
221,0.007244110107421875,104.01008987426758
222,0.007205963134765625,104.01729583740234
223,0.0070343017578125,104.02433013916016
224,0.007076263427734375,104.03140640258789
225,0.006862640380859375,104.03826904296875
226,0.00690460205078125,104.04517364501953
227,0.006671905517578125,104.05184555053711
228,0.006343841552734375,104.05818939208984
229,0.006465911865234375,104.06465530395508
230,0.006313323974609375,104.07096862792969
231,0.00623321533203125,104.07720184326172
232,0.006114959716796875,104.08331680297852
233,0.006107330322265625,104.08942413330078
234,0.00586700439453125,104.09529113769531
235,0.005870819091796875,104.10116195678711
236,0.005756378173828125,104.10691833496094
237,0.005687713623046875,104.11260604858398
238,0.00560760498046875,104.11821365356445
239,0.005489349365234375,104.12370300292969
240,0.005382537841796875,104.12908554077148
241,0.005565643310546875,104.13465118408203
242,0.00527191162109375,104.13992309570312
243,0.005199432373046875,104.14512252807617
244,0.0050506591796875,104.15017318725586
245,0.005115509033203125,104.15528869628906
246,0.004669189453125,104.15995788574219
247,0.004917144775390625,104.16487503051758
248,0.004512786865234375,104.16938781738281
249,0.004863739013671875,104.17425155639648
250,0.004505157470703125,104.17875671386719
251,0.004638671875,104.18339538574219
252,0.004421234130859375,104.18781661987305
253,0.00438690185546875,104.19220352172852
254,0.004367828369140625,104.19657135009766
255,0.004268646240234375,104.20083999633789
256,0.00420379638671875,104.20504379272461
257,0.004169464111328125,104.20921325683594
258,0.003948211669921875,104.21316146850586
259,0.004016876220703125,104.21717834472656
260,0.003887176513671875,104.22106552124023
261,0.0038928985595703125,104.2249584197998
262,0.0037899017333984375,104.2287483215332
263,0.0037078857421875,104.23245620727539
264,0.0037364959716796875,104.23619270324707
265,0.003658294677734375,104.2398509979248
266,0.0036563873291015625,104.2435073852539
267,0.0035381317138671875,104.24704551696777
268,0.0035152435302734375,104.25056076049805
269,0.003467559814453125,104.2540283203125
270,0.0034618377685546875,104.25749015808105
271,0.003421783447265625,104.26091194152832
272,0.003398895263671875,104.26431083679199
273,0.003337860107421875,104.26764869689941
274,0.0033054351806640625,104.27095413208008
275,0.0032634735107421875,104.27421760559082
276,0.0032138824462890625,104.27743148803711
277,0.0032024383544921875,104.2806339263916
278,0.0031070709228515625,104.28374099731445
279,0.003116607666015625,104.28685760498047
280,0.003025054931640625,104.28988265991211
281,0.0030231475830078125,104.29290580749512
282,0.0029163360595703125,104.29582214355469
283,0.0029315948486328125,104.29875373840332
284,0.0027618408203125,104.30151557922363
285,0.002765655517578125,104.30428123474121
286,0.0029277801513671875,104.30720901489258
287,0.002674102783203125,104.30988311767578
288,0.00284576416015625,104.31272888183594
289,0.002582550048828125,104.31531143188477
290,0.0025653839111328125,104.3178768157959
291,0.0024738311767578125,104.32035064697266
292,0.00241851806640625,104.32276916503906
293,0.0023555755615234375,104.32512474060059
294,0.0024394989013671875,104.32756423950195
295,0.0023632049560546875,104.32992744445801
296,0.00250244140625,104.33242988586426
297,0.002361297607421875,104.33479118347168
298,0.00238800048828125,104.33717918395996
299,0.00231170654296875,104.33949089050293
300,0.0021724700927734375,104.3416633605957
301,0.002227783203125,104.34389114379883
302,0.0021266937255859375,104.34601783752441
303,0.002094268798828125,104.34811210632324
304,0.0020427703857421875,104.35015487670898
305,0.0020542144775390625,104.35220909118652
306,0.0020046234130859375,104.35421371459961
307,0.002002716064453125,104.35621643066406
308,0.0019626617431640625,104.35817909240723
309,0.001953125,104.36013221740723
310,0.0019483566284179688,104.36208057403564
311,0.0019207000732421875,104.36400127410889
312,0.0019159317016601562,104.36591720581055
313,0.0018978118896484375,104.3678150177002
314,0.001880645751953125,104.36969566345215
315,0.0018301010131835938,104.37152576446533
316,0.0018329620361328125,104.37335872650146
317,0.001766204833984375,104.37512493133545
318,0.0017824172973632812,104.37690734863281
319,0.0017795562744140625,104.37868690490723
320,0.001743316650390625,104.38043022155762
321,0.0017118453979492188,104.38214206695557
322,0.001689910888671875,104.38383197784424
323,0.0016431808471679688,104.3854751586914
324,0.0016508102416992188,104.3871259689331
325,0.001651763916015625,104.38877773284912
326,0.0016279220581054688,104.39040565490723
327,0.0016040802001953125,104.39200973510742
328,0.0015878677368164062,104.39359760284424
329,0.0015783309936523438,104.39517593383789
330,0.0015726089477539062,104.39674854278564
331,0.0015420913696289062,104.39829063415527
332,0.0015382766723632812,104.39982891082764
333,0.001506805419921875,104.40133571624756
334,0.0015077590942382812,104.4028434753418
335,0.001495361328125,104.40433883666992
336,0.0014801025390625,104.40581893920898
337,0.0014677047729492188,104.40728664398193
338,0.001453399658203125,104.40874004364014
339,0.0014514923095703125,104.4101915359497
340,0.0014324188232421875,104.41162395477295
341,0.0014257431030273438,104.41304969787598
342,0.0014104843139648438,104.41446018218994
343,0.0013971328735351562,104.41585731506348
344,0.0013875961303710938,104.41724491119385
345,0.0013856887817382812,104.41863059997559
346,0.001369476318359375,104.42000007629395
347,0.0013551712036132812,104.42135524749756
348,0.0013484954833984375,104.42270374298096
349,0.0013332366943359375,104.4240369796753
350,0.001338958740234375,104.42537593841553
351,0.0013265609741210938,104.42670249938965
352,0.0013170242309570312,104.4280195236206
353,0.0013017654418945312,104.4293212890625
354,0.001293182373046875,104.43061447143555
355,0.0012788772583007812,104.43189334869385
356,0.00127410888671875,104.43316745758057
357,0.001270294189453125,104.43443775177002
358,0.0012540817260742188,104.4356918334961
359,0.0012578964233398438,104.43694972991943
360,0.0012426376342773438,104.43819236755371
361,0.0012302398681640625,104.43942260742188
362,0.0012140274047851562,104.44063663482666
363,0.001220703125,104.44185733795166
364,0.0012226104736328125,104.4430799484253
365,0.0012111663818359375,104.44429111480713
366,0.0012369155883789062,104.44552803039551
367,0.0012025833129882812,104.4467306137085
368,0.0011968612670898438,104.44792747497559
369,0.00116729736328125,104.44909477233887
370,0.0011701583862304688,104.4502649307251
371,0.0011749267578125,104.45143985748291
372,0.0011701583862304688,104.45261001586914
373,0.0011615753173828125,104.45377159118652
374,0.0011577606201171875,104.45492935180664
375,0.0011463165283203125,104.45607566833496
376,0.0011425018310546875,104.45721817016602
377,0.001125335693359375,104.45834350585938
378,0.0011110305786132812,104.45945453643799
379,0.0011186599731445312,104.46057319641113
380,0.00112152099609375,104.46169471740723
381,0.0011072158813476562,104.46280193328857
382,0.0011005401611328125,104.4639024734497
383,0.0010776519775390625,104.46498012542725
384,0.0010747909545898438,104.46605491638184
385,0.0010728836059570312,104.4671277999878
386,0.0010728836059570312,104.46820068359375
387,0.0010690689086914062,104.46926975250244
388,0.0010747909545898438,104.47034454345703
389,0.0010557174682617188,104.4714002609253
390,0.001068115234375,104.47246837615967
391,0.0010519027709960938,104.47352027893066
392,0.0010471343994140625,104.47456741333008
393,0.0010366439819335938,104.47560405731201
394,0.00103759765625,104.47664165496826
395,0.0010232925415039062,104.47766494750977
396,0.0010156631469726562,104.47868061065674
397,0.0010042190551757812,104.47968482971191
398,0.0010004043579101562,104.48068523406982
399,0.0009899139404296875,104.48167514801025
