step,loss,cumulative_loss_sum
1,4.515625,4.515625
2,4.515625,9.03125
3,4.515625,13.546875
4,4.515625,18.0625
5,4.515625,22.578125
6,4.515625,27.09375
7,4.3046875,31.3984375
8,4.12890625,35.52734375
9,3.9609375,39.48828125
10,3.8046875,43.29296875
11,3.6640625,46.95703125
12,3.513671875,50.470703125
13,3.373046875,53.84375
14,3.22265625,57.06640625
15,3.087890625,60.154296875
16,2.94921875,63.103515625
17,2.82421875,65.927734375
18,2.6796875,68.607421875
19,2.517578125,71.125
20,2.34765625,73.47265625
21,2.18359375,75.65625
22,2.02734375,77.68359375
23,1.896484375,79.580078125
24,1.765625,81.345703125
25,1.642578125,82.98828125
26,1.5341796875,84.5224609375
27,1.4169921875,85.939453125
28,1.27734375,87.216796875
29,1.158203125,88.375
30,1.02734375,89.40234375
31,0.91845703125,90.32080078125
32,0.8056640625,91.12646484375
33,0.70458984375,91.8310546875
34,0.6220703125,92.453125
35,0.55419921875,93.00732421875
36,0.4892578125,93.49658203125
37,0.431884765625,93.928466796875
38,0.380126953125,94.30859375
39,0.333740234375,94.642333984375
40,0.294677734375,94.93701171875
41,0.266357421875,95.203369140625
42,0.2396240234375,95.4429931640625
43,0.210693359375,95.6536865234375
44,0.187255859375,95.8409423828125
45,0.1661376953125,96.007080078125
46,0.1453857421875,96.1524658203125
47,0.1300048828125,96.282470703125
48,0.11395263671875,96.39642333984375
49,0.1016845703125,96.49810791015625
50,0.0909423828125,96.58905029296875
51,0.0819091796875,96.67095947265625
52,0.074951171875,96.74591064453125
53,0.0692138671875,96.81512451171875
54,0.0638427734375,96.87896728515625
55,0.059326171875,96.93829345703125
56,0.05426025390625,96.9925537109375
57,0.049102783203125,97.04165649414062
58,0.04498291015625,97.08663940429688
59,0.04071044921875,97.12734985351562
60,0.03753662109375,97.16488647460938
61,0.03399658203125,97.19888305664062
62,0.031036376953125,97.22991943359375
63,0.0283203125,97.25823974609375
64,0.0259246826171875,97.28416442871094
65,0.0235443115234375,97.30770874023438
66,0.0218353271484375,97.32954406738281
67,0.02056884765625,97.35011291503906
68,0.0191802978515625,97.36929321289062
69,0.0180511474609375,97.38734436035156
70,0.0167694091796875,97.40411376953125
71,0.0158843994140625,97.41999816894531
72,0.0148773193359375,97.43487548828125
73,0.014007568359375,97.44888305664062
74,0.013397216796875,97.4622802734375
75,0.0126800537109375,97.47496032714844
76,0.0120849609375,97.48704528808594
77,0.01141357421875,97.49845886230469
78,0.01059722900390625,97.5090560913086
79,0.01003265380859375,97.51908874511719
80,0.00942230224609375,97.52851104736328
81,0.0088958740234375,97.53740692138672
82,0.00846099853515625,97.54586791992188
83,0.0079193115234375,97.55378723144531
84,0.00743865966796875,97.56122589111328
85,0.00699615478515625,97.56822204589844
86,0.00670623779296875,97.5749282836914
87,0.006317138671875,97.58124542236328
88,0.00598907470703125,97.58723449707031
89,0.005718231201171875,97.59295272827148
90,0.005458831787109375,97.5984115600586
91,0.00518798828125,97.60359954833984
92,0.005016326904296875,97.60861587524414
93,0.0048675537109375,97.61348342895508
94,0.0046844482421875,97.61816787719727
95,0.0045166015625,97.62268447875977
96,0.004398345947265625,97.62708282470703
97,0.00424957275390625,97.63133239746094
98,0.004146575927734375,97.63547897338867
99,0.004009246826171875,97.63948822021484
100,0.003925323486328125,97.64341354370117
101,0.0038299560546875,97.64724349975586
102,0.003726959228515625,97.65097045898438
103,0.00368499755859375,97.65465545654297
104,0.0035839080810546875,97.65823936462402
105,0.003498077392578125,97.6617374420166
106,0.003398895263671875,97.66513633728027
107,0.0033168792724609375,97.66845321655273
108,0.0032825469970703125,97.6717357635498
109,0.0031948089599609375,97.67493057250977
110,0.003124237060546875,97.67805480957031
111,0.0030574798583984375,97.68111228942871
112,0.0030059814453125,97.68411827087402
113,0.0029296875,97.68704795837402
114,0.002899169921875,97.6899471282959
115,0.002826690673828125,97.69277381896973
116,0.002788543701171875,97.6955623626709
117,0.0027065277099609375,97.69826889038086
118,0.0026378631591796875,97.70090675354004
119,0.0026035308837890625,97.70351028442383
120,0.0025634765625,97.70607376098633
121,0.0025196075439453125,97.70859336853027
122,0.00247955322265625,97.71107292175293
123,0.002429962158203125,97.71350288391113
124,0.00238800048828125,97.71589088439941
125,0.0023670196533203125,97.71825790405273
126,0.0023136138916015625,97.72057151794434
127,0.002292633056640625,97.72286415100098
128,0.0022411346435546875,97.72510528564453
129,0.0022144317626953125,97.72731971740723
130,0.002197265625,97.72951698303223
131,0.0021514892578125,97.73166847229004
132,0.0021419525146484375,97.73381042480469
133,0.0020923614501953125,97.73590278625488
134,0.0020732879638671875,97.73797607421875
135,0.00203704833984375,97.7400131225586
136,0.0020160675048828125,97.74202919006348
137,0.0019931793212890625,97.74402236938477
138,0.0019626617431640625,97.74598503112793
139,0.0019216537475585938,97.74790668487549
140,0.0019121170043945312,97.74981880187988
141,0.00189971923828125,97.75171852111816
142,0.0018749237060546875,97.75359344482422
143,0.00185394287109375,97.75544738769531
144,0.0018177032470703125,97.75726509094238
145,0.0018014907836914062,97.75906658172607
146,0.0017948150634765625,97.76086139678955
147,0.0017719268798828125,97.76263332366943
148,0.0017452239990234375,97.76437854766846
149,0.0017366409301757812,97.76611518859863
150,0.0017070770263671875,97.767822265625
151,0.0016956329345703125,97.76951789855957
152,0.0016698837280273438,97.7711877822876
153,0.0016527175903320312,97.77284049987793
154,0.0016298294067382812,97.77447032928467
155,0.0016269683837890625,97.77609729766846
156,0.0015974044799804688,97.77769470214844
157,0.0015869140625,97.77928161621094
158,0.0015707015991210938,97.78085231781006
159,0.001560211181640625,97.7824125289917
160,0.0015382766723632812,97.78395080566406
161,0.0015316009521484375,97.78548240661621
162,0.0015134811401367188,97.78699588775635
163,0.00150299072265625,97.788498878479
164,0.0014944076538085938,97.78999328613281
165,0.0014810562133789062,97.79147434234619
166,0.001468658447265625,97.79294300079346
167,0.0014543533325195312,97.79439735412598
168,0.0014352798461914062,97.79583263397217
169,0.0014190673828125,97.79725170135498
170,0.00141143798828125,97.79866313934326
171,0.0014085769653320312,97.8000717163086
172,0.0013933181762695312,97.80146503448486
173,0.00138092041015625,97.80284595489502
174,0.0013637542724609375,97.80420970916748
175,0.0013532638549804688,97.80556297302246
176,0.001346588134765625,97.80690956115723
177,0.0013294219970703125,97.8082389831543
178,0.0013265609741210938,97.80956554412842
179,0.001316070556640625,97.81088161468506
180,0.0013074874877929688,97.81218910217285
181,0.0012884140014648438,97.81347751617432
182,0.0012826919555664062,97.81476020812988
183,0.00128173828125,97.81604194641113
184,0.0012607574462890625,97.81730270385742
185,0.0012540817260742188,97.8185567855835
186,0.0012426376342773438,97.81979942321777
187,0.0012331008911132812,97.82103252410889
188,0.0012254714965820312,97.82225799560547
189,0.0012197494506835938,97.82347774505615
190,0.0012111663818359375,97.82468891143799
191,0.0011997222900390625,97.82588863372803
192,0.0011959075927734375,97.8270845413208
193,0.0011873245239257812,97.82827186584473
194,0.0011796951293945312,97.82945156097412
195,0.0011749267578125,97.83062648773193
196,0.00116729736328125,97.83179378509521
197,0.0011539459228515625,97.83294773101807
198,0.0011539459228515625,97.83410167694092
199,0.00113677978515625,97.83523845672607
200,0.0011377334594726562,97.83637619018555
201,0.0011262893676757812,97.83750247955322
202,0.0011129379272460938,97.83861541748047
203,0.0011167526245117188,97.83973217010498
204,0.0011129379272460938,97.84084510803223
205,0.0011014938354492188,97.84194660186768
206,0.00109100341796875,97.84303760528564
207,0.00107574462890625,97.84411334991455
208,0.0010766983032226562,97.84519004821777
209,0.001068115234375,97.84625816345215
210,0.0010690689086914062,97.84732723236084
211,0.0010528564453125,97.84838008880615
212,0.0010528564453125,97.84943294525146
213,0.001049041748046875,97.85048198699951
214,0.00103759765625,97.85151958465576
215,0.0010280609130859375,97.85254764556885
216,0.001026153564453125,97.8535737991333
217,0.0010204315185546875,97.85459423065186
218,0.0010128021240234375,97.85560703277588
219,0.0010051727294921875,97.85661220550537
220,0.0009975433349609375,97.85760974884033
