step,loss,cumulative_loss_sum
1,2.533203125,2.533203125
2,2.533203125,5.06640625
3,2.533203125,7.599609375
4,2.533203125,10.1328125
5,2.533203125,12.666015625
6,2.533203125,15.19921875
7,2.533203125,17.732421875
8,2.533203125,20.265625
9,1.912109375,22.177734375
10,1.3251953125,23.5029296875
11,1.1376953125,24.640625
12,0.9970703125,25.6376953125
13,0.93896484375,26.57666015625
14,0.85400390625,27.4306640625
15,0.771484375,28.2021484375
16,0.65283203125,28.85498046875
17,0.5595703125,29.41455078125
18,0.50732421875,29.921875
19,0.47607421875,30.39794921875
20,0.430419921875,30.828369140625
21,0.418701171875,31.2470703125
22,0.40380859375,31.65087890625
23,0.39404296875,32.044921875
24,0.377197265625,32.422119140625
25,0.36279296875,32.784912109375
26,0.345947265625,33.130859375
27,0.341064453125,33.471923828125
28,0.322265625,33.794189453125
29,0.31787109375,34.112060546875
30,0.298583984375,34.41064453125
31,0.286376953125,34.697021484375
32,0.267578125,34.964599609375
33,0.26513671875,35.229736328125
34,0.249267578125,35.47900390625
35,0.2462158203125,35.7252197265625
36,0.2275390625,35.9527587890625
37,0.2261962890625,36.178955078125
38,0.2054443359375,36.3843994140625
39,0.2025146484375,36.5869140625
40,0.18701171875,36.77392578125
41,0.1749267578125,36.9488525390625
42,0.1663818359375,37.115234375
43,0.1605224609375,37.2757568359375
44,0.15380859375,37.4295654296875
45,0.147216796875,37.5767822265625
46,0.138427734375,37.7152099609375
47,0.1353759765625,37.8505859375
48,0.126708984375,37.977294921875
49,0.12548828125,38.102783203125
50,0.117431640625,38.22021484375
51,0.12225341796875,38.34246826171875
52,0.11151123046875,38.4539794921875
53,0.1075439453125,38.5615234375
54,0.1036376953125,38.6651611328125
55,0.1007080078125,38.765869140625
56,0.10333251953125,38.86920166015625
57,0.0908203125,38.96002197265625
58,0.10186767578125,39.0618896484375
59,0.0875244140625,39.1494140625
60,0.08477783203125,39.23419189453125
61,0.086181640625,39.32037353515625
62,0.08428955078125,39.4046630859375
63,0.079833984375,39.4844970703125
64,0.0794677734375,39.56396484375
65,0.0753173828125,39.6392822265625
66,0.074462890625,39.7137451171875
67,0.073486328125,39.7872314453125
68,0.0711669921875,39.8583984375
69,0.06982421875,39.92822265625
70,0.0675048828125,39.9957275390625
71,0.06695556640625,40.06268310546875
72,0.06524658203125,40.1279296875
73,0.06378173828125,40.19171142578125
74,0.06268310546875,40.25439453125
75,0.059844970703125,40.314239501953125
76,0.059967041015625,40.37420654296875
77,0.057373046875,40.43157958984375
78,0.056488037109375,40.488067626953125
79,0.05426025390625,40.542327880859375
80,0.05413818359375,40.596466064453125
81,0.05126953125,40.647735595703125
82,0.052764892578125,40.70050048828125
83,0.04888916015625,40.7493896484375
84,0.04998779296875,40.79937744140625
85,0.047149658203125,40.846527099609375
86,0.04779052734375,40.894317626953125
87,0.0428466796875,40.937164306640625
88,0.042816162109375,40.97998046875
89,0.044677734375,41.024658203125
90,0.04180908203125,41.06646728515625
91,0.042205810546875,41.108673095703125
92,0.040740966796875,41.1494140625
93,0.039459228515625,41.188873291015625
94,0.03948974609375,41.228363037109375
95,0.035675048828125,41.2640380859375
96,0.036376953125,41.3004150390625
97,0.03369140625,41.3341064453125
98,0.036712646484375,41.370819091796875
99,0.032379150390625,41.4031982421875
100,0.034515380859375,41.437713623046875
101,0.031707763671875,41.46942138671875
102,0.0330810546875,41.50250244140625
103,0.030792236328125,41.533294677734375
104,0.031646728515625,41.56494140625
105,0.0294342041015625,41.59437561035156
106,0.03033447265625,41.62471008300781
107,0.0279693603515625,41.652679443359375
108,0.0277252197265625,41.68040466308594
109,0.027801513671875,41.70820617675781
110,0.0267333984375,41.73493957519531
111,0.0269012451171875,41.7618408203125
112,0.0261383056640625,41.78797912597656
113,0.024749755859375,41.81272888183594
114,0.026092529296875,41.83882141113281
115,0.02398681640625,41.86280822753906
116,0.0238189697265625,41.886627197265625
117,0.0246429443359375,41.91127014160156
118,0.023223876953125,41.93449401855469
119,0.0226287841796875,41.957122802734375
120,0.0220794677734375,41.97920227050781
121,0.0216217041015625,42.000823974609375
122,0.02105712890625,42.021881103515625
123,0.020263671875,42.042144775390625
124,0.02069091796875,42.062835693359375
125,0.019439697265625,42.082275390625
126,0.020538330078125,42.102813720703125
127,0.01849365234375,42.121307373046875
128,0.0183563232421875,42.13966369628906
129,0.0186004638671875,42.15826416015625
130,0.0178985595703125,42.17616271972656
131,0.0180511474609375,42.1942138671875
132,0.017425537109375,42.211639404296875
133,0.0166168212890625,42.22825622558594
134,0.0162811279296875,42.244537353515625
135,0.01580810546875,42.260345458984375
136,0.015655517578125,42.2760009765625
137,0.0151214599609375,42.29112243652344
138,0.01458740234375,42.30570983886719
139,0.014495849609375,42.32020568847656
140,0.01538848876953125,42.335594177246094
141,0.0133514404296875,42.34894561767578
142,0.01398468017578125,42.36293029785156
143,0.013336181640625,42.37626647949219
144,0.01336669921875,42.38963317871094
145,0.01250457763671875,42.402137756347656
146,0.012969970703125,42.41510772705078
147,0.012298583984375,42.427406311035156
148,0.01239013671875,42.439796447753906
149,0.01174163818359375,42.4515380859375
150,0.01177978515625,42.46331787109375
151,0.01129913330078125,42.47461700439453
152,0.0114593505859375,42.48607635498047
153,0.0104827880859375,42.496559143066406
154,0.01067352294921875,42.507232666015625
155,0.01007843017578125,42.517311096191406
156,0.01018524169921875,42.527496337890625
157,0.00925445556640625,42.53675079345703
158,0.00882720947265625,42.54557800292969
159,0.00881195068359375,42.55438995361328
160,0.01004791259765625,42.56443786621094
161,0.00829315185546875,42.572731018066406
162,0.00835418701171875,42.581085205078125
163,0.00791168212890625,42.58899688720703
164,0.00911712646484375,42.598114013671875
165,0.007568359375,42.605682373046875
166,0.00843048095703125,42.614112854003906
167,0.006671905517578125,42.620784759521484
168,0.007720947265625,42.62850570678711
169,0.006610870361328125,42.63511657714844
170,0.0074920654296875,42.642608642578125
171,0.0062255859375,42.648834228515625
172,0.00634765625,42.655181884765625
173,0.006702423095703125,42.66188430786133
174,0.006313323974609375,42.66819763183594
175,0.005748748779296875,42.673946380615234
176,0.00579071044921875,42.67973709106445
177,0.0054779052734375,42.68521499633789
178,0.00572967529296875,42.69094467163086
179,0.005123138427734375,42.696067810058594
180,0.005527496337890625,42.701595306396484
181,0.00493621826171875,42.7065315246582
182,0.00487518310546875,42.71140670776367
183,0.004932403564453125,42.716339111328125
184,0.005023956298828125,42.72136306762695
185,0.004547119140625,42.72591018676758
186,0.0048370361328125,42.73074722290039
187,0.004360198974609375,42.735107421875
188,0.004634857177734375,42.739742279052734
189,0.004199981689453125,42.74394226074219
190,0.004405975341796875,42.748348236083984
191,0.004062652587890625,42.752410888671875
192,0.00423431396484375,42.75664520263672
193,0.0038738250732421875,42.76051902770996
194,0.004093170166015625,42.76461219787598
195,0.00385284423828125,42.76846504211426
196,0.003448486328125,42.77191352844238
197,0.004077911376953125,42.775991439819336
198,0.003482818603515625,42.77947425842285
199,0.003566741943359375,42.78304100036621
200,0.0033416748046875,42.7863826751709
201,0.0032939910888671875,42.789676666259766
202,0.00304412841796875,42.792720794677734
203,0.003612518310546875,42.79633331298828
204,0.0030307769775390625,42.79936408996582
205,0.0033130645751953125,42.802677154541016
206,0.00295257568359375,42.80562973022461
207,0.00298309326171875,42.80861282348633
208,0.0029087066650390625,42.81152153015137
209,0.0028839111328125,42.81440544128418
210,0.0028247833251953125,42.817230224609375
211,0.0027027130126953125,42.81993293762207
212,0.0027446746826171875,42.82267761230469
213,0.0027027130126953125,42.82538032531738
214,0.0025768280029296875,42.82795715332031
215,0.00249481201171875,42.83045196533203
216,0.00243377685546875,42.8328857421875
217,0.002391815185546875,42.83527755737305
218,0.00223541259765625,42.8375129699707
219,0.0023670196533203125,42.83987998962402
220,0.0023059844970703125,42.842185974121094
221,0.002376556396484375,42.84456253051758
222,0.002166748046875,42.84672927856445
223,0.002292633056640625,42.849021911621094
224,0.0020618438720703125,42.851083755493164
225,0.0019083023071289062,42.85299205780029
226,0.0018930435180664062,42.85488510131836
227,0.0019273757934570312,42.856812477111816
228,0.0018291473388671875,42.858641624450684
229,0.0019474029541015625,42.860589027404785
230,0.002048492431640625,42.862637519836426
231,0.00176239013671875,42.864399909973145
232,0.0018320083618164062,42.86623191833496
233,0.0017786026000976562,42.86801052093506
234,0.0018224716186523438,42.86983299255371
235,0.0016832351684570312,42.87151622772217
236,0.0016613006591796875,42.87317752838135
237,0.0016832351684570312,42.874860763549805
238,0.0016689300537109375,42.876529693603516
239,0.002079010009765625,42.87860870361328
240,0.00162506103515625,42.88023376464844
241,0.0016460418701171875,42.881879806518555
242,0.0015802383422851562,42.88346004486084
243,0.0015010833740234375,42.88496112823486
244,0.0015211105346679688,42.88648223876953
245,0.00153350830078125,42.88801574707031
246,0.0014562606811523438,42.889472007751465
247,0.001476287841796875,42.89094829559326
248,0.0014333724975585938,42.89238166809082
249,0.0013980865478515625,42.89377975463867
250,0.0014247894287109375,42.89520454406738
251,0.0014295578002929688,42.896634101867676
252,0.0014734268188476562,42.89810752868652
253,0.0013532638549804688,42.899460792541504
254,0.00131988525390625,42.90078067779541
255,0.00131988525390625,42.902100563049316
256,0.0013608932495117188,42.90346145629883
257,0.00133514404296875,42.9047966003418
258,0.0013189315795898438,42.90611553192139
259,0.0012559890747070312,42.907371520996094
260,0.0012798309326171875,42.90865135192871
261,0.00122833251953125,42.90987968444824
262,0.0012559890747070312,42.91113567352295
263,0.0012140274047851562,42.912349700927734
264,0.0012445449829101562,42.913594245910645
265,0.0012273788452148438,42.91482162475586
266,0.0011739730834960938,42.915995597839355
267,0.0011758804321289062,42.917171478271484
268,0.0011644363403320312,42.918335914611816
269,0.0011701583862304688,42.91950607299805
270,0.0011463165283203125,42.92065238952637
271,0.0011663436889648438,42.92181873321533
272,0.0011339187622070312,42.92295265197754
273,0.001148223876953125,42.92410087585449
274,0.001110076904296875,42.92521095275879
275,0.0011301040649414062,42.92634105682373
276,0.0010890960693359375,42.927430152893066
277,0.001087188720703125,42.92851734161377
278,0.0010805130004882812,42.92959785461426
279,0.0010633468627929688,42.93066120147705
280,0.0010528564453125,42.93171405792236
281,0.0010700225830078125,42.93278408050537
282,0.0010290145874023438,42.93381309509277
283,0.001026153564453125,42.93483924865723
284,0.0010395050048828125,42.93587875366211
285,0.0010957717895507812,42.93697452545166
286,0.0010175704956054688,42.937992095947266
287,0.0010766983032226562,42.93906879425049
288,0.0009918212890625,42.94006061553955
