step,loss,cumulative_loss_sum
1,4.859375,4.859375
2,4.859375,9.71875
3,4.859375,14.578125
4,4.859375,19.4375
5,4.859375,24.296875
6,4.859375,29.15625
7,4.859375,34.015625
8,4.49609375,38.51171875
9,4.2109375,42.72265625
10,3.970703125,46.693359375
11,3.765625,50.458984375
12,3.546875,54.005859375
13,3.279296875,57.28515625
14,2.99609375,60.28125
15,2.76171875,63.04296875
16,2.517578125,65.560546875
17,2.3203125,67.880859375
18,2.130859375,70.01171875
19,1.9697265625,71.9814453125
20,1.8291015625,73.810546875
21,1.6767578125,75.4873046875
22,1.5546875,77.0419921875
23,1.4228515625,78.46484375
24,1.3125,79.77734375
25,1.2138671875,80.9912109375
26,1.1220703125,82.11328125
27,1.0703125,83.18359375
28,1.00390625,84.1875
29,0.97021484375,85.15771484375
30,0.93310546875,86.0908203125
31,0.87353515625,86.96435546875
32,0.837890625,87.80224609375
33,0.7919921875,88.59423828125
34,0.7705078125,89.36474609375
35,0.7353515625,90.10009765625
36,0.70849609375,90.80859375
37,0.681640625,91.490234375
38,0.66162109375,92.15185546875
39,0.64111328125,92.79296875
40,0.62646484375,93.41943359375
41,0.611328125,94.03076171875
42,0.5927734375,94.62353515625
43,0.5791015625,95.20263671875
44,0.560546875,95.76318359375
45,0.55712890625,96.3203125
46,0.5322265625,96.8525390625
47,0.52099609375,97.37353515625
48,0.50439453125,97.8779296875
49,0.49169921875,98.36962890625
50,0.47412109375,98.84375
51,0.464111328125,99.307861328125
52,0.446533203125,99.75439453125
53,0.440673828125,100.195068359375
54,0.416748046875,100.61181640625
55,0.412353515625,101.024169921875
56,0.3876953125,101.411865234375
57,0.37841796875,101.790283203125
58,0.35498046875,102.145263671875
59,0.340576171875,102.48583984375
60,0.320556640625,102.806396484375
61,0.299072265625,103.10546875
62,0.28662109375,103.39208984375
63,0.265869140625,103.657958984375
64,0.25,103.907958984375
65,0.2349853515625,104.1429443359375
66,0.21875,104.3616943359375
67,0.2021484375,104.5638427734375
68,0.1873779296875,104.751220703125
69,0.1729736328125,104.9241943359375
70,0.1610107421875,105.085205078125
71,0.1492919921875,105.2344970703125
72,0.1376953125,105.3721923828125
73,0.1297607421875,105.501953125
74,0.12176513671875,105.62371826171875
75,0.11810302734375,105.7418212890625
76,0.10943603515625,105.85125732421875
77,0.1051025390625,105.95635986328125
78,0.0985107421875,106.05487060546875
79,0.09368896484375,106.1485595703125
80,0.08770751953125,106.23626708984375
81,0.08477783203125,106.321044921875
82,0.07940673828125,106.40045166015625
83,0.07611083984375,106.4765625
84,0.0718994140625,106.5484619140625
85,0.0697021484375,106.6181640625
86,0.06561279296875,106.68377685546875
87,0.06378173828125,106.74755859375
88,0.059906005859375,106.80746459960938
89,0.058319091796875,106.86578369140625
90,0.055023193359375,106.92080688476562
91,0.051483154296875,106.9722900390625
92,0.049346923828125,107.02163696289062
93,0.0457763671875,107.06741333007812
94,0.042388916015625,107.10980224609375
95,0.041015625,107.15081787109375
96,0.03887939453125,107.189697265625
97,0.035919189453125,107.22561645507812
98,0.0333251953125,107.25894165039062
99,0.031158447265625,107.29010009765625
100,0.0301513671875,107.32025146484375
101,0.0276336669921875,107.34788513183594
102,0.0255279541015625,107.3734130859375
103,0.0236358642578125,107.39704895019531
104,0.02191162109375,107.41896057128906
105,0.0200653076171875,107.43902587890625
106,0.0185546875,107.45758056640625
107,0.01727294921875,107.474853515625
108,0.0160369873046875,107.49089050292969
109,0.0150146484375,107.50590515136719
110,0.0139923095703125,107.5198974609375
111,0.01299285888671875,107.53289031982422
112,0.0118560791015625,107.54474639892578
113,0.01091766357421875,107.5556640625
114,0.01007843017578125,107.56574249267578
115,0.00945281982421875,107.5751953125
116,0.008758544921875,107.58395385742188
117,0.0081329345703125,107.59208679199219
118,0.007648468017578125,107.59973526000977
119,0.007282257080078125,107.60701751708984
120,0.00698089599609375,107.61399841308594
121,0.0065460205078125,107.62054443359375
122,0.00632476806640625,107.62686920166016
123,0.006008148193359375,107.63287734985352
124,0.005767822265625,107.63864517211914
125,0.005588531494140625,107.64423370361328
126,0.00533294677734375,107.64956665039062
127,0.005123138427734375,107.65468978881836
128,0.004947662353515625,107.65963745117188
129,0.004791259765625,107.6644287109375
130,0.004589080810546875,107.66901779174805
131,0.0044403076171875,107.67345809936523
132,0.004291534423828125,107.67774963378906
133,0.0041961669921875,107.68194580078125
134,0.004085540771484375,107.68603134155273
135,0.00395965576171875,107.68999099731445
136,0.00384521484375,107.6938362121582
137,0.0037689208984375,107.69760513305664
138,0.00363922119140625,107.70124435424805
139,0.0035533905029296875,107.70479774475098
140,0.003459930419921875,107.7082576751709
141,0.0033397674560546875,107.71159744262695
142,0.0032806396484375,107.71487808227539
143,0.0032138824462890625,107.71809196472168
144,0.0030765533447265625,107.7211685180664
145,0.0030384063720703125,107.72420692443848
146,0.0029811859130859375,107.72718811035156
147,0.0028896331787109375,107.73007774353027
148,0.0028514862060546875,107.73292922973633
149,0.002803802490234375,107.73573303222656
150,0.0027294158935546875,107.73846244812012
151,0.0026760101318359375,107.74113845825195
152,0.00263214111328125,107.74377059936523
153,0.0025691986083984375,107.74633979797363
154,0.0025157928466796875,107.74885559082031
155,0.0024929046630859375,107.7513484954834
156,0.002429962158203125,107.7537784576416
157,0.002346038818359375,107.75612449645996
158,0.0023441314697265625,107.75846862792969
159,0.0022869110107421875,107.76075553894043
160,0.002254486083984375,107.76301002502441
161,0.0022144317626953125,107.76522445678711
162,0.0021839141845703125,107.76740837097168
163,0.002155303955078125,107.76956367492676
164,0.0020923614501953125,107.77165603637695
165,0.002063751220703125,107.77371978759766
166,0.0020351409912109375,107.77575492858887
167,0.00200653076171875,107.77776145935059
168,0.001956939697265625,107.77971839904785
169,0.0019445419311523438,107.781662940979
170,0.0019102096557617188,107.78357315063477
171,0.0018739700317382812,107.7854471206665
172,0.0018510818481445312,107.78729820251465
173,0.00182342529296875,107.78912162780762
174,0.001796722412109375,107.79091835021973
175,0.001766204833984375,107.79268455505371
176,0.0017557144165039062,107.79444026947021
177,0.0017042160034179688,107.79614448547363
178,0.0016880035400390625,107.79783248901367
179,0.0016698837280273438,107.7995023727417
180,0.0016574859619140625,107.80115985870361
181,0.0016393661499023438,107.80279922485352
182,0.0016040802001953125,107.80440330505371
183,0.0015964508056640625,107.80599975585938
184,0.0015592575073242188,107.8075590133667
185,0.0015420913696289062,107.80910110473633
186,0.0015268325805664062,107.8106279373169
187,0.0015039443969726562,107.81213188171387
188,0.00150299072265625,107.81363487243652
189,0.001506805419921875,107.81514167785645
190,0.0014638900756835938,107.81660556793213
191,0.0014638900756835938,107.81806945800781
192,0.0014362335205078125,107.81950569152832
193,0.0014209747314453125,107.82092666625977
194,0.0013837814331054688,107.82231044769287
195,0.0013799667358398438,107.82369041442871
196,0.0013589859008789062,107.82504940032959
197,0.0013256072998046875,107.8263750076294
198,0.0013256072998046875,107.8277006149292
199,0.0013017654418945312,107.8290023803711
200,0.0012874603271484375,107.83028984069824
201,0.0012836456298828125,107.83157348632812
202,0.0012636184692382812,107.83283710479736
203,0.001251220703125,107.83408832550049
204,0.0012292861938476562,107.83531761169434
205,0.001220703125,107.83653831481934
206,0.0011959075927734375,107.83773422241211
207,0.0011968612670898438,107.8389310836792
208,0.0011730194091796875,107.84010410308838
209,0.0011768341064453125,107.84128093719482
210,0.0011615753173828125,107.8424425125122
211,0.0011434555053710938,107.84358596801758
212,0.0011339187622070312,107.84471988677979
213,0.0011310577392578125,107.84585094451904
214,0.0011205673217773438,107.84697151184082
215,0.0011138916015625,107.84808540344238
216,0.0010862350463867188,107.84917163848877
217,0.0010919570922851562,107.85026359558105
218,0.0010833740234375,107.85134696960449
219,0.0010585784912109375,107.8524055480957
220,0.0010614395141601562,107.85346698760986
221,0.0010528564453125,107.85451984405518
222,0.0010404586791992188,107.85556030273438
223,0.001026153564453125,107.85658645629883
224,0.0010175704956054688,107.85760402679443
225,0.001007080078125,107.85861110687256
226,0.0010061264038085938,107.85961723327637
227,0.00099945068359375,107.86061668395996
