step,loss,cumulative_loss_sum
1,2.130859375,2.130859375
2,2.130859375,4.26171875
3,2.130859375,6.392578125
4,2.130859375,8.5234375
5,2.130859375,10.654296875
6,2.130859375,12.78515625
7,2.130859375,14.916015625
8,2.130859375,17.046875
9,1.8037109375,18.8505859375
10,1.5478515625,20.3984375
11,1.3759765625,21.7744140625
12,1.1904296875,22.96484375
13,1.0439453125,24.0087890625
14,0.9453125,24.9541015625
15,0.86572265625,25.81982421875
16,0.806640625,26.62646484375
17,0.7578125,27.38427734375
18,0.7158203125,28.10009765625
19,0.6689453125,28.76904296875
20,0.6298828125,29.39892578125
21,0.5908203125,29.98974609375
22,0.55517578125,30.544921875
23,0.5185546875,31.0634765625
24,0.48681640625,31.55029296875
25,0.45556640625,32.005859375
26,0.42578125,32.431640625
27,0.3974609375,32.8291015625
28,0.371337890625,33.200439453125
29,0.347412109375,33.5478515625
30,0.330810546875,33.878662109375
31,0.31103515625,34.189697265625
32,0.289794921875,34.4794921875
33,0.27099609375,34.75048828125
34,0.25390625,35.00439453125
35,0.2349853515625,35.2393798828125
36,0.2198486328125,35.459228515625
37,0.208251953125,35.66748046875
38,0.196533203125,35.864013671875
39,0.185546875,36.049560546875
40,0.17724609375,36.226806640625
41,0.1676025390625,36.3944091796875
42,0.1600341796875,36.554443359375
43,0.1502685546875,36.7047119140625
44,0.1444091796875,36.84912109375
45,0.1348876953125,36.9840087890625
46,0.1273193359375,37.111328125
47,0.12103271484375,37.23236083984375
48,0.114501953125,37.34686279296875
49,0.10919189453125,37.4560546875
50,0.1038818359375,37.5599365234375
51,0.099853515625,37.6597900390625
52,0.094482421875,37.7542724609375
53,0.09027099609375,37.84454345703125
54,0.0849609375,37.92950439453125
55,0.07977294921875,38.00927734375
56,0.07525634765625,38.08453369140625
57,0.07196044921875,38.156494140625
58,0.06781005859375,38.22430419921875
59,0.06500244140625,38.289306640625
60,0.060516357421875,38.349822998046875
61,0.057586669921875,38.40740966796875
62,0.0538330078125,38.46124267578125
63,0.05084228515625,38.5120849609375
64,0.04827880859375,38.56036376953125
65,0.046112060546875,38.606475830078125
66,0.043975830078125,38.65045166015625
67,0.041839599609375,38.692291259765625
68,0.03973388671875,38.732025146484375
69,0.0377197265625,38.769744873046875
70,0.03533935546875,38.805084228515625
71,0.033172607421875,38.8382568359375
72,0.03118896484375,38.86944580078125
73,0.0294189453125,38.89886474609375
74,0.0276031494140625,38.92646789550781
75,0.0255889892578125,38.952056884765625
76,0.023956298828125,38.97601318359375
77,0.0225067138671875,38.99851989746094
78,0.02117919921875,39.01969909667969
79,0.0201416015625,39.03984069824219
80,0.018768310546875,39.05860900878906
81,0.017608642578125,39.07621765136719
82,0.0164947509765625,39.09271240234375
83,0.01551055908203125,39.10822296142578
84,0.01467132568359375,39.122894287109375
85,0.01397705078125,39.136871337890625
86,0.01329803466796875,39.150169372558594
87,0.01241302490234375,39.16258239746094
88,0.01171875,39.17430114746094
89,0.01108551025390625,39.185386657714844
90,0.01039886474609375,39.19578552246094
91,0.0097808837890625,39.20556640625
92,0.00936126708984375,39.214927673339844
93,0.00878143310546875,39.22370910644531
94,0.00844573974609375,39.232154846191406
95,0.00807952880859375,39.240234375
96,0.007633209228515625,39.247867584228516
97,0.007320404052734375,39.25518798828125
98,0.007114410400390625,39.26230239868164
99,0.006855010986328125,39.26915740966797
100,0.00658416748046875,39.27574157714844
101,0.006343841552734375,39.28208541870117
102,0.00614166259765625,39.28822708129883
103,0.00592803955078125,39.29415512084961
104,0.005718231201171875,39.29987335205078
105,0.00555419921875,39.30542755126953
106,0.00536346435546875,39.310791015625
107,0.005222320556640625,39.31601333618164
108,0.005138397216796875,39.32115173339844
109,0.004985809326171875,39.32613754272461
110,0.004825592041015625,39.330963134765625
111,0.0046844482421875,39.33564758300781
112,0.004581451416015625,39.34022903442383
113,0.004505157470703125,39.34473419189453
114,0.004367828369140625,39.34910202026367
115,0.0042572021484375,39.35335922241211
116,0.00418853759765625,39.357547760009766
117,0.00406646728515625,39.36161422729492
118,0.003986358642578125,39.3656005859375
119,0.00392913818359375,39.369529724121094
120,0.003826141357421875,39.373355865478516
121,0.0037593841552734375,39.37711524963379
122,0.003673553466796875,39.380788803100586
123,0.0035858154296875,39.38437461853027
124,0.0035037994384765625,39.38787841796875
125,0.00347900390625,39.391357421875
126,0.003376007080078125,39.39473342895508
127,0.003314971923828125,39.398048400878906
128,0.00324249267578125,39.40129089355469
129,0.0031948089599609375,39.40448570251465
130,0.00312042236328125,39.40760612487793
131,0.0030574798583984375,39.41066360473633
132,0.003009796142578125,39.413673400878906
133,0.0029582977294921875,39.4166316986084
134,0.0029087066650390625,39.41954040527344
135,0.0028629302978515625,39.42240333557129
136,0.002811431884765625,39.425214767456055
137,0.002765655517578125,39.42798042297363
138,0.0027103424072265625,39.43069076538086
139,0.0026683807373046875,39.433359146118164
140,0.0026397705078125,39.43599891662598
141,0.002574920654296875,39.43857383728027
142,0.00255584716796875,39.44112968444824
143,0.0025177001953125,39.443647384643555
144,0.0024547576904296875,39.446102142333984
145,0.002429962158203125,39.44853210449219
146,0.0024051666259765625,39.450937271118164
147,0.0023593902587890625,39.45329666137695
148,0.0023136138916015625,39.455610275268555
149,0.0022716522216796875,39.457881927490234
150,0.002262115478515625,39.46014404296875
151,0.0022335052490234375,39.46237754821777
152,0.002197265625,39.46457481384277
153,0.0021877288818359375,39.46676254272461
154,0.0021419525146484375,39.46890449523926
155,0.0021190643310546875,39.47102355957031
156,0.0020904541015625,39.473114013671875
157,0.0020732879638671875,39.47518730163574
158,0.00203704833984375,39.477224349975586
159,0.002025604248046875,39.47924995422363
160,0.002002716064453125,39.481252670288086
161,0.00196075439453125,39.48321342468262
162,0.0019378662109375,39.485151290893555
163,0.0019245147705078125,39.48707580566406
164,0.0019025802612304688,39.48897838592529
165,0.0018787384033203125,39.49085712432861
166,0.0018548965454101562,39.49271202087402
167,0.0018377304077148438,39.49454975128174
168,0.0018167495727539062,39.49636650085449
169,0.0017938613891601562,39.49816036224365
170,0.00177001953125,39.4999303817749
171,0.0017423629760742188,39.50167274475098
172,0.0017414093017578125,39.503414154052734
173,0.0017328262329101562,39.505146980285645
174,0.0017108917236328125,39.50685787200928
175,0.001689910888671875,39.50854778289795
176,0.0016813278198242188,39.51022911071777
177,0.0016498565673828125,39.511878967285156
178,0.001628875732421875,39.51350784301758
179,0.0016222000122070312,39.515130043029785
180,0.0016012191772460938,39.51673126220703
181,0.0015897750854492188,39.51832103729248
182,0.0015649795532226562,39.5198860168457
183,0.0015439987182617188,39.521430015563965
184,0.0015354156494140625,39.52296543121338
185,0.0015153884887695312,39.52448081970215
186,0.0015087127685546875,39.5259895324707
187,0.0014963150024414062,39.527485847473145
188,0.001483917236328125,39.52896976470947
189,0.00147247314453125,39.530442237854004
190,0.0014543533325195312,39.53189659118652
191,0.0014390945434570312,39.53333568572998
192,0.00142669677734375,39.534762382507324
193,0.001415252685546875,39.53617763519287
194,0.00139617919921875,39.53757381439209
195,0.0013837814331054688,39.538957595825195
196,0.00138092041015625,39.54033851623535
197,0.00136566162109375,39.541704177856445
198,0.0013475418090820312,39.54305171966553
199,0.0013484954833984375,39.544400215148926
200,0.0013360977172851562,39.54573631286621
201,0.0013189315795898438,39.5470552444458
202,0.0013132095336914062,39.54836845397949
203,0.0012950897216796875,39.54966354370117
204,0.0012979507446289062,39.5509614944458
205,0.0012836456298828125,39.552245140075684
206,0.00127410888671875,39.5535192489624
207,0.0012617111206054688,39.55478096008301
208,0.0012540817260742188,39.55603504180908
209,0.0012464523315429688,39.557281494140625
210,0.0012407302856445312,39.55852222442627
211,0.0012302398681640625,39.559752464294434
212,0.0012216567993164062,39.56097412109375
213,0.0012226104736328125,39.56219673156738
214,0.0012044906616210938,39.563401222229004
215,0.0011949539184570312,39.56459617614746
216,0.0011854171752929688,39.565781593322754
217,0.0011796951293945312,39.56696128845215
218,0.001171112060546875,39.568132400512695
219,0.0011568069458007812,39.569289207458496
220,0.001148223876953125,39.57043743133545
221,0.0011396408081054688,39.571577072143555
222,0.0011358261108398438,39.572712898254395
223,0.0011320114135742188,39.57384490966797
224,0.0011196136474609375,39.57496452331543
225,0.0011167526245117188,39.57608127593994
226,0.0011129379272460938,39.57719421386719
227,0.0010957717895507812,39.57828998565674
228,0.0011005401611328125,39.57939052581787
229,0.0010862350463867188,39.58047676086426
230,0.0010814666748046875,39.58155822753906
231,0.0010700225830078125,39.58262825012207
232,0.0010662078857421875,39.58369445800781
233,0.001056671142578125,39.58475112915039
234,0.0010585784912109375,39.5858097076416
235,0.0010557174682617188,39.58686542510986
236,0.0010442733764648438,39.58790969848633
237,0.00104522705078125,39.58895492553711
238,0.0010309219360351562,39.589985847473145
239,0.00101470947265625,39.5910005569458
240,0.0010166168212890625,39.59201717376709
241,0.0010042190551757812,39.593021392822266
242,0.0010042190551757812,39.59402561187744
243,0.0009927749633789062,39.59501838684082
