step,loss,cumulative_loss_sum
1,3.318359375,3.318359375
2,3.318359375,6.63671875
3,3.318359375,9.955078125
4,3.318359375,13.2734375
5,3.318359375,16.591796875
6,3.318359375,19.91015625
7,3.150390625,23.060546875
8,2.96484375,26.025390625
9,2.85546875,28.880859375
10,2.74609375,31.626953125
11,2.63671875,34.263671875
12,2.498046875,36.76171875
13,2.421875,39.18359375
14,2.421875,41.60546875
15,2.2734375,43.87890625
16,2.640625,46.51953125
17,2.640625,49.16015625
18,2.158203125,51.318359375
19,2.119140625,53.4375
20,2.0625,55.5
21,1.8896484375,57.3896484375
22,2.1875,59.5771484375
23,1.892578125,61.4697265625
24,1.9462890625,63.416015625
25,1.8427734375,65.2587890625
26,1.7021484375,66.9609375
27,1.951171875,68.912109375
28,1.6640625,70.576171875
29,1.89453125,72.470703125
30,1.6181640625,74.0888671875
31,1.77734375,75.8662109375
32,1.5615234375,77.427734375
33,1.6435546875,79.0712890625
34,1.5087890625,80.580078125
35,1.4638671875,82.0439453125
36,1.4169921875,83.4609375
37,1.3779296875,84.8388671875
38,1.36328125,86.2021484375
39,1.2822265625,87.484375
40,1.2958984375,88.7802734375
41,1.2060546875,89.986328125
42,1.224609375,91.2109375
43,1.158203125,92.369140625
44,1.173828125,93.54296875
45,1.0966796875,94.6396484375
46,1.095703125,95.7353515625
47,1.09765625,96.8330078125
48,1.0400390625,97.873046875
49,0.99609375,98.869140625
50,0.9873046875,99.8564453125
51,0.93896484375,100.79541015625
52,0.93896484375,101.734375
53,0.89697265625,102.63134765625
54,0.8916015625,103.52294921875
55,0.85791015625,104.380859375
56,0.84375,105.224609375
57,0.8076171875,106.0322265625
58,0.7890625,106.8212890625
59,0.77734375,107.5986328125
60,0.77001953125,108.36865234375
61,0.7548828125,109.12353515625
62,0.73779296875,109.861328125
63,0.70849609375,110.56982421875
64,0.7158203125,111.28564453125
65,0.68115234375,111.966796875
66,0.6806640625,112.6474609375
67,0.64306640625,113.29052734375
68,0.65380859375,113.9443359375
69,0.61572265625,114.56005859375
70,0.6220703125,115.18212890625
71,0.60400390625,115.7861328125
72,0.59326171875,116.37939453125
73,0.58203125,116.96142578125
74,0.56884765625,117.5302734375
75,0.5478515625,118.078125
76,0.5419921875,118.6201171875
77,0.5390625,119.1591796875
78,0.5029296875,119.662109375
79,0.51220703125,120.17431640625
80,0.48486328125,120.6591796875
81,0.488525390625,121.147705078125
82,0.46826171875,121.615966796875
83,0.461181640625,122.0771484375
84,0.450927734375,122.528076171875
85,0.431884765625,122.9599609375
86,0.410400390625,123.370361328125
87,0.42138671875,123.791748046875
88,0.40478515625,124.196533203125
89,0.388671875,124.585205078125
90,0.385009765625,124.97021484375
91,0.374267578125,125.344482421875
92,0.366455078125,125.7109375
93,0.3525390625,126.0634765625
94,0.346435546875,126.409912109375
95,0.344970703125,126.7548828125
96,0.343505859375,127.098388671875
97,0.315185546875,127.41357421875
98,0.3271484375,127.74072265625
99,0.30810546875,128.048828125
100,0.31396484375,128.36279296875
101,0.292236328125,128.655029296875
102,0.305419921875,128.96044921875
103,0.281982421875,129.242431640625
104,0.2919921875,129.534423828125
105,0.2666015625,129.801025390625
106,0.270263671875,130.0712890625
107,0.2734375,130.3447265625
108,0.261474609375,130.606201171875
109,0.25390625,130.860107421875
110,0.250732421875,131.11083984375
111,0.243896484375,131.354736328125
112,0.240234375,131.594970703125
113,0.2318115234375,131.8267822265625
114,0.2314453125,132.0582275390625
115,0.2269287109375,132.28515625
116,0.2255859375,132.5107421875
117,0.2193603515625,132.7301025390625
118,0.2186279296875,132.94873046875
119,0.2061767578125,133.1549072265625
120,0.2120361328125,133.366943359375
121,0.197509765625,133.564453125
122,0.2021484375,133.7666015625
123,0.1905517578125,133.9571533203125
124,0.194580078125,134.1517333984375
125,0.1851806640625,134.3369140625
126,0.186279296875,134.523193359375
127,0.177001953125,134.7001953125
128,0.182373046875,134.882568359375
129,0.166259765625,135.048828125
130,0.17578125,135.224609375
131,0.1597900390625,135.3843994140625
132,0.1634521484375,135.5478515625
133,0.1585693359375,135.7064208984375
134,0.1591796875,135.8656005859375
135,0.1484375,136.0140380859375
136,0.154541015625,136.1685791015625
137,0.142822265625,136.3114013671875
138,0.1483154296875,136.459716796875
139,0.138427734375,136.59814453125
140,0.1453857421875,136.7435302734375
141,0.1328125,136.8763427734375
142,0.1378173828125,137.01416015625
143,0.129150390625,137.143310546875
144,0.135498046875,137.27880859375
145,0.125732421875,137.404541015625
146,0.1295166015625,137.5340576171875
147,0.12353515625,137.6575927734375
148,0.12646484375,137.7840576171875
149,0.11871337890625,137.90277099609375
150,0.12213134765625,138.02490234375
151,0.112060546875,138.136962890625
152,0.11920166015625,138.25616455078125
153,0.10791015625,138.36407470703125
154,0.1134033203125,138.47747802734375
155,0.10443115234375,138.5819091796875
156,0.1097412109375,138.691650390625
157,0.10009765625,138.791748046875
158,0.10528564453125,138.89703369140625
159,0.0960693359375,138.99310302734375
160,0.101806640625,139.09490966796875
161,0.09234619140625,139.187255859375
162,0.0963134765625,139.2835693359375
163,0.08721923828125,139.37078857421875
164,0.0921630859375,139.46295166015625
165,0.08636474609375,139.54931640625
166,0.0882568359375,139.6375732421875
167,0.08258056640625,139.72015380859375
168,0.08502197265625,139.80517578125
169,0.078125,139.88330078125
170,0.08233642578125,139.96563720703125
171,0.07635498046875,140.0419921875
172,0.07904052734375,140.12103271484375
173,0.072021484375,140.19305419921875
174,0.076416015625,140.26947021484375
175,0.07110595703125,140.340576171875
176,0.07208251953125,140.41265869140625
177,0.06829833984375,140.48095703125
178,0.0692138671875,140.5501708984375
179,0.06561279296875,140.61578369140625
180,0.06671142578125,140.6824951171875
181,0.06201171875,140.7445068359375
182,0.064697265625,140.8092041015625
183,0.060455322265625,140.86965942382812
184,0.0626220703125,140.93228149414062
185,0.05755615234375,140.98983764648438
186,0.05975341796875,141.04959106445312
187,0.054290771484375,141.1038818359375
188,0.058013916015625,141.16189575195312
189,0.05169677734375,141.21359252929688
190,0.05487060546875,141.26846313476562
191,0.04962158203125,141.31808471679688
192,0.05291748046875,141.37100219726562
193,0.0472412109375,141.41824340820312
194,0.05029296875,141.46853637695312
195,0.046051025390625,141.51458740234375
196,0.04864501953125,141.563232421875
197,0.043853759765625,141.60708618164062
198,0.045684814453125,141.65277099609375
199,0.04144287109375,141.6942138671875
200,0.044677734375,141.7388916015625
201,0.038970947265625,141.77786254882812
202,0.041259765625,141.81912231445312
203,0.03741455078125,141.85653686523438
204,0.04022216796875,141.89675903320312
205,0.035888671875,141.93264770507812
206,0.038482666015625,141.97113037109375
207,0.033477783203125,142.00460815429688
208,0.035980224609375,142.04058837890625
209,0.0413818359375,142.08197021484375
210,0.03411865234375,142.1160888671875
211,0.03521728515625,142.15130615234375
212,0.033721923828125,142.18502807617188
213,0.03204345703125,142.21707153320312
214,0.032562255859375,142.2496337890625
215,0.0306243896484375,142.28025817871094
216,0.0310821533203125,142.31134033203125
217,0.02978515625,142.34112548828125
218,0.0300140380859375,142.3711395263672
219,0.0283203125,142.3994598388672
220,0.0283050537109375,142.42776489257812
221,0.0296173095703125,142.45738220214844
222,0.0272674560546875,142.48464965820312
223,0.0267333984375,142.51138305664062
224,0.0267486572265625,142.5381317138672
225,0.025787353515625,142.5639190673828
226,0.02587890625,142.5897979736328
227,0.0244140625,142.6142120361328
228,0.02508544921875,142.63929748535156
229,0.0230255126953125,142.66232299804688
230,0.024078369140625,142.6864013671875
231,0.0233612060546875,142.7097625732422
232,0.0226898193359375,142.73245239257812
233,0.0220794677734375,142.75453186035156
234,0.0218658447265625,142.77639770507812
235,0.0201263427734375,142.79652404785156
236,0.0217437744140625,142.81826782226562
237,0.0197296142578125,142.83799743652344
238,0.0210418701171875,142.85903930664062
239,0.01861572265625,142.87765502929688
240,0.019989013671875,142.89764404296875
241,0.0180511474609375,142.9156951904297
242,0.0191192626953125,142.934814453125
243,0.01715087890625,142.95196533203125
244,0.0187530517578125,142.97071838378906
245,0.016510009765625,142.9872283935547
246,0.018218994140625,143.0054473876953
247,0.0157928466796875,143.021240234375
248,0.017486572265625,143.03872680664062
249,0.0151214599609375,143.05384826660156
250,0.0166015625,143.07044982910156
251,0.01486968994140625,143.08531951904297
252,0.016387939453125,143.1017074584961
253,0.015594482421875,143.11730194091797
254,0.01517486572265625,143.13247680664062
255,0.01461029052734375,143.14708709716797
256,0.01451873779296875,143.16160583496094
257,0.01343536376953125,143.17504119873047
258,0.01506805419921875,143.1901092529297
259,0.01331329345703125,143.20342254638672
260,0.01331329345703125,143.21673583984375
261,0.017669677734375,143.23440551757812
262,0.012451171875,143.24685668945312
263,0.01433563232421875,143.26119232177734
264,0.0120391845703125,143.27323150634766
265,0.01373291015625,143.2869644165039
266,0.0119476318359375,143.29891204833984
267,0.012176513671875,143.31108856201172
268,0.01200103759765625,143.32308959960938
269,0.010986328125,143.33407592773438
270,0.011688232421875,143.34576416015625
271,0.01053619384765625,143.3563003540039
272,0.0111846923828125,143.36748504638672
273,0.01023101806640625,143.37771606445312
274,0.01068115234375,143.38839721679688
275,0.00970458984375,143.39810180664062
276,0.01032257080078125,143.4084243774414
277,0.0093994140625,143.4178237915039
278,0.00934600830078125,143.4271697998047
279,0.01361083984375,143.44078063964844
280,0.00878143310546875,143.4495620727539
281,0.01068878173828125,143.4602508544922
282,0.00884246826171875,143.4690933227539
283,0.00827789306640625,143.4773712158203
284,0.0090789794921875,143.4864501953125
285,0.008209228515625,143.49465942382812
286,0.00833892822265625,143.50299835205078
287,0.0091094970703125,143.5121078491211
288,0.00787353515625,143.51998138427734
289,0.00848388671875,143.5284652709961
290,0.00765228271484375,143.53611755371094
291,0.0078277587890625,143.5439453125
292,0.007404327392578125,143.55134963989258
293,0.007709503173828125,143.5590591430664
294,0.0067901611328125,143.56584930419922
295,0.00927734375,143.57512664794922
296,0.006622314453125,143.58174896240234
297,0.0079345703125,143.58968353271484
298,0.006443023681640625,143.59612655639648
299,0.006725311279296875,143.60285186767578
300,0.006317138671875,143.60916900634766
301,0.00629425048828125,143.61546325683594
302,0.0059967041015625,143.6214599609375
303,0.0060882568359375,143.62754821777344
304,0.00588226318359375,143.63343048095703
305,0.005950927734375,143.6393814086914
306,0.0056915283203125,143.64507293701172
307,0.005733489990234375,143.65080642700195
308,0.005558013916015625,143.65636444091797
309,0.0054473876953125,143.66181182861328
310,0.005527496337890625,143.66733932495117
311,0.005329132080078125,143.67266845703125
312,0.005138397216796875,143.67780685424805
313,0.0054779052734375,143.68328475952148
314,0.004856109619140625,143.68814086914062
315,0.005023956298828125,143.69316482543945
316,0.004726409912109375,143.69789123535156
317,0.00469207763671875,143.70258331298828
318,0.00469207763671875,143.707275390625
319,0.004398345947265625,143.71167373657227
320,0.00447845458984375,143.7161521911621
321,0.004367828369140625,143.72052001953125
322,0.004238128662109375,143.72475814819336
323,0.004131317138671875,143.72888946533203
324,0.004077911376953125,143.73296737670898
325,0.004123687744140625,143.73709106445312
326,0.00388336181640625,143.74097442626953
327,0.0038604736328125,143.74483489990234
328,0.0036678314208984375,143.74850273132324
329,0.0037097930908203125,143.75221252441406
330,0.0035572052001953125,143.75576972961426
331,0.0034885406494140625,143.75925827026367
332,0.003314971923828125,143.7625732421875
333,0.00339508056640625,143.7659683227539
334,0.003208160400390625,143.7691764831543
335,0.0031604766845703125,143.77233695983887
336,0.0029926300048828125,143.77532958984375
337,0.00377655029296875,143.77910614013672
338,0.0028095245361328125,143.78191566467285
339,0.00290679931640625,143.78482246398926
340,0.0029277801513671875,143.78775024414062
341,0.002712249755859375,143.79046249389648
342,0.0028476715087890625,143.79331016540527
343,0.0027751922607421875,143.79608535766602
344,0.0025844573974609375,143.79866981506348
345,0.002353668212890625,143.80102348327637
346,0.002353668212890625,143.80337715148926
347,0.0023632049560546875,143.8057403564453
348,0.0025501251220703125,143.80829048156738
349,0.00229644775390625,143.8105869293213
350,0.002338409423828125,143.81292533874512
351,0.0027828216552734375,143.8157081604004
352,0.002101898193359375,143.81781005859375
353,0.00200653076171875,143.81981658935547
354,0.0019502639770507812,143.82176685333252
355,0.0019121170043945312,143.8236789703369
356,0.00191497802734375,143.82559394836426
357,0.0018711090087890625,143.82746505737305
358,0.0018815994262695312,143.82934665679932
359,0.001766204833984375,143.8311128616333
360,0.0018367767333984375,143.8329496383667
361,0.0017795562744140625,143.8347291946411
362,0.0016937255859375,143.83642292022705
363,0.0016603469848632812,143.8380832672119
364,0.0017032623291015625,143.83978652954102
365,0.0016393661499023438,143.84142589569092
366,0.0016498565673828125,143.8430757522583
367,0.0015306472778320312,143.84460639953613
368,0.0015354156494140625,143.84614181518555
369,0.0014734268188476562,143.8476152420044
370,0.0015115737915039062,143.8491268157959
371,0.0014200210571289062,143.85054683685303
372,0.001422882080078125,143.8519697189331
373,0.0013675689697265625,143.85333728790283
374,0.001377105712890625,143.85471439361572
375,0.00133514404296875,143.8560495376587
376,0.0013217926025390625,143.85737133026123
377,0.0012989044189453125,143.85867023468018
378,0.0013761520385742188,143.86004638671875
379,0.0012760162353515625,143.8613224029541
380,0.0012569427490234375,143.86257934570312
381,0.0012226104736328125,143.86380195617676
382,0.0012197494506835938,143.86502170562744
383,0.0012054443359375,143.86622714996338
384,0.0012006759643554688,143.86742782592773
385,0.0011606216430664062,143.8685884475708
386,0.0011730194091796875,143.86976146697998
387,0.0011463165283203125,143.8709077835083
388,0.0011548995971679688,143.87206268310547
389,0.00110626220703125,143.8731689453125
390,0.001102447509765625,143.87427139282227
391,0.0010671615600585938,143.87533855438232
392,0.0010442733764648438,143.8763828277588
393,0.00103759765625,143.87742042541504
394,0.001026153564453125,143.8784465789795
395,0.0010223388671875,143.87946891784668
396,0.001003265380859375,143.88047218322754
397,0.0009832382202148438,143.88145542144775
