step,loss,cumulative_loss_sum
1,0.65087890625,0.65087890625
2,0.65087890625,1.3017578125
3,0.65087890625,1.95263671875
4,0.65087890625,2.603515625
5,0.65087890625,3.25439453125
6,0.58447265625,3.8388671875
7,0.5126953125,4.3515625
8,0.453369140625,4.804931640625
9,0.40234375,5.207275390625
10,0.360595703125,5.56787109375
11,0.32958984375,5.8974609375
12,0.294921875,6.1923828125
13,0.274658203125,6.467041015625
14,0.255615234375,6.72265625
15,0.2418212890625,6.9644775390625
16,0.2222900390625,7.186767578125
17,0.2066650390625,7.3934326171875
18,0.191162109375,7.5845947265625
19,0.17822265625,7.7628173828125
20,0.166259765625,7.9290771484375
21,0.157470703125,8.0865478515625
22,0.145263671875,8.2318115234375
23,0.13525390625,8.3670654296875
24,0.1256103515625,8.49267578125
25,0.11773681640625,8.61041259765625
26,0.11114501953125,8.7215576171875
27,0.10369873046875,8.82525634765625
28,0.09716796875,8.92242431640625
29,0.09185791015625,9.0142822265625
30,0.0887451171875,9.10302734375
31,0.08404541015625,9.18707275390625
32,0.08154296875,9.26861572265625
33,0.07708740234375,9.345703125
34,0.07403564453125,9.41973876953125
35,0.0704345703125,9.49017333984375
36,0.06707763671875,9.5572509765625
37,0.06268310546875,9.61993408203125
38,0.060150146484375,9.680084228515625
39,0.05657958984375,9.736663818359375
40,0.0535888671875,9.790252685546875
41,0.04998779296875,9.840240478515625
42,0.0484619140625,9.888702392578125
43,0.04534912109375,9.934051513671875
44,0.043426513671875,9.97747802734375
45,0.0408935546875,10.01837158203125
46,0.038970947265625,10.057342529296875
47,0.036865234375,10.094207763671875
48,0.0347900390625,10.128997802734375
49,0.033355712890625,10.162353515625
50,0.031280517578125,10.193634033203125
51,0.0290985107421875,10.222732543945312
52,0.0276947021484375,10.25042724609375
53,0.0268096923828125,10.277236938476562
54,0.024688720703125,10.301925659179688
55,0.023193359375,10.325119018554688
56,0.02105712890625,10.346176147460938
57,0.0196533203125,10.365829467773438
58,0.0185546875,10.384384155273438
59,0.0170745849609375,10.401458740234375
60,0.01580810546875,10.417266845703125
61,0.0147705078125,10.432037353515625
62,0.01367950439453125,10.445716857910156
63,0.013092041015625,10.458808898925781
64,0.01201629638671875,10.4708251953125
65,0.0112152099609375,10.482040405273438
66,0.0106658935546875,10.492706298828125
67,0.0099334716796875,10.502639770507812
68,0.0091400146484375,10.51177978515625
69,0.00862884521484375,10.520408630371094
70,0.008331298828125,10.528739929199219
71,0.007781982421875,10.536521911621094
72,0.0074462890625,10.543968200683594
73,0.0070037841796875,10.550971984863281
74,0.00675201416015625,10.557723999023438
75,0.00634765625,10.564071655273438
76,0.006153106689453125,10.57022476196289
77,0.005893707275390625,10.576118469238281
78,0.005641937255859375,10.58176040649414
79,0.00548553466796875,10.58724594116211
80,0.005218505859375,10.592464447021484
81,0.00506591796875,10.597530364990234
82,0.004756927490234375,10.602287292480469
83,0.00460052490234375,10.606887817382812
84,0.004459381103515625,10.611347198486328
85,0.004364013671875,10.615711212158203
86,0.00409698486328125,10.619808197021484
87,0.004039764404296875,10.623847961425781
88,0.003879547119140625,10.627727508544922
89,0.00372314453125,10.631450653076172
90,0.003665924072265625,10.635116577148438
91,0.0035762786865234375,10.638692855834961
92,0.0034694671630859375,10.642162322998047
93,0.003391265869140625,10.645553588867188
94,0.003265380859375,10.648818969726562
95,0.003173828125,10.651992797851562
96,0.003086090087890625,10.655078887939453
97,0.0030536651611328125,10.658132553100586
98,0.0030269622802734375,10.66115951538086
99,0.002925872802734375,10.664085388183594
100,0.0028629302978515625,10.666948318481445
101,0.0027942657470703125,10.669742584228516
102,0.0027294158935546875,10.67247200012207
103,0.002666473388671875,10.675138473510742
104,0.0026092529296875,10.67774772644043
105,0.00258636474609375,10.680334091186523
106,0.0025348663330078125,10.682868957519531
107,0.002490997314453125,10.685359954833984
108,0.0024471282958984375,10.687807083129883
109,0.002410888671875,10.690217971801758
110,0.0023632049560546875,10.692581176757812
111,0.0023059844970703125,10.694887161254883
112,0.00225830078125,10.697145462036133
113,0.0022449493408203125,10.699390411376953
114,0.0022182464599609375,10.701608657836914
115,0.002185821533203125,10.703794479370117
116,0.00215911865234375,10.705953598022461
117,0.002109527587890625,10.708063125610352
118,0.0020809173583984375,10.71014404296875
119,0.002048492431640625,10.71219253540039
120,0.00200653076171875,10.71419906616211
121,0.0019817352294921875,10.716180801391602
122,0.0019330978393554688,10.718113899230957
123,0.0019292831420898438,10.720043182373047
124,0.00189971923828125,10.721942901611328
125,0.0018720626831054688,10.723814964294434
126,0.00185394287109375,10.725668907165527
127,0.0018167495727539062,10.727485656738281
128,0.0017881393432617188,10.729273796081543
129,0.0017805099487304688,10.731054306030273
130,0.001750946044921875,10.732805252075195
131,0.0017194747924804688,10.734524726867676
132,0.0016956329345703125,10.736220359802246
133,0.0016794204711914062,10.737899780273438
134,0.001651763916015625,10.739551544189453
135,0.0016412734985351562,10.741192817687988
136,0.0016126632690429688,10.742805480957031
137,0.0015859603881835938,10.744391441345215
138,0.001575469970703125,10.745966911315918
139,0.0015621185302734375,10.747529029846191
140,0.00154876708984375,10.749077796936035
141,0.0015316009521484375,10.750609397888184
142,0.0015058517456054688,10.752115249633789
143,0.0014867782592773438,10.753602027893066
144,0.001468658447265625,10.755070686340332
145,0.0014495849609375,10.75652027130127
146,0.0014476776123046875,10.757967948913574
147,0.0014362335205078125,10.759404182434082
148,0.001407623291015625,10.760811805725098
149,0.0013895034790039062,10.762201309204102
150,0.0013828277587890625,10.76358413696289
151,0.0013513565063476562,10.764935493469238
152,0.0013513565063476562,10.766286849975586
153,0.0013418197631835938,10.76762866973877
154,0.0013208389282226562,10.768949508666992
155,0.00131988525390625,10.770269393920898
156,0.0013017654418945312,10.771571159362793
157,0.0012788772583007812,10.772850036621094
158,0.0012674331665039062,10.774117469787598
159,0.001255035400390625,10.775372505187988
160,0.00124359130859375,10.776616096496582
161,0.0012340545654296875,10.777850151062012
162,0.001224517822265625,10.779074668884277
163,0.0012149810791015625,10.780289649963379
164,0.0012006759643554688,10.781490325927734
165,0.0011920928955078125,10.782682418823242
166,0.001178741455078125,10.78386116027832
167,0.0011663436889648438,10.785027503967285
168,0.0011587142944335938,10.786186218261719
169,0.0011415481567382812,10.787327766418457
170,0.001140594482421875,10.788468360900879
171,0.0011310577392578125,10.789599418640137
172,0.0011205673217773438,10.790719985961914
173,0.0011157989501953125,10.79183578491211
174,0.0011081695556640625,10.792943954467773
175,0.00109100341796875,10.794034957885742
176,0.0010900497436523438,10.795125007629395
177,0.0010786056518554688,10.79620361328125
178,0.0010652542114257812,10.797268867492676
179,0.0010576248168945312,10.79832649230957
180,0.001056671142578125,10.799383163452148
181,0.0010509490966796875,10.800434112548828
182,0.0010423660278320312,10.80147647857666
183,0.0010232925415039062,10.802499771118164
184,0.0010251998901367188,10.8035249710083
185,0.0010128021240234375,10.804537773132324
186,0.0010042190551757812,10.8055419921875
187,0.0009984970092773438,10.806540489196777
