step,loss,cumulative_loss_sum
1,1.8828125,1.8828125
2,1.8828125,3.765625
3,1.8828125,5.6484375
4,1.8828125,7.53125
5,1.8828125,9.4140625
6,1.8828125,11.296875
7,1.6767578125,12.9736328125
8,1.4853515625,14.458984375
9,1.2958984375,15.7548828125
10,1.1240234375,16.87890625
11,0.98828125,17.8671875
12,0.8388671875,18.7060546875
13,0.70068359375,19.40673828125
14,0.603515625,20.01025390625
15,0.5224609375,20.53271484375
16,0.453857421875,20.986572265625
17,0.38671875,21.373291015625
18,0.348388671875,21.7216796875
19,0.3095703125,22.03125
20,0.2802734375,22.3115234375
21,0.2496337890625,22.5611572265625
22,0.2215576171875,22.78271484375
23,0.2056884765625,22.9884033203125
24,0.1922607421875,23.1806640625
25,0.1766357421875,23.3572998046875
26,0.16455078125,23.5218505859375
27,0.1531982421875,23.675048828125
28,0.14208984375,23.817138671875
29,0.1336669921875,23.9508056640625
30,0.129150390625,24.0799560546875
31,0.122314453125,24.2022705078125
32,0.11712646484375,24.31939697265625
33,0.11273193359375,24.43212890625
34,0.1092529296875,24.5413818359375
35,0.10467529296875,24.64605712890625
36,0.10125732421875,24.747314453125
37,0.0968017578125,24.8441162109375
38,0.09552001953125,24.93963623046875
39,0.09033203125,25.02996826171875
40,0.0897216796875,25.11968994140625
41,0.08447265625,25.20416259765625
42,0.08258056640625,25.2867431640625
43,0.07928466796875,25.36602783203125
44,0.07763671875,25.44366455078125
45,0.0736083984375,25.51727294921875
46,0.0728759765625,25.59014892578125
47,0.06890869140625,25.6590576171875
48,0.06915283203125,25.72821044921875
49,0.06536865234375,25.7935791015625
50,0.06524658203125,25.85882568359375
51,0.0614013671875,25.92022705078125
52,0.061981201171875,25.982208251953125
53,0.058349609375,26.040557861328125
54,0.05865478515625,26.099212646484375
55,0.05584716796875,26.155059814453125
56,0.055694580078125,26.21075439453125
57,0.052825927734375,26.263580322265625
58,0.052581787109375,26.316162109375
59,0.05035400390625,26.36651611328125
60,0.05010986328125,26.4166259765625
61,0.04754638671875,26.46417236328125
62,0.0478515625,26.51202392578125
63,0.04449462890625,26.5565185546875
64,0.045166015625,26.6016845703125
65,0.04241943359375,26.64410400390625
66,0.04302978515625,26.6871337890625
67,0.039947509765625,26.727081298828125
68,0.040496826171875,26.767578125
69,0.03778076171875,26.80535888671875
70,0.03802490234375,26.8433837890625
71,0.03515625,26.8785400390625
72,0.035797119140625,26.914337158203125
73,0.03326416015625,26.947601318359375
74,0.03375244140625,26.981353759765625
75,0.031158447265625,27.01251220703125
76,0.032135009765625,27.044647216796875
77,0.0290374755859375,27.073684692382812
78,0.0296630859375,27.103347778320312
79,0.026824951171875,27.130172729492188
80,0.0270843505859375,27.157257080078125
81,0.0247650146484375,27.182022094726562
82,0.0251007080078125,27.207122802734375
83,0.0232086181640625,27.230331420898438
84,0.0234375,27.253768920898438
85,0.0214996337890625,27.2752685546875
86,0.021453857421875,27.296722412109375
87,0.02056884765625,27.317291259765625
88,0.02020263671875,27.337493896484375
89,0.019195556640625,27.356689453125
90,0.0187530517578125,27.375442504882812
91,0.0177154541015625,27.393157958984375
92,0.017669677734375,27.41082763671875
93,0.01654052734375,27.4273681640625
94,0.0166473388671875,27.444015502929688
95,0.01560211181640625,27.459617614746094
96,0.01531219482421875,27.474929809570312
97,0.0145721435546875,27.489501953125
98,0.01427459716796875,27.50377655029297
99,0.0137481689453125,27.51752471923828
100,0.01335906982421875,27.5308837890625
101,0.01299285888671875,27.54387664794922
102,0.01267242431640625,27.556549072265625
103,0.01201629638671875,27.568565368652344
104,0.01189422607421875,27.580459594726562
105,0.01136016845703125,27.591819763183594
106,0.01116180419921875,27.602981567382812
107,0.01059722900390625,27.61357879638672
108,0.0104827880859375,27.624061584472656
109,0.009857177734375,27.63391876220703
110,0.00991058349609375,27.643829345703125
111,0.00926971435546875,27.653099060058594
112,0.00922393798828125,27.662322998046875
113,0.0087738037109375,27.671096801757812
114,0.00859832763671875,27.67969512939453
115,0.0081787109375,27.68787384033203
116,0.0079498291015625,27.695823669433594
117,0.00753021240234375,27.703353881835938
118,0.007427215576171875,27.71078109741211
119,0.007038116455078125,27.717819213867188
120,0.0069122314453125,27.7247314453125
121,0.006542205810546875,27.731273651123047
122,0.00649261474609375,27.73776626586914
123,0.006168365478515625,27.743934631347656
124,0.006031036376953125,27.74996566772461
125,0.005619049072265625,27.755584716796875
126,0.005405426025390625,27.760990142822266
127,0.00524139404296875,27.766231536865234
128,0.005100250244140625,27.771331787109375
129,0.00487518310546875,27.776206970214844
130,0.00476837158203125,27.780975341796875
131,0.004634857177734375,27.78561019897461
132,0.00449371337890625,27.790103912353516
133,0.004344940185546875,27.794448852539062
134,0.00420379638671875,27.79865264892578
135,0.004085540771484375,27.802738189697266
136,0.0039825439453125,27.806720733642578
137,0.003871917724609375,27.810592651367188
138,0.003795623779296875,27.814388275146484
139,0.00370025634765625,27.81808853149414
140,0.0036106109619140625,27.821699142456055
141,0.0035190582275390625,27.825218200683594
142,0.0034236907958984375,27.828641891479492
143,0.003345489501953125,27.831987380981445
144,0.003284454345703125,27.83527183532715
145,0.00316619873046875,27.838438034057617
146,0.0031299591064453125,27.841567993164062
147,0.003086090087890625,27.844654083251953
148,0.00299835205078125,27.847652435302734
149,0.0029468536376953125,27.85059928894043
150,0.0028839111328125,27.853483200073242
151,0.0028553009033203125,27.856338500976562
152,0.0027637481689453125,27.859102249145508
153,0.0027217864990234375,27.86182403564453
154,0.0026798248291015625,27.864503860473633
155,0.0026226043701171875,27.86712646484375
156,0.0025730133056640625,27.869699478149414
157,0.002521514892578125,27.872220993041992
158,0.002498626708984375,27.874719619750977
159,0.0024356842041015625,27.877155303955078
160,0.0023860931396484375,27.879541397094727
161,0.002368927001953125,27.88191032409668
162,0.0023250579833984375,27.884235382080078
163,0.0023021697998046875,27.886537551879883
164,0.0022563934326171875,27.8887939453125
165,0.002227783203125,27.891021728515625
166,0.00218963623046875,27.893211364746094
167,0.002170562744140625,27.895381927490234
168,0.002124786376953125,27.897506713867188
169,0.002109527587890625,27.899616241455078
170,0.0020751953125,27.901691436767578
171,0.00203704833984375,27.903728485107422
172,0.0020084381103515625,27.905736923217773
173,0.0019969940185546875,27.907733917236328
174,0.001956939697265625,27.909690856933594
175,0.0019407272338867188,27.91163158416748
176,0.0019073486328125,27.913538932800293
177,0.0018796920776367188,27.91541862487793
178,0.0018672943115234375,27.917285919189453
179,0.0018396377563476562,27.9191255569458
180,0.00182342529296875,27.92094898223877
181,0.0017795562744140625,27.922728538513184
182,0.0017642974853515625,27.924492835998535
183,0.0017452239990234375,27.92623805999756
184,0.0017118453979492188,27.927949905395508
185,0.0017070770263671875,27.929656982421875
186,0.00168609619140625,27.93134307861328
187,0.0016641616821289062,27.93300724029541
188,0.0016355514526367188,27.934642791748047
189,0.0016183853149414062,27.93626117706299
190,0.0016050338745117188,27.9378662109375
191,0.0015840530395507812,27.93945026397705
192,0.0015630722045898438,27.94101333618164
193,0.00154876708984375,27.942562103271484
194,0.0015363693237304688,27.944098472595215
195,0.001499176025390625,27.945597648620605
196,0.001499176025390625,27.947096824645996
197,0.0014848709106445312,27.94858169555664
198,0.0014715194702148438,27.950053215026855
199,0.001445770263671875,27.951498985290527
200,0.001430511474609375,27.952929496765137
201,0.0014190673828125,27.95434856414795
202,0.0013914108276367188,27.955739974975586
203,0.0013799667358398438,27.957119941711426
204,0.0013599395751953125,27.95847988128662
205,0.0013599395751953125,27.959839820861816
206,0.0013275146484375,27.961167335510254
207,0.0013208389282226562,27.962488174438477
208,0.0013093948364257812,27.963797569274902
209,0.0012941360473632812,27.965091705322266
210,0.0012845993041992188,27.966376304626465
211,0.0012788772583007812,27.967655181884766
212,0.0012607574462890625,27.968915939331055
213,0.0012369155883789062,27.970152854919434
214,0.00122833251953125,27.971381187438965
215,0.0012273788452148438,27.97260856628418
216,0.00121307373046875,27.97382164001465
217,0.0012044906616210938,27.97502613067627
218,0.0011796951293945312,27.976205825805664
219,0.0011730194091796875,27.977378845214844
220,0.0011758804321289062,27.978554725646973
221,0.0011606216430664062,27.97971534729004
222,0.0011463165283203125,27.98086166381836
223,0.0011358261108398438,27.9819974899292
224,0.0011119842529296875,27.98310947418213
225,0.0011053085327148438,27.984214782714844
226,0.0010995864868164062,27.98531436920166
227,0.0011014938354492188,27.98641586303711
228,0.0010890960693359375,27.987504959106445
229,0.0010881423950195312,27.988593101501465
230,0.001068115234375,27.98966121673584
231,0.0010614395141601562,27.99072265625
232,0.0010595321655273438,27.991782188415527
233,0.0010433197021484375,27.992825508117676
234,0.0010366439819335938,27.99386215209961
235,0.0010166168212890625,27.9948787689209
236,0.0010061264038085938,27.995884895324707
237,0.0010004043579101562,27.996885299682617
238,0.0010013580322265625,27.997886657714844
239,0.0009794235229492188,27.998866081237793
