step,loss,cumulative_loss_sum
1,1.912109375,1.912109375
2,1.912109375,3.82421875
3,1.912109375,5.736328125
4,1.912109375,7.6484375
5,1.912109375,9.560546875
6,1.912109375,11.47265625
7,1.7392578125,13.2119140625
8,1.5546875,14.7666015625
9,1.38671875,16.1533203125
10,1.259765625,17.4130859375
11,1.1455078125,18.55859375
12,1.0458984375,19.6044921875
13,0.958984375,20.5634765625
14,0.880859375,21.4443359375
15,0.8115234375,22.255859375
16,0.7529296875,23.0087890625
17,0.70166015625,23.71044921875
18,0.65869140625,24.369140625
19,0.62939453125,24.99853515625
20,0.59228515625,25.5908203125
21,0.56201171875,26.15283203125
22,0.533203125,26.68603515625
23,0.51611328125,27.2021484375
24,0.50244140625,27.70458984375
25,0.476318359375,28.180908203125
26,0.4638671875,28.644775390625
27,0.449951171875,29.0947265625
28,0.42919921875,29.52392578125
29,0.41943359375,29.943359375
30,0.406494140625,30.349853515625
31,0.397216796875,30.7470703125
32,0.384033203125,31.131103515625
33,0.37255859375,31.503662109375
34,0.35693359375,31.860595703125
35,0.34375,32.204345703125
36,0.328857421875,32.533203125
37,0.316162109375,32.849365234375
38,0.31005859375,33.159423828125
39,0.294189453125,33.45361328125
40,0.2841796875,33.73779296875
41,0.275390625,34.01318359375
42,0.27001953125,34.283203125
43,0.258544921875,34.541748046875
44,0.250244140625,34.7919921875
45,0.2396240234375,35.0316162109375
46,0.2314453125,35.2630615234375
47,0.2216796875,35.4847412109375
48,0.21923828125,35.7039794921875
49,0.2056884765625,35.90966796875
50,0.2005615234375,36.1102294921875
51,0.195068359375,36.3052978515625
52,0.1912841796875,36.49658203125
53,0.183837890625,36.680419921875
54,0.18115234375,36.861572265625
55,0.1734619140625,37.0350341796875
56,0.1729736328125,37.2080078125
57,0.1650390625,37.373046875
58,0.165771484375,37.538818359375
59,0.1561279296875,37.6949462890625
60,0.1571044921875,37.85205078125
61,0.148681640625,38.000732421875
62,0.1507568359375,38.1514892578125
63,0.141845703125,38.2933349609375
64,0.143310546875,38.4366455078125
65,0.1363525390625,38.572998046875
66,0.1378173828125,38.7108154296875
67,0.1307373046875,38.841552734375
68,0.1322021484375,38.9737548828125
69,0.1251220703125,39.098876953125
70,0.126708984375,39.2255859375
71,0.1202392578125,39.3458251953125
72,0.12335205078125,39.46917724609375
73,0.1162109375,39.58538818359375
74,0.11907958984375,39.7044677734375
75,0.11151123046875,39.81597900390625
76,0.11529541015625,39.9312744140625
77,0.1082763671875,40.03955078125
78,0.11041259765625,40.14996337890625
79,0.104736328125,40.25469970703125
80,0.1065673828125,40.36126708984375
81,0.10107421875,40.46234130859375
82,0.1026611328125,40.56500244140625
83,0.0972900390625,40.66229248046875
84,0.09881591796875,40.7611083984375
85,0.0936279296875,40.854736328125
86,0.09527587890625,40.95001220703125
87,0.089599609375,41.03961181640625
88,0.09234619140625,41.1319580078125
89,0.08636474609375,41.21832275390625
90,0.0887451171875,41.30706787109375
91,0.08294677734375,41.3900146484375
92,0.0853271484375,41.475341796875
93,0.08038330078125,41.55572509765625
94,0.08135986328125,41.6370849609375
95,0.07720947265625,41.71429443359375
96,0.07781982421875,41.7921142578125
97,0.07470703125,41.8668212890625
98,0.07513427734375,41.94195556640625
99,0.07196044921875,42.013916015625
100,0.07269287109375,42.08660888671875
101,0.069091796875,42.15570068359375
102,0.070556640625,42.22625732421875
103,0.06683349609375,42.2930908203125
104,0.0679931640625,42.361083984375
105,0.06414794921875,42.42523193359375
106,0.06610107421875,42.4913330078125
107,0.061553955078125,42.552886962890625
108,0.06390380859375,42.616790771484375
109,0.05975341796875,42.676544189453125
110,0.0614013671875,42.737945556640625
111,0.058013916015625,42.79595947265625
112,0.059112548828125,42.855072021484375
113,0.0565185546875,42.911590576171875
114,0.057037353515625,42.9686279296875
115,0.054840087890625,43.023468017578125
116,0.055511474609375,43.0789794921875
117,0.05267333984375,43.13165283203125
118,0.054107666015625,43.185760498046875
119,0.0513916015625,43.237152099609375
120,0.05194091796875,43.289093017578125
121,0.049530029296875,43.338623046875
122,0.05023193359375,43.38885498046875
123,0.048004150390625,43.436859130859375
124,0.04827880859375,43.485137939453125
125,0.046417236328125,43.53155517578125
126,0.04693603515625,43.5784912109375
127,0.045440673828125,43.623931884765625
128,0.045501708984375,43.66943359375
129,0.0438232421875,43.7132568359375
130,0.044158935546875,43.757415771484375
131,0.0423583984375,43.799774169921875
132,0.0423583984375,43.842132568359375
133,0.040924072265625,43.883056640625
134,0.041107177734375,43.924163818359375
135,0.039581298828125,43.9637451171875
136,0.0399169921875,44.003662109375
137,0.03851318359375,44.04217529296875
138,0.038238525390625,44.080413818359375
139,0.03704833984375,44.117462158203125
140,0.03704833984375,44.154510498046875
141,0.03594970703125,44.190460205078125
142,0.035736083984375,44.2261962890625
143,0.034515380859375,44.260711669921875
144,0.03466796875,44.295379638671875
145,0.03338623046875,44.328765869140625
146,0.0330810546875,44.361846923828125
147,0.032196044921875,44.39404296875
148,0.032012939453125,44.426055908203125
149,0.030975341796875,44.45703125
150,0.03076171875,44.48779296875
151,0.0295562744140625,44.51734924316406
152,0.0294647216796875,44.54681396484375
153,0.0286712646484375,44.57548522949219
154,0.0284271240234375,44.603912353515625
155,0.0275726318359375,44.63148498535156
156,0.027313232421875,44.65879821777344
157,0.0266876220703125,44.68548583984375
158,0.0264892578125,44.71197509765625
159,0.0258636474609375,44.73783874511719
160,0.0257720947265625,44.76361083984375
161,0.02484130859375,44.7884521484375
162,0.024749755859375,44.813201904296875
163,0.024078369140625,44.8372802734375
164,0.023956298828125,44.861236572265625
165,0.023101806640625,44.88433837890625
166,0.023101806640625,44.907440185546875
167,0.0222625732421875,44.92970275878906
168,0.0223846435546875,44.95208740234375
169,0.02142333984375,44.9735107421875
170,0.021453857421875,44.994964599609375
171,0.020599365234375,45.01556396484375
172,0.0204010009765625,45.03596496582031
173,0.0197601318359375,45.05572509765625
174,0.019317626953125,45.075042724609375
175,0.01873779296875,45.093780517578125
176,0.0182952880859375,45.11207580566406
177,0.0179290771484375,45.1300048828125
178,0.0176849365234375,45.14768981933594
179,0.01715087890625,45.16484069824219
180,0.016845703125,45.18168640136719
181,0.016387939453125,45.19807434082031
182,0.01605224609375,45.21412658691406
183,0.0157623291015625,45.229888916015625
184,0.015411376953125,45.24530029296875
185,0.014892578125,45.26019287109375
186,0.0146636962890625,45.27485656738281
187,0.0142364501953125,45.289093017578125
188,0.01404571533203125,45.303138732910156
189,0.01363372802734375,45.3167724609375
190,0.01325225830078125,45.33002471923828
191,0.01303863525390625,45.34306335449219
192,0.0125274658203125,45.3555908203125
193,0.01239776611328125,45.36798858642578
194,0.0118255615234375,45.37981414794922
195,0.01158905029296875,45.39140319824219
196,0.01132965087890625,45.402732849121094
197,0.011199951171875,45.41393280029297
198,0.010833740234375,45.424766540527344
199,0.0106658935546875,45.43543243408203
200,0.01036834716796875,45.44580078125
201,0.01007080078125,45.45587158203125
202,0.009796142578125,45.465667724609375
203,0.00966644287109375,45.47533416748047
204,0.00921630859375,45.48455047607422
205,0.009033203125,45.49358367919922
206,0.0088348388671875,45.502418518066406
207,0.008758544921875,45.51117706298828
208,0.0084075927734375,45.51958465576172
209,0.00827789306640625,45.527862548828125
210,0.00811004638671875,45.535972595214844
211,0.0079345703125,45.543907165527344
212,0.0077056884765625,45.551612854003906
213,0.007648468017578125,45.559261322021484
214,0.007450103759765625,45.56671142578125
215,0.007293701171875,45.574005126953125
216,0.0072021484375,45.581207275390625
217,0.00698089599609375,45.58818817138672
218,0.00685882568359375,45.59504699707031
219,0.006755828857421875,45.601802825927734
220,0.006641387939453125,45.60844421386719
221,0.006504058837890625,45.61494827270508
222,0.006404876708984375,45.62135314941406
223,0.006244659423828125,45.62759780883789
224,0.006061553955078125,45.63365936279297
225,0.00594329833984375,45.63960266113281
226,0.00586700439453125,45.645469665527344
227,0.0057525634765625,45.651222229003906
228,0.00566864013671875,45.656890869140625
229,0.005584716796875,45.6624755859375
230,0.0055084228515625,45.66798400878906
231,0.005428314208984375,45.67341232299805
232,0.005340576171875,45.67875289916992
233,0.005218505859375,45.6839714050293
234,0.005126953125,45.6890983581543
235,0.005096435546875,45.69419479370117
236,0.004985809326171875,45.699180603027344
237,0.0049591064453125,45.704139709472656
238,0.004817962646484375,45.70895767211914
239,0.004764556884765625,45.713722229003906
240,0.00469970703125,45.718421936035156
241,0.00466156005859375,45.72308349609375
242,0.004547119140625,45.727630615234375
243,0.004497528076171875,45.73212814331055
244,0.0044708251953125,45.73659896850586
245,0.004390716552734375,45.740989685058594
246,0.00434112548828125,45.745330810546875
247,0.004291534423828125,45.7496223449707
248,0.00421905517578125,45.753841400146484
249,0.004161834716796875,45.75800323486328
250,0.004131317138671875,45.76213455200195
251,0.00409698486328125,45.766231536865234
252,0.004047393798828125,45.77027893066406
253,0.003948211669921875,45.774227142333984
254,0.003925323486328125,45.77815246582031
255,0.0038909912109375,45.78204345703125
256,0.003841400146484375,45.785884857177734
257,0.0038013458251953125,45.78968620300293
258,0.0037364959716796875,45.79342269897461
259,0.0036640167236328125,45.79708671569824
260,0.0036373138427734375,45.800724029541016
261,0.0036334991455078125,45.80435752868652
262,0.00360107421875,45.80795860290527
263,0.0035381317138671875,45.81149673461914
264,0.0035152435302734375,45.815011978149414
265,0.0034542083740234375,45.81846618652344
266,0.003421783447265625,45.8218879699707
267,0.0033702850341796875,45.82525825500488
268,0.0033721923828125,45.828630447387695
269,0.0033283233642578125,45.83195877075195
270,0.0032939910888671875,45.83525276184082
271,0.0032596588134765625,45.8385124206543
272,0.003204345703125,45.84171676635742
273,0.0032100677490234375,45.844926834106445
274,0.00315093994140625,45.84807777404785
275,0.003139495849609375,45.85121726989746
276,0.00308990478515625,45.85430717468262
277,0.0030727386474609375,45.85737991333008
278,0.0030078887939453125,45.86038780212402
279,0.002964019775390625,45.863351821899414
280,0.0029468536376953125,45.86629867553711
281,0.002910614013671875,45.86920928955078
282,0.0028743743896484375,45.87208366394043
283,0.00284576416015625,45.874929428100586
284,0.00283050537109375,45.87775993347168
285,0.0028018951416015625,45.88056182861328
286,0.002773284912109375,45.88333511352539
287,0.0027332305908203125,45.88606834411621
288,0.002712249755859375,45.88878059387207
289,0.0026760101318359375,45.891456604003906
290,0.002635955810546875,45.89409255981445
291,0.0025959014892578125,45.89668846130371
292,0.0025615692138671875,45.89925003051758
293,0.00254058837890625,45.901790618896484
294,0.0025177001953125,45.9043083190918
295,0.002521514892578125,45.906829833984375
296,0.0024852752685546875,45.90931510925293
297,0.0024509429931640625,45.911766052246094
298,0.0024204254150390625,45.91418647766113
299,0.0024089813232421875,45.916595458984375
300,0.0023937225341796875,45.918989181518555
301,0.0023632049560546875,45.92135238647461
302,0.0023479461669921875,45.9237003326416
303,0.0023193359375,45.9260196685791
304,0.0022907257080078125,45.92831039428711
305,0.0022640228271484375,45.93057441711426
306,0.0022449493408203125,45.93281936645508
307,0.0022220611572265625,45.935041427612305
308,0.0022220611572265625,45.93726348876953
309,0.0021839141845703125,45.9394474029541
310,0.0021648406982421875,45.941612243652344
311,0.002140045166015625,45.94375228881836
312,0.0021152496337890625,45.94586753845215
313,0.0020847320556640625,45.94795227050781
314,0.002079010009765625,45.95003128051758
315,0.00206756591796875,45.95209884643555
316,0.0020351409912109375,45.95413398742676
317,0.00202178955078125,45.95615577697754
318,0.001995086669921875,45.95815086364746
319,0.001995086669921875,45.96014595031738
320,0.0019550323486328125,45.962100982666016
321,0.0019550323486328125,45.96405601501465
322,0.0019445419311523438,45.9660005569458
323,0.0019330978393554688,45.967933654785156
324,0.0019073486328125,45.96984100341797
325,0.0019006729125976562,45.971741676330566
326,0.0018825531005859375,45.97362422943115
327,0.0018701553344726562,45.975494384765625
328,0.0018491744995117188,45.97734355926514
329,0.0018510818481445312,45.97919464111328
330,0.0018138885498046875,45.981008529663086
331,0.0018186569213867188,45.98282718658447
332,0.0017938613891601562,45.98462104797363
333,0.0017833709716796875,45.98640441894531
334,0.0017757415771484375,45.98818016052246
335,0.0017518997192382812,45.9899320602417
336,0.0017480850219726562,45.99168014526367
337,0.0017242431640625,45.993404388427734
338,0.001705169677734375,45.99510955810547
339,0.0017004013061523438,45.99680995941162
340,0.0016880035400390625,45.99849796295166
341,0.001682281494140625,46.0001802444458
342,0.0016775131225585938,46.00185775756836
343,0.0016546249389648438,46.003512382507324
344,0.0016431808471679688,46.00515556335449
345,0.0016326904296875,46.00678825378418
346,0.0016231536865234375,46.0084114074707
347,0.0016222000122070312,46.01003360748291
348,0.0016117095947265625,46.01164531707764
349,0.0016002655029296875,46.013245582580566
350,0.0015878677368164062,46.01483345031738
351,0.0015668869018554688,46.01640033721924
352,0.0015573501586914062,46.01795768737793
353,0.001552581787109375,46.01951026916504
354,0.0015363693237304688,46.02104663848877
355,0.0015201568603515625,46.02256679534912
356,0.0015096664428710938,46.02407646179199
357,0.0015001296997070312,46.0255765914917
358,0.0014963150024414062,46.02707290649414
359,0.0014743804931640625,46.028547286987305
360,0.0014696121215820312,46.03001689910889
361,0.0014553070068359375,46.03147220611572
362,0.0014543533325195312,46.03292655944824
363,0.0014295578002929688,46.034356117248535
364,0.0014247894287109375,46.035780906677246
365,0.0014104843139648438,46.03719139099121
366,0.0014095306396484375,46.03860092163086
367,0.0014057159423828125,46.04000663757324
368,0.0013875961303710938,46.04139423370361
369,0.0013885498046875,46.0427827835083
370,0.0013885498046875,46.04417133331299
371,0.0013685226440429688,46.04553985595703
372,0.0013608932495117188,46.04690074920654
373,0.0013570785522460938,46.04825782775879
374,0.0013380050659179688,46.04959583282471
375,0.0013294219970703125,46.05092525482178
376,0.0013151168823242188,46.0522403717041
377,0.0013113021850585938,46.05355167388916
378,0.0013017654418945312,46.054853439331055
379,0.0012941360473632812,46.05614757537842
380,0.0012903213500976562,46.057437896728516
381,0.0012798309326171875,46.05871772766113
382,0.0012750625610351562,46.05999279022217
383,0.0012674331665039062,46.06126022338867
384,0.0012636184692382812,46.06252384185791
385,0.0012598037719726562,46.06378364562988
386,0.0012426376342773438,46.06502628326416
387,0.0012340545654296875,46.06626033782959
388,0.0012302398681640625,46.067490577697754
389,0.0012235641479492188,46.0687141418457
390,0.0012216567993164062,46.06993579864502
391,0.0012044906616210938,46.07114028930664
392,0.0012054443359375,46.07234573364258
393,0.0011930465698242188,46.0735387802124
394,0.001190185546875,46.07472896575928
395,0.0011816024780273438,46.075910568237305
396,0.0011739730834960938,46.0770845413208
397,0.0011663436889648438,46.078250885009766
398,0.0011606216430664062,46.07941150665283
399,0.00115203857421875,46.08056354522705
400,0.0011491775512695312,46.08171272277832
401,0.0011463165283203125,46.08285903930664
402,0.0011301040649414062,46.08398914337158
403,0.0011339187622070312,46.08512306213379
404,0.0011224746704101562,46.0862455368042
405,0.0011186599731445312,46.087364196777344
406,0.0011119842529296875,46.08847618103027
407,0.0010967254638671875,46.08957290649414
408,0.0010967254638671875,46.09066963195801
409,0.0010938644409179688,46.091763496398926
410,0.0010852813720703125,46.092848777770996
411,0.0010824203491210938,46.09393119812012
412,0.00107574462890625,46.09500694274902
413,0.0010738372802734375,46.0960807800293
414,0.0010595321655273438,46.097140312194824
415,0.0010576248168945312,46.09819793701172
416,0.0010538101196289062,46.09925174713135
417,0.0010461807250976562,46.100297927856445
418,0.0010461807250976562,46.10134410858154
419,0.0010395050048828125,46.102383613586426
420,0.0010309219360351562,46.10341453552246
421,0.0010232925415039062,46.104437828063965
422,0.0010290145874023438,46.10546684265137
423,0.0010223388671875,46.106489181518555
424,0.0010156631469726562,46.10750484466553
425,0.001003265380859375,46.10850811004639
426,0.0009975433349609375,46.10950565338135
