step,loss,cumulative_loss_sum
1,7.01953125,7.01953125
2,7.01953125,14.0390625
3,7.01953125,21.05859375
4,7.01953125,28.078125
5,7.01953125,35.09765625
6,7.01953125,42.1171875
7,7.01953125,49.13671875
8,6.71875,55.85546875
9,6.58984375,62.4453125
10,6.53515625,68.98046875
11,6.3046875,75.28515625
12,6.12109375,81.40625
13,5.84375,87.25
14,5.59765625,92.84765625
15,5.34765625,98.1953125
16,5.12890625,103.32421875
17,4.98046875,108.3046875
18,4.87109375,113.17578125
19,4.87109375,118.046875
20,4.42578125,122.47265625
21,3.625,126.09765625
22,2.849609375,128.947265625
23,2.44140625,131.388671875
24,2.197265625,133.5859375
25,1.96875,135.5546875
26,1.79296875,137.34765625
27,1.7119140625,139.0595703125
28,1.5458984375,140.60546875
29,1.5546875,142.16015625
30,1.42578125,143.5859375
31,1.4287109375,145.0146484375
32,1.3466796875,146.361328125
33,1.2509765625,147.6123046875
34,1.26171875,148.8740234375
35,1.193359375,150.0673828125
36,1.185546875,151.2529296875
37,1.109375,152.3623046875
38,1.099609375,153.4619140625
39,1.0654296875,154.52734375
40,0.9912109375,155.5185546875
41,0.97998046875,156.49853515625
42,0.873046875,157.37158203125
43,0.84619140625,158.2177734375
44,0.77001953125,158.98779296875
45,0.80224609375,159.7900390625
46,0.6943359375,160.484375
47,0.72265625,161.20703125
48,0.64208984375,161.84912109375
49,0.68798828125,162.537109375
50,0.615234375,163.15234375
51,0.64453125,163.796875
52,0.59423828125,164.39111328125
53,0.6005859375,164.99169921875
54,0.5537109375,165.54541015625
55,0.5654296875,166.11083984375
56,0.52978515625,166.640625
57,0.54345703125,167.18408203125
58,0.50439453125,167.6884765625
59,0.51708984375,168.20556640625
60,0.493408203125,168.698974609375
61,0.49609375,169.195068359375
62,0.470458984375,169.66552734375
63,0.4716796875,170.13720703125
64,0.46142578125,170.5986328125
65,0.46337890625,171.06201171875
66,0.444580078125,171.506591796875
67,0.4423828125,171.948974609375
68,0.439453125,172.388427734375
69,0.436279296875,172.82470703125
70,0.428955078125,173.253662109375
71,0.42626953125,173.679931640625
72,0.425537109375,174.10546875
73,0.41943359375,174.52490234375
74,0.41064453125,174.935546875
75,0.407470703125,175.343017578125
76,0.3935546875,175.736572265625
77,0.390380859375,176.126953125
78,0.39404296875,176.52099609375
79,0.381591796875,176.902587890625
80,0.3759765625,177.278564453125
81,0.368408203125,177.64697265625
82,0.36181640625,178.0087890625
83,0.364501953125,178.373291015625
84,0.35546875,178.728759765625
85,0.353759765625,179.08251953125
86,0.335205078125,179.417724609375
87,0.342529296875,179.76025390625
88,0.32958984375,180.08984375
89,0.328125,180.41796875
90,0.321044921875,180.739013671875
91,0.322265625,181.061279296875
92,0.30517578125,181.366455078125
93,0.314453125,181.680908203125
94,0.297119140625,181.97802734375
95,0.30419921875,182.2822265625
96,0.291259765625,182.573486328125
97,0.29248046875,182.865966796875
98,0.290283203125,183.15625
99,0.278564453125,183.434814453125
100,0.27734375,183.712158203125
101,0.275634765625,183.98779296875
102,0.271728515625,184.259521484375
103,0.272216796875,184.53173828125
104,0.2646484375,184.79638671875
105,0.265869140625,185.062255859375
106,0.256591796875,185.31884765625
107,0.259765625,185.57861328125
108,0.247802734375,185.826416015625
109,0.252685546875,186.0791015625
110,0.2393798828125,186.3184814453125
111,0.2445068359375,186.56298828125
112,0.226806640625,186.789794921875
113,0.234619140625,187.0244140625
114,0.2235107421875,187.2479248046875
115,0.2275390625,187.4754638671875
116,0.21337890625,187.6888427734375
117,0.2230224609375,187.911865234375
118,0.2099609375,188.121826171875
119,0.2125244140625,188.3343505859375
120,0.2064208984375,188.540771484375
121,0.2047119140625,188.7454833984375
122,0.2020263671875,188.947509765625
123,0.20068359375,189.148193359375
124,0.1982421875,189.346435546875
125,0.1944580078125,189.5408935546875
126,0.1884765625,189.7293701171875
127,0.1888427734375,189.918212890625
128,0.1812744140625,190.0994873046875
129,0.1856689453125,190.28515625
130,0.1766357421875,190.4617919921875
131,0.180419921875,190.6422119140625
132,0.1732177734375,190.8154296875
133,0.1763916015625,190.9918212890625
134,0.1754150390625,191.167236328125
135,0.1766357421875,191.3438720703125
136,0.1651611328125,191.509033203125
137,0.1702880859375,191.6793212890625
138,0.161376953125,191.8406982421875
139,0.1689453125,192.0096435546875
140,0.158447265625,192.1680908203125
141,0.156494140625,192.3245849609375
142,0.1551513671875,192.479736328125
143,0.1573486328125,192.6370849609375
144,0.1522216796875,192.789306640625
145,0.15380859375,192.943115234375
146,0.14599609375,193.089111328125
147,0.1484375,193.237548828125
148,0.141357421875,193.37890625
149,0.143310546875,193.522216796875
150,0.135009765625,193.6572265625
151,0.1387939453125,193.7960205078125
152,0.13330078125,193.9293212890625
153,0.1328125,194.0621337890625
154,0.1297607421875,194.19189453125
155,0.126220703125,194.318115234375
156,0.1263427734375,194.4444580078125
157,0.118896484375,194.5633544921875
158,0.12103271484375,194.68438720703125
159,0.1190185546875,194.80340576171875
160,0.12481689453125,194.92822265625
161,0.11370849609375,195.04193115234375
162,0.11590576171875,195.1578369140625
163,0.11138916015625,195.26922607421875
164,0.11083984375,195.38006591796875
165,0.10675048828125,195.48681640625
166,0.105712890625,195.592529296875
167,0.10491943359375,195.69744873046875
168,0.104248046875,195.80169677734375
169,0.0982666015625,195.89996337890625
170,0.103271484375,196.00323486328125
171,0.09649658203125,196.0997314453125
172,0.097412109375,196.1971435546875
173,0.09490966796875,196.29205322265625
174,0.0931396484375,196.38519287109375
175,0.09222412109375,196.4774169921875
176,0.08740234375,196.5648193359375
177,0.08892822265625,196.65374755859375
178,0.08599853515625,196.73974609375
179,0.085693359375,196.825439453125
180,0.08251953125,196.907958984375
181,0.0836181640625,196.9915771484375
182,0.078857421875,197.0704345703125
183,0.08013916015625,197.15057373046875
184,0.0748291015625,197.22540283203125
185,0.07489013671875,197.30029296875
186,0.07391357421875,197.37420654296875
187,0.072998046875,197.44720458984375
188,0.0699462890625,197.51715087890625
189,0.07196044921875,197.589111328125
190,0.068359375,197.657470703125
191,0.0653076171875,197.7227783203125
192,0.07049560546875,197.79327392578125
193,0.0640869140625,197.85736083984375
194,0.0665283203125,197.92388916015625
195,0.06292724609375,197.98681640625
196,0.064208984375,198.051025390625
197,0.06201171875,198.113037109375
198,0.0618896484375,198.1749267578125
199,0.0609130859375,198.23583984375
200,0.05889892578125,198.29473876953125
201,0.058258056640625,198.35299682617188
202,0.056732177734375,198.40972900390625
203,0.05670166015625,198.4664306640625
204,0.054779052734375,198.52120971679688
205,0.055084228515625,198.5762939453125
206,0.05206298828125,198.62835693359375
207,0.053009033203125,198.68136596679688
208,0.051422119140625,198.7327880859375
209,0.05120849609375,198.78399658203125
210,0.04925537109375,198.833251953125
211,0.050506591796875,198.88375854492188
212,0.047393798828125,198.93115234375
213,0.04827880859375,198.97943115234375
214,0.0462646484375,199.02569580078125
215,0.0472412109375,199.07293701171875
216,0.045166015625,199.11810302734375
217,0.04571533203125,199.163818359375
218,0.043182373046875,199.20700073242188
219,0.04449462890625,199.25149536132812
220,0.040924072265625,199.29241943359375
221,0.04327392578125,199.335693359375
222,0.039794921875,199.37548828125
223,0.042144775390625,199.41763305664062
224,0.0389404296875,199.45657348632812
225,0.03997802734375,199.49655151367188
226,0.038055419921875,199.53460693359375
227,0.038238525390625,199.57284545898438
228,0.036834716796875,199.60968017578125
229,0.036773681640625,199.64645385742188
230,0.035858154296875,199.68231201171875
231,0.035430908203125,199.71774291992188
232,0.03546142578125,199.75320434570312
233,0.03466796875,199.78787231445312
234,0.032958984375,199.82083129882812
235,0.032958984375,199.85379028320312
236,0.031280517578125,199.88507080078125
237,0.0318603515625,199.91693115234375
238,0.030487060546875,199.94741821289062
239,0.031768798828125,199.97918701171875
240,0.0297698974609375,200.0089569091797
241,0.0298004150390625,200.03875732421875
242,0.0291595458984375,200.0679168701172
243,0.02813720703125,200.09605407714844
244,0.0282135009765625,200.124267578125
245,0.0283966064453125,200.1526641845703
246,0.0269927978515625,200.17965698242188
247,0.0271453857421875,200.20680236816406
248,0.026031494140625,200.2328338623047
249,0.026580810546875,200.25941467285156
250,0.0257110595703125,200.28512573242188
251,0.025787353515625,200.3109130859375
252,0.0250701904296875,200.3359832763672
253,0.02508544921875,200.36106872558594
254,0.0238800048828125,200.38494873046875
255,0.0245361328125,200.40948486328125
256,0.0237274169921875,200.43321228027344
257,0.0236358642578125,200.45684814453125
258,0.022705078125,200.47955322265625
259,0.022552490234375,200.50210571289062
260,0.0223388671875,200.52444458007812
261,0.0221099853515625,200.5465545654297
262,0.0216217041015625,200.56817626953125
263,0.021331787109375,200.58950805664062
264,0.020660400390625,200.61016845703125
265,0.020660400390625,200.63082885742188
266,0.020172119140625,200.6510009765625
267,0.0203094482421875,200.6713104248047
268,0.0197601318359375,200.69107055664062
269,0.0196990966796875,200.7107696533203
270,0.019317626953125,200.73008728027344
271,0.01934814453125,200.7494354248047
272,0.0188751220703125,200.768310546875
273,0.0182952880859375,200.78660583496094
274,0.0185089111328125,200.80511474609375
275,0.0178070068359375,200.8229217529297
276,0.018035888671875,200.84095764160156
277,0.0172576904296875,200.85821533203125
278,0.0179901123046875,200.87620544433594
279,0.0167236328125,200.89292907714844
280,0.01708984375,200.91001892089844
281,0.016265869140625,200.92628479003906
282,0.0167236328125,200.94300842285156
283,0.015899658203125,200.9589080810547
284,0.0158843994140625,200.97479248046875
285,0.0156402587890625,200.9904327392578
286,0.015289306640625,201.00572204589844
287,0.01515960693359375,201.02088165283203
288,0.01505279541015625,201.0359344482422
289,0.01483917236328125,201.05077362060547
290,0.0146026611328125,201.06537628173828
291,0.014404296875,201.07978057861328
292,0.01428985595703125,201.0940704345703
293,0.0139007568359375,201.10797119140625
294,0.014129638671875,201.12210083007812
295,0.013427734375,201.13552856445312
296,0.013641357421875,201.149169921875
297,0.012969970703125,201.16213989257812
298,0.01318359375,201.17532348632812
299,0.0125579833984375,201.18788146972656
300,0.01271820068359375,201.20059967041016
301,0.01216888427734375,201.2127685546875
302,0.01239013671875,201.22515869140625
303,0.012237548828125,201.23739624023438
304,0.01168060302734375,201.24907684326172
305,0.01184844970703125,201.26092529296875
306,0.0113067626953125,201.27223205566406
307,0.01123046875,201.28346252441406
308,0.010955810546875,201.29441833496094
309,0.01078033447265625,201.3051986694336
310,0.0111846923828125,201.3163833618164
311,0.01096343994140625,201.3273468017578
312,0.01055908203125,201.33790588378906
313,0.01058197021484375,201.3484878540039
314,0.01023101806640625,201.3587188720703
315,0.01038360595703125,201.36910247802734
316,0.01019287109375,201.3792953491211
317,0.01007843017578125,201.38937377929688
318,0.00994110107421875,201.3993148803711
319,0.010040283203125,201.40935516357422
320,0.00960540771484375,201.41896057128906
321,0.00986480712890625,201.42882537841797
322,0.00946807861328125,201.43829345703125
323,0.0097198486328125,201.44801330566406
324,0.00927734375,201.45729064941406
325,0.0093994140625,201.46669006347656
326,0.00909423828125,201.4757843017578
327,0.00930023193359375,201.4850845336914
328,0.00890350341796875,201.49398803710938
329,0.0090789794921875,201.50306701660156
330,0.00872802734375,201.5117950439453
331,0.008880615234375,201.5206756591797
332,0.008636474609375,201.52931213378906
333,0.00872802734375,201.5380401611328
334,0.00830841064453125,201.54634857177734
335,0.008453369140625,201.55480194091797
336,0.00847625732421875,201.5632781982422
337,0.00826263427734375,201.57154083251953
338,0.00824737548828125,201.5797882080078
339,0.0081939697265625,201.58798217773438
340,0.0080413818359375,201.5960235595703
341,0.00801849365234375,201.60404205322266
342,0.00787353515625,201.6119155883789
343,0.008056640625,201.6199722290039
344,0.007625579833984375,201.6275978088379
345,0.00789642333984375,201.63549423217773
346,0.007427215576171875,201.6429214477539
347,0.007717132568359375,201.65063858032227
348,0.007236480712890625,201.65787506103516
349,0.0075836181640625,201.66545867919922
350,0.007183074951171875,201.6726417541504
351,0.007282257080078125,201.67992401123047
352,0.007045745849609375,201.68696975708008
353,0.007190704345703125,201.69416046142578
354,0.0069122314453125,201.7010726928711
355,0.007068634033203125,201.7081413269043
356,0.006778717041015625,201.7149200439453
357,0.00696563720703125,201.72188568115234
358,0.0065765380859375,201.72846221923828
359,0.0068206787109375,201.73528289794922
360,0.006389617919921875,201.74167251586914
361,0.006420135498046875,201.7480926513672
362,0.006511688232421875,201.7546043395996
363,0.006183624267578125,201.7607879638672
364,0.0061492919921875,201.76693725585938
365,0.00608062744140625,201.77301788330078
366,0.006011962890625,201.7790298461914
367,0.006168365478515625,201.78519821166992
368,0.005889892578125,201.79108810424805
369,0.00601959228515625,201.7971076965332
370,0.005748748779296875,201.8028564453125
371,0.005893707275390625,201.8087501525879
372,0.005664825439453125,201.81441497802734
373,0.005764007568359375,201.8201789855957
374,0.0054931640625,201.8256721496582
375,0.00557708740234375,201.83124923706055
376,0.005340576171875,201.83658981323242
377,0.0054779052734375,201.84206771850586
378,0.00533294677734375,201.8474006652832
379,0.00543975830078125,201.85284042358398
380,0.005199432373046875,201.85803985595703
381,0.005374908447265625,201.8634147644043
382,0.005046844482421875,201.86846160888672
383,0.005176544189453125,201.87363815307617
384,0.004917144775390625,201.87855529785156
385,0.005035400390625,201.8835906982422
386,0.0048065185546875,201.88839721679688
387,0.00493621826171875,201.8933334350586
388,0.00472259521484375,201.89805603027344
389,0.004894256591796875,201.90295028686523
390,0.004589080810546875,201.90753936767578
391,0.0047149658203125,201.9122543334961
392,0.004520416259765625,201.91677474975586
393,0.004680633544921875,201.92145538330078
394,0.0043182373046875,201.92577362060547
395,0.00453948974609375,201.93031311035156
396,0.0041046142578125,201.93441772460938
397,0.00439453125,201.93881225585938
398,0.004055023193359375,201.94286727905273
399,0.004291534423828125,201.94715881347656
400,0.0039520263671875,201.95111083984375
401,0.004230499267578125,201.95534133911133
402,0.00385284423828125,201.9591941833496
403,0.004024505615234375,201.96321868896484
404,0.0037555694580078125,201.96697425842285
405,0.00397491455078125,201.97094917297363
406,0.0037403106689453125,201.97468948364258
407,0.0036907196044921875,201.97838020324707
408,0.0035877227783203125,201.9819679260254
409,0.00366973876953125,201.98563766479492
410,0.0035419464111328125,201.98917961120605
411,0.0036296844482421875,201.9928092956543
412,0.0035037994384765625,201.99631309509277
413,0.0035991668701171875,201.9999122619629
414,0.0035953521728515625,202.00350761413574
415,0.003391265869140625,202.00689888000488
416,0.0035381317138671875,202.01043701171875
417,0.0032939910888671875,202.01373100280762
418,0.003452301025390625,202.017183303833
419,0.0032100677490234375,202.02039337158203
420,0.0033664703369140625,202.02375984191895
421,0.00311279296875,202.0268726348877
422,0.0032253265380859375,202.03009796142578
423,0.0030670166015625,202.03316497802734
424,0.00315093994140625,202.03631591796875
425,0.00301361083984375,202.0393295288086
426,0.003116607666015625,202.0424461364746
427,0.002948760986328125,202.04539489746094
428,0.0030307769775390625,202.04842567443848
429,0.00286102294921875,202.0512866973877
430,0.0029621124267578125,202.05424880981445
431,0.0027980804443359375,202.0570468902588
432,0.0028057098388671875,202.05985260009766
433,0.002742767333984375,202.06259536743164
434,0.0026988983154296875,202.06529426574707
435,0.0026531219482421875,202.0679473876953
436,0.0025806427001953125,202.0705280303955
437,0.002605438232421875,202.07313346862793
438,0.002552032470703125,202.07568550109863
439,0.0025272369384765625,202.0782127380371
440,0.0025119781494140625,202.08072471618652
441,0.0024967193603515625,202.08322143554688
442,0.002410888671875,202.08563232421875
443,0.00247955322265625,202.0881118774414
444,0.00234222412109375,202.0904541015625
445,0.0023517608642578125,202.09280586242676
446,0.0023746490478515625,202.0951805114746
447,0.0024585723876953125,202.0976390838623
448,0.002315521240234375,202.09995460510254
449,0.0024318695068359375,202.10238647460938
450,0.0022640228271484375,202.10465049743652
451,0.002414703369140625,202.10706520080566
452,0.0022373199462890625,202.10930252075195
453,0.0023479461669921875,202.11165046691895
454,0.002162933349609375,202.11381340026855
455,0.0023174285888671875,202.11613082885742
456,0.0021686553955078125,202.11829948425293
457,0.0022430419921875,202.12054252624512
458,0.002105712890625,202.12264823913574
459,0.0021533966064453125,202.1248016357422
460,0.0020694732666015625,202.1268711090088
461,0.002140045166015625,202.1290111541748
462,0.002056121826171875,202.13106727600098
463,0.0020885467529296875,202.1331558227539
464,0.0020542144775390625,202.13521003723145
465,0.002002716064453125,202.1372127532959
466,0.0020046234130859375,202.13921737670898
467,0.0019931793212890625,202.14121055603027
468,0.0019626617431640625,202.14317321777344
469,0.0018939971923828125,202.14506721496582
470,0.00196075439453125,202.14702796936035
471,0.0018815994262695312,202.14890956878662
472,0.0019197463989257812,202.15082931518555
473,0.0018596649169921875,202.15268898010254
474,0.0019502639770507812,202.1546392440796
475,0.0017843246459960938,202.1564235687256
476,0.0019426345825195312,202.1583662033081
477,0.0017671585083007812,202.1601333618164
478,0.0017843246459960938,202.1619176864624
479,0.0018215179443359375,202.16373920440674
480,0.0017375946044921875,202.16547679901123
481,0.0017251968383789062,202.1672019958496
482,0.0017805099487304688,202.16898250579834
483,0.0017271041870117188,202.17070960998535
484,0.001659393310546875,202.1723690032959
485,0.0015773773193359375,202.17394638061523
486,0.0014944076538085938,202.17544078826904
487,0.0014543533325195312,202.17689514160156
488,0.0014162063598632812,202.17831134796143
489,0.0014066696166992188,202.17971801757812
490,0.0013895034790039062,202.18110752105713
491,0.0013742446899414062,202.18248176574707
492,0.001346588134765625,202.18382835388184
493,0.0013494491577148438,202.18517780303955
494,0.0013294219970703125,202.18650722503662
495,0.0013141632080078125,202.18782138824463
496,0.0013151168823242188,202.18913650512695
497,0.0013246536254882812,202.19046115875244
498,0.0013055801391601562,202.1917667388916
499,0.001323699951171875,202.19309043884277
500,0.001285552978515625,202.1943759918213
501,0.0013036727905273438,202.19567966461182
502,0.0012483596801757812,202.196928024292
503,0.0012302398681640625,202.19815826416016
504,0.0012149810791015625,202.19937324523926
505,0.0012035369873046875,202.20057678222656
506,0.0011959075927734375,202.20177268981934
507,0.0011720657348632812,202.2029447555542
508,0.0011777877807617188,202.20412254333496
509,0.0011548995971679688,202.20527744293213
510,0.00115203857421875,202.20642948150635
511,0.001148223876953125,202.2075777053833
512,0.0011453628540039062,202.2087230682373
513,0.0011444091796875,202.209867477417
514,0.0011434555053710938,202.21101093292236
515,0.001190185546875,202.21220111846924
516,0.001239776611328125,202.21344089508057
517,0.0013093948364257812,202.214750289917
518,0.0013332366943359375,202.21608352661133
519,0.0012750625610351562,202.21735858917236
520,0.0012388229370117188,202.21859741210938
521,0.0011625289916992188,202.21975994110107
522,0.0011119842529296875,202.220871925354
523,0.0010900497436523438,202.22196197509766
524,0.0010890960693359375,202.223051071167
525,0.0010328292846679688,202.22408390045166
526,0.001026153564453125,202.2251100540161
527,0.0010271072387695312,202.22613716125488
528,0.0010166168212890625,202.22715377807617
529,0.00101470947265625,202.22816848754883
530,0.0010042190551757812,202.229172706604
531,0.0009937286376953125,202.2301664352417
