step,loss,cumulative_loss_sum
1,4.015625,4.015625
2,4.015625,8.03125
3,4.015625,12.046875
4,4.015625,16.0625
5,4.015625,20.078125
6,4.015625,24.09375
7,3.865234375,27.958984375
8,3.744140625,31.703125
9,3.611328125,35.314453125
10,3.482421875,38.796875
11,3.34765625,42.14453125
12,3.232421875,45.376953125
13,3.12890625,48.505859375
14,3.029296875,51.53515625
15,2.927734375,54.462890625
16,2.8359375,57.298828125
17,2.7578125,60.056640625
18,2.671875,62.728515625
19,2.580078125,65.30859375
20,2.5,67.80859375
21,2.427734375,70.236328125
22,2.359375,72.595703125
23,2.29296875,74.888671875
24,2.232421875,77.12109375
25,2.16796875,79.2890625
26,2.103515625,81.392578125
27,2.041015625,83.43359375
28,1.97265625,85.40625
29,1.9072265625,87.3134765625
30,1.857421875,89.1708984375
31,1.8125,90.9833984375
32,1.7646484375,92.748046875
33,1.7109375,94.458984375
34,1.658203125,96.1171875
35,1.615234375,97.732421875
36,1.564453125,99.296875
37,1.5390625,100.8359375
38,1.5078125,102.34375
39,1.4658203125,103.8095703125
40,1.4326171875,105.2421875
41,1.4150390625,106.6572265625
42,1.3701171875,108.02734375
43,1.333984375,109.361328125
44,1.29296875,110.654296875
45,1.2509765625,111.9052734375
46,1.2041015625,113.109375
47,1.1533203125,114.2626953125
48,1.119140625,115.3818359375
49,1.07421875,116.4560546875
50,1.0517578125,117.5078125
51,1.015625,118.5234375
52,0.9853515625,119.5087890625
53,0.94677734375,120.45556640625
54,0.9228515625,121.37841796875
55,0.89306640625,122.271484375
56,0.8681640625,123.1396484375
57,0.84033203125,123.97998046875
58,0.8056640625,124.78564453125
59,0.7724609375,125.55810546875
60,0.7421875,126.30029296875
61,0.72265625,127.02294921875
62,0.70068359375,127.7236328125
63,0.66650390625,128.39013671875
64,0.6396484375,129.02978515625
65,0.6064453125,129.63623046875
66,0.5751953125,130.21142578125
67,0.5595703125,130.77099609375
68,0.5390625,131.31005859375
69,0.5185546875,131.82861328125
70,0.50341796875,132.33203125
71,0.48779296875,132.81982421875
72,0.47216796875,133.2919921875
73,0.4541015625,133.74609375
74,0.434814453125,134.180908203125
75,0.42041015625,134.601318359375
76,0.4052734375,135.006591796875
77,0.388671875,135.395263671875
78,0.375732421875,135.77099609375
79,0.362548828125,136.133544921875
80,0.34326171875,136.476806640625
81,0.33349609375,136.810302734375
82,0.3154296875,137.125732421875
83,0.29736328125,137.423095703125
84,0.289794921875,137.712890625
85,0.280029296875,137.992919921875
86,0.267578125,138.260498046875
87,0.255126953125,138.515625
88,0.2471923828125,138.7628173828125
89,0.2384033203125,139.001220703125
90,0.2301025390625,139.2313232421875
91,0.2166748046875,139.447998046875
92,0.2100830078125,139.6580810546875
93,0.20751953125,139.8656005859375
94,0.1959228515625,140.0615234375
95,0.1846923828125,140.2462158203125
96,0.1766357421875,140.4228515625
97,0.1658935546875,140.5887451171875
98,0.1640625,140.7528076171875
99,0.158447265625,140.9112548828125
100,0.1522216796875,141.0634765625
101,0.1436767578125,141.2071533203125
102,0.136962890625,141.3441162109375
103,0.1312255859375,141.475341796875
104,0.125244140625,141.6005859375
105,0.12017822265625,141.72076416015625
106,0.11456298828125,141.8353271484375
107,0.10845947265625,141.94378662109375
108,0.104736328125,142.04852294921875
109,0.09979248046875,142.1483154296875
110,0.0966796875,142.2449951171875
111,0.09173583984375,142.33673095703125
112,0.08843994140625,142.4251708984375
113,0.084716796875,142.5098876953125
114,0.0809326171875,142.5908203125
115,0.076416015625,142.667236328125
116,0.07366943359375,142.74090576171875
117,0.07086181640625,142.811767578125
118,0.06787109375,142.879638671875
119,0.0648193359375,142.9444580078125
120,0.062744140625,143.0072021484375
121,0.059539794921875,143.06674194335938
122,0.056488037109375,143.12322998046875
123,0.054229736328125,143.17745971679688
124,0.05059814453125,143.22805786132812
125,0.04913330078125,143.27719116210938
126,0.046234130859375,143.32342529296875
127,0.04473876953125,143.3681640625
128,0.04241943359375,143.41058349609375
129,0.040008544921875,143.45059204101562
130,0.038055419921875,143.4886474609375
131,0.0360107421875,143.524658203125
132,0.033538818359375,143.55819702148438
133,0.031494140625,143.58969116210938
134,0.0299530029296875,143.61964416503906
135,0.02734375,143.64698791503906
136,0.0256805419921875,143.67266845703125
137,0.0239410400390625,143.6966094970703
138,0.0227813720703125,143.71939086914062
139,0.02105712890625,143.74044799804688
140,0.0196533203125,143.76010131835938
141,0.01824951171875,143.77835083007812
142,0.016998291015625,143.79534912109375
143,0.0159759521484375,143.8113250732422
144,0.01515960693359375,143.82648468017578
145,0.01403045654296875,143.84051513671875
146,0.0131072998046875,143.85362243652344
147,0.0121917724609375,143.86581420898438
148,0.0115203857421875,143.87733459472656
149,0.0109100341796875,143.88824462890625
150,0.01029205322265625,143.8985366821289
151,0.0099639892578125,143.90850067138672
152,0.00942230224609375,143.9179229736328
153,0.00885009765625,143.92677307128906
154,0.00848388671875,143.9352569580078
155,0.0081329345703125,143.94338989257812
156,0.007747650146484375,143.9511375427246
157,0.00743865966796875,143.95857620239258
158,0.00708770751953125,143.9656639099121
159,0.006816864013671875,143.97248077392578
160,0.00647735595703125,143.9789581298828
161,0.006130218505859375,143.98508834838867
162,0.005931854248046875,143.99102020263672
163,0.005664825439453125,143.99668502807617
164,0.00540924072265625,144.00209426879883
165,0.005252838134765625,144.0073471069336
166,0.005054473876953125,144.01240158081055
167,0.00489044189453125,144.01729202270508
168,0.004730224609375,144.02202224731445
169,0.0045928955078125,144.02661514282227
170,0.00449371337890625,144.03110885620117
171,0.00433349609375,144.03544235229492
172,0.004199981689453125,144.03964233398438
173,0.00411224365234375,144.04375457763672
174,0.003997802734375,144.0477523803711
175,0.0038852691650390625,144.05163764953613
176,0.0037708282470703125,144.0554084777832
177,0.003681182861328125,144.05908966064453
178,0.0035953521728515625,144.06268501281738
179,0.003490447998046875,144.06617546081543
180,0.003406524658203125,144.06958198547363
181,0.003307342529296875,144.07288932800293
182,0.0032482147216796875,144.0761375427246
183,0.003192901611328125,144.07933044433594
184,0.003101348876953125,144.0824317932129
185,0.0030364990234375,144.08546829223633
186,0.0029449462890625,144.0884132385254
187,0.0028934478759765625,144.09130668640137
188,0.002849578857421875,144.0941562652588
189,0.0027828216552734375,144.09693908691406
190,0.0027217864990234375,144.0996608734131
191,0.0026721954345703125,144.10233306884766
192,0.0026264190673828125,144.10495948791504
193,0.002567291259765625,144.1075267791748
194,0.00254058837890625,144.1100673675537
195,0.002490997314453125,144.11255836486816
196,0.002429962158203125,144.11498832702637
197,0.00238037109375,144.11736869812012
198,0.0023403167724609375,144.11970901489258
199,0.002288818359375,144.12199783325195
200,0.0022602081298828125,144.12425804138184
201,0.0022220611572265625,144.12648010253906
202,0.0021953582763671875,144.12867546081543
203,0.0021419525146484375,144.13081741333008
204,0.0021228790283203125,144.1329402923584
205,0.00208282470703125,144.13502311706543
206,0.0020503997802734375,144.1370735168457
207,0.0020084381103515625,144.13908195495605
208,0.001983642578125,144.14106559753418
209,0.0019397735595703125,144.14300537109375
210,0.0019254684448242188,144.14493083953857
211,0.0018930435180664062,144.14682388305664
212,0.0018558502197265625,144.14867973327637
213,0.0018339157104492188,144.15051364898682
214,0.0017976760864257812,144.15231132507324
215,0.001789093017578125,144.15410041809082
216,0.001758575439453125,144.15585899353027
217,0.0017337799072265625,144.1575927734375
218,0.001708984375,144.1593017578125
219,0.0017042160034179688,144.16100597381592
220,0.00164794921875,144.16265392303467
221,0.0016307830810546875,144.16428470611572
222,0.0016317367553710938,144.1659164428711
223,0.0015993118286132812,144.1675157546997
224,0.0015811920166015625,144.1690969467163
225,0.0015592575073242188,144.17065620422363
226,0.0015268325805664062,144.1721830368042
227,0.0015363693237304688,144.17371940612793
228,0.0015087127685546875,144.17522811889648
229,0.0014963150024414062,144.17672443389893
230,0.0014791488647460938,144.17820358276367
231,0.0014476776123046875,144.17965126037598
232,0.0014476776123046875,144.18109893798828
233,0.0014171600341796875,144.18251609802246
234,0.0014028549194335938,144.1839189529419
235,0.0013904571533203125,144.18530941009521
236,0.0013723373413085938,144.18668174743652
237,0.0013608932495117188,144.18804264068604
238,0.0013399124145507812,144.1893825531006
239,0.0013408660888671875,144.19072341918945
240,0.0013256072998046875,144.19204902648926
241,0.0013074874877929688,144.19335651397705
242,0.00128173828125,144.1946382522583
243,0.0012674331665039062,144.1959056854248
244,0.001247406005859375,144.19715309143066
245,0.0012493133544921875,144.19840240478516
246,0.0012331008911132812,144.19963550567627
247,0.0012149810791015625,144.20085048675537
248,0.0012063980102539062,144.20205688476562
249,0.0011959075927734375,144.2032527923584
250,0.001186370849609375,144.204439163208
251,0.0011720657348632812,144.20561122894287
252,0.0011739730834960938,144.20678520202637
253,0.001155853271484375,144.20794105529785
254,0.0011425018310546875,144.2090835571289
255,0.0011310577392578125,144.21021461486816
256,0.0011157989501953125,144.21133041381836
257,0.0011072158813476562,144.2124376296997
258,0.001102447509765625,144.21354007720947
259,0.0010833740234375,144.2146234512329
260,0.0010814666748046875,144.21570491790771
261,0.0010738372802734375,144.216778755188
262,0.0010728836059570312,144.21785163879395
263,0.0010633468627929688,144.21891498565674
264,0.001056671142578125,144.21997165679932
265,0.0010433197021484375,144.22101497650146
266,0.00102996826171875,144.22204494476318
267,0.0010271072387695312,144.22307205200195
268,0.001018524169921875,144.22409057617188
269,0.0010061264038085938,144.22509670257568
270,0.000995635986328125,144.226092338562
