step,loss,cumulative_loss_sum
1,5.68359375,5.68359375
2,5.68359375,11.3671875
3,5.68359375,17.05078125
4,5.68359375,22.734375
5,5.68359375,28.41796875
6,5.68359375,34.1015625
7,5.53515625,39.63671875
8,5.3984375,45.03515625
9,5.265625,50.30078125
10,5.1328125,55.43359375
11,4.9375,60.37109375
12,4.77734375,65.1484375
13,4.59765625,69.74609375
14,4.3828125,74.12890625
15,4.16796875,78.296875
16,3.9296875,82.2265625
17,3.70703125,85.93359375
18,3.443359375,89.376953125
19,3.205078125,92.58203125
20,2.970703125,95.552734375
21,2.76171875,98.314453125
22,2.564453125,100.87890625
23,2.38671875,103.265625
24,2.20703125,105.47265625
25,2.029296875,107.501953125
26,1.8759765625,109.3779296875
27,1.712890625,111.0908203125
28,1.595703125,112.6865234375
29,1.482421875,114.1689453125
30,1.3896484375,115.55859375
31,1.2978515625,116.8564453125
32,1.21484375,118.0712890625
33,1.1298828125,119.201171875
34,1.060546875,120.26171875
35,0.98779296875,121.24951171875
36,0.92333984375,122.1728515625
37,0.87060546875,123.04345703125
38,0.81640625,123.85986328125
39,0.7646484375,124.62451171875
40,0.7138671875,125.33837890625
41,0.669921875,126.00830078125
42,0.62890625,126.63720703125
43,0.5859375,127.22314453125
44,0.55029296875,127.7734375
45,0.51513671875,128.28857421875
46,0.483154296875,128.771728515625
47,0.451171875,129.222900390625
48,0.421875,129.644775390625
49,0.398193359375,130.04296875
50,0.373046875,130.416015625
51,0.347412109375,130.763427734375
52,0.3291015625,131.092529296875
53,0.307861328125,131.400390625
54,0.2890625,131.689453125
55,0.270751953125,131.960205078125
56,0.254638671875,132.21484375
57,0.2413330078125,132.4561767578125
58,0.225830078125,132.6820068359375
59,0.21337890625,132.8953857421875
60,0.1993408203125,133.0947265625
61,0.1893310546875,133.2840576171875
62,0.177001953125,133.4610595703125
63,0.166015625,133.6270751953125
64,0.15673828125,133.7838134765625
65,0.146484375,133.9302978515625
66,0.1378173828125,134.068115234375
67,0.1290283203125,134.1971435546875
68,0.1224365234375,134.319580078125
69,0.11383056640625,134.43341064453125
70,0.1075439453125,134.54095458984375
71,0.10137939453125,134.642333984375
72,0.09442138671875,134.73675537109375
73,0.0894775390625,134.82623291015625
74,0.08349609375,134.90972900390625
75,0.078857421875,134.98858642578125
76,0.07354736328125,135.0621337890625
77,0.0693359375,135.1314697265625
78,0.065185546875,135.1966552734375
79,0.06085205078125,135.25750732421875
80,0.05712890625,135.31463623046875
81,0.053436279296875,135.36807250976562
82,0.050323486328125,135.41839599609375
83,0.0465087890625,135.46490478515625
84,0.043731689453125,135.50863647460938
85,0.041046142578125,135.5496826171875
86,0.038055419921875,135.58773803710938
87,0.035980224609375,135.62371826171875
88,0.03338623046875,135.6571044921875
89,0.0313720703125,135.6884765625
90,0.029205322265625,135.71768188476562
91,0.027435302734375,135.7451171875
92,0.02557373046875,135.77069091796875
93,0.0239410400390625,135.7946319580078
94,0.0224151611328125,135.81704711914062
95,0.0210418701171875,135.8380889892578
96,0.019775390625,135.8578643798828
97,0.018463134765625,135.87632751464844
98,0.0173187255859375,135.89364624023438
99,0.0161285400390625,135.90977478027344
100,0.01512908935546875,135.9249038696289
101,0.01407623291015625,135.93898010253906
102,0.01334381103515625,135.95232391357422
103,0.012451171875,135.96477508544922
104,0.011749267578125,135.97652435302734
105,0.01119232177734375,135.9877166748047
106,0.01053619384765625,135.99825286865234
107,0.00997161865234375,136.0082244873047
108,0.00958251953125,136.01780700683594
109,0.00910186767578125,136.02690887451172
110,0.0086517333984375,136.03556060791016
111,0.008331298828125,136.04389190673828
112,0.0079803466796875,136.05187225341797
113,0.007579803466796875,136.05945205688477
114,0.00724029541015625,136.06669235229492
115,0.0069580078125,136.07365036010742
116,0.006740570068359375,136.08039093017578
117,0.006500244140625,136.0868911743164
118,0.0062255859375,136.0931167602539
119,0.00603485107421875,136.09915161132812
120,0.00583648681640625,136.10498809814453
121,0.005680084228515625,136.11066818237305
122,0.005481719970703125,136.11614990234375
123,0.005275726318359375,136.1214256286621
124,0.005161285400390625,136.1265869140625
125,0.0050506591796875,136.1316375732422
126,0.0048980712890625,136.13653564453125
127,0.00475311279296875,136.14128875732422
128,0.004634857177734375,136.14592361450195
129,0.004482269287109375,136.15040588378906
130,0.004375457763671875,136.15478134155273
131,0.004306793212890625,136.15908813476562
132,0.00421142578125,136.16329956054688
133,0.004100799560546875,136.16740036010742
134,0.003993988037109375,136.17139434814453
135,0.00392913818359375,136.17532348632812
136,0.00383758544921875,136.17916107177734
137,0.0037517547607421875,136.1829128265381
138,0.0036640167236328125,136.18657684326172
139,0.0035953521728515625,136.19017219543457
140,0.003528594970703125,136.19370079040527
141,0.0034618377685546875,136.19716262817383
142,0.0034160614013671875,136.2005786895752
143,0.0033321380615234375,136.20391082763672
144,0.0032482147216796875,136.2071590423584
145,0.003170013427734375,136.21032905578613
146,0.0031032562255859375,136.21343231201172
147,0.0030422210693359375,136.21647453308105
148,0.00299835205078125,136.21947288513184
149,0.0029468536376953125,136.22241973876953
150,0.00289154052734375,136.22531127929688
151,0.0028533935546875,136.22816467285156
152,0.00279998779296875,136.23096466064453
153,0.0027484893798828125,136.2337131500244
154,0.002704620361328125,136.23641777038574
155,0.00266265869140625,136.23908042907715
156,0.0026073455810546875,136.2416877746582
157,0.0025501251220703125,136.24423789978027
158,0.00251007080078125,136.24674797058105
159,0.0024776458740234375,136.24922561645508
160,0.00241851806640625,136.25164413452148
161,0.0023822784423828125,136.25402641296387
162,0.0023632049560546875,136.25638961791992
163,0.0023365020751953125,136.25872611999512
164,0.002288818359375,136.2610149383545
165,0.00225067138671875,136.2632656097412
166,0.0022068023681640625,136.26547241210938
167,0.0021800994873046875,136.26765251159668
168,0.002140045166015625,136.2697925567627
169,0.0021038055419921875,136.2718963623047
170,0.002071380615234375,136.27396774291992
171,0.002040863037109375,136.27600860595703
172,0.0020236968994140625,136.27803230285645
173,0.001987457275390625,136.28001976013184
174,0.001949310302734375,136.28196907043457
175,0.0019350051879882812,136.28390407562256
176,0.0019121170043945312,136.28581619262695
177,0.0018892288208007812,136.28770542144775
178,0.0018701553344726562,136.28957557678223
179,0.001850128173828125,136.29142570495605
180,0.0018177032470703125,136.29324340820312
181,0.0017995834350585938,136.29504299163818
182,0.0017871856689453125,136.29683017730713
183,0.001766204833984375,136.2985963821411
184,0.0017557144165039062,136.30035209655762
185,0.001712799072265625,136.30206489562988
186,0.0016946792602539062,136.30375957489014
187,0.0016756057739257812,136.30543518066406
188,0.0016536712646484375,136.3070888519287
189,0.0016355514526367188,136.30872440338135
190,0.0016164779663085938,136.31034088134766
191,0.00159454345703125,136.3119354248047
192,0.0015954971313476562,136.31353092193604
193,0.0015707015991210938,136.31510162353516
194,0.001552581787109375,136.31665420532227
195,0.00153350830078125,136.31818771362305
196,0.0015354156494140625,136.31972312927246
197,0.0015153884887695312,136.32123851776123
198,0.0014963150024414062,136.32273483276367
199,0.0014944076538085938,136.32422924041748
200,0.0014715194702148438,136.3257007598877
201,0.0014553070068359375,136.32715606689453
202,0.001438140869140625,136.32859420776367
203,0.0014209747314453125,136.33001518249512
204,0.0014219284057617188,136.33143711090088
205,0.0013875961303710938,136.33282470703125
206,0.0013914108276367188,136.3342161178589
207,0.0013723373413085938,136.3355884552002
208,0.0013570785522460938,136.33694553375244
209,0.001354217529296875,136.33829975128174
210,0.0013189315795898438,136.33961868286133
211,0.001323699951171875,136.3409423828125
212,0.0013074874877929688,136.3422498703003
213,0.0013055801391601562,136.34355545043945
214,0.0013074874877929688,136.34486293792725
215,0.00127410888671875,136.34613704681396
216,0.0012712478637695312,136.34740829467773
217,0.0012578964233398438,136.34866619110107
218,0.0012578964233398438,136.3499240875244
219,0.0012359619140625,136.35116004943848
220,0.0012416839599609375,136.35240173339844
221,0.0012273788452148438,136.35362911224365
222,0.0012063980102539062,136.3548355102539
223,0.0012073516845703125,136.35604286193848
224,0.0011911392211914062,136.35723400115967
225,0.0011768341064453125,136.3584108352661
226,0.0011644363403320312,136.35957527160645
227,0.0011644363403320312,136.36073970794678
228,0.0011539459228515625,136.36189365386963
229,0.0011386871337890625,136.36303234100342
230,0.00112152099609375,136.3641538619995
231,0.0011234283447265625,136.36527729034424
232,0.0011072158813476562,136.3663845062256
233,0.0011081695556640625,136.36749267578125
234,0.0010929107666015625,136.36858558654785
235,0.0010900497436523438,136.3696756362915
236,0.0010786056518554688,136.37075424194336
237,0.0010747909545898438,136.37182903289795
238,0.00106048583984375,136.3728895187378
239,0.001049041748046875,136.37393856048584
240,0.001049041748046875,136.3749876022339
241,0.0010356903076171875,136.3760232925415
242,0.0010347366333007812,136.3770580291748
243,0.0010213851928710938,136.37807941436768
244,0.0010204315185546875,136.37909984588623
245,0.001007080078125,136.38010692596436
246,0.0010080337524414062,136.3811149597168
247,0.0009965896606445312,136.38211154937744
