step,loss,cumulative_loss_sum
1,1.697265625,1.697265625
2,1.697265625,3.39453125
3,1.697265625,5.091796875
4,1.697265625,6.7890625
5,1.697265625,8.486328125
6,1.5625,10.048828125
7,1.5625,11.611328125
8,1.4365234375,13.0478515625
9,1.322265625,14.3701171875
10,1.21484375,15.5849609375
11,1.1337890625,16.71875
12,1.052734375,17.771484375
13,0.970703125,18.7421875
14,0.91796875,19.66015625
15,0.87255859375,20.53271484375
16,0.85009765625,21.3828125
17,0.7939453125,22.1767578125
18,0.74609375,22.9228515625
19,0.7060546875,23.62890625
20,0.6650390625,24.2939453125
21,0.6259765625,24.919921875
22,0.59423828125,25.51416015625
23,0.5654296875,26.07958984375
24,0.53369140625,26.61328125
25,0.50927734375,27.12255859375
26,0.489013671875,27.611572265625
27,0.486572265625,28.09814453125
28,0.46923828125,28.5673828125
29,0.4658203125,29.033203125
30,0.443115234375,29.476318359375
31,0.442138671875,29.91845703125
32,0.424560546875,30.343017578125
33,0.418212890625,30.76123046875
34,0.4052734375,31.16650390625
35,0.39599609375,31.5625
36,0.38720703125,31.94970703125
37,0.378662109375,32.328369140625
38,0.37255859375,32.700927734375
39,0.3623046875,33.063232421875
40,0.357177734375,33.42041015625
41,0.345947265625,33.766357421875
42,0.34423828125,34.110595703125
43,0.329833984375,34.4404296875
44,0.328857421875,34.769287109375
45,0.317138671875,35.08642578125
46,0.31396484375,35.400390625
47,0.302978515625,35.703369140625
48,0.29833984375,36.001708984375
49,0.287353515625,36.2890625
50,0.28466796875,36.57373046875
51,0.274658203125,36.848388671875
52,0.26953125,37.117919921875
53,0.26416015625,37.382080078125
54,0.259765625,37.641845703125
55,0.250732421875,37.892578125
56,0.2481689453125,38.1407470703125
57,0.236572265625,38.3773193359375
58,0.2352294921875,38.612548828125
59,0.2242431640625,38.8367919921875
60,0.224609375,39.0614013671875
61,0.2149658203125,39.2763671875
62,0.2174072265625,39.4937744140625
63,0.2059326171875,39.69970703125
64,0.2078857421875,39.9075927734375
65,0.1976318359375,40.105224609375
66,0.198974609375,40.30419921875
67,0.1885986328125,40.4927978515625
68,0.1895751953125,40.682373046875
69,0.181396484375,40.86376953125
70,0.1746826171875,41.0384521484375
71,0.1689453125,41.2073974609375
72,0.163818359375,41.3712158203125
73,0.1588134765625,41.530029296875
74,0.1513671875,41.681396484375
75,0.1461181640625,41.8275146484375
76,0.14013671875,41.9676513671875
77,0.1324462890625,42.10009765625
78,0.1259765625,42.22607421875
79,0.119384765625,42.345458984375
80,0.1134033203125,42.4588623046875
81,0.1090087890625,42.56787109375
82,0.10491943359375,42.67279052734375
83,0.10101318359375,42.7738037109375
84,0.09716796875,42.8709716796875
85,0.0926513671875,42.963623046875
86,0.09002685546875,43.05364990234375
87,0.0885009765625,43.14215087890625
88,0.08447265625,43.22662353515625
89,0.082275390625,43.30889892578125
90,0.08026123046875,43.38916015625
91,0.0772705078125,43.4664306640625
92,0.075927734375,43.5423583984375
93,0.0736083984375,43.615966796875
94,0.072509765625,43.6884765625
95,0.0704345703125,43.7589111328125
96,0.0679931640625,43.826904296875
97,0.06536865234375,43.89227294921875
98,0.064697265625,43.95697021484375
99,0.0634765625,44.02044677734375
100,0.0626220703125,44.08306884765625
101,0.0609130859375,44.14398193359375
102,0.059783935546875,44.203765869140625
103,0.0576171875,44.261383056640625
104,0.056488037109375,44.31787109375
105,0.05487060546875,44.37274169921875
106,0.054473876953125,44.427215576171875
107,0.05279541015625,44.480010986328125
108,0.051727294921875,44.53173828125
109,0.05108642578125,44.58282470703125
110,0.05035400390625,44.6331787109375
111,0.048858642578125,44.682037353515625
112,0.0484619140625,44.730499267578125
113,0.047119140625,44.777618408203125
114,0.046722412109375,44.8243408203125
115,0.045318603515625,44.869659423828125
116,0.045013427734375,44.9146728515625
117,0.0435791015625,44.958251953125
118,0.0423583984375,45.0006103515625
119,0.041961669921875,45.042572021484375
120,0.04095458984375,45.083526611328125
121,0.04052734375,45.124053955078125
122,0.0394287109375,45.163482666015625
123,0.038848876953125,45.20233154296875
124,0.037872314453125,45.240203857421875
125,0.036895751953125,45.277099609375
126,0.03607177734375,45.31317138671875
127,0.035369873046875,45.348541259765625
128,0.03485107421875,45.383392333984375
129,0.0340576171875,45.417449951171875
130,0.03326416015625,45.450714111328125
131,0.03216552734375,45.482879638671875
132,0.031768798828125,45.5146484375
133,0.0309600830078125,45.54560852050781
134,0.0306549072265625,45.576263427734375
135,0.0296783447265625,45.60594177246094
136,0.02935791015625,45.63529968261719
137,0.0285797119140625,45.66387939453125
138,0.0281524658203125,45.69203186035156
139,0.0272064208984375,45.71923828125
140,0.0270843505859375,45.74632263183594
141,0.0263214111328125,45.77264404296875
142,0.025970458984375,45.798614501953125
143,0.0251007080078125,45.82371520996094
144,0.024444580078125,45.84815979003906
145,0.0241546630859375,45.872314453125
146,0.0234832763671875,45.89579772949219
147,0.0230712890625,45.91886901855469
148,0.0224151611328125,45.9412841796875
149,0.021942138671875,45.963226318359375
150,0.02154541015625,45.984771728515625
151,0.0211029052734375,46.00587463378906
152,0.0206298828125,46.02650451660156
153,0.0202789306640625,46.046783447265625
154,0.019744873046875,46.0665283203125
155,0.0194091796875,46.0859375
156,0.0190277099609375,46.10496520996094
157,0.0184783935546875,46.123443603515625
158,0.018096923828125,46.14154052734375
159,0.0177001953125,46.15924072265625
160,0.017242431640625,46.176483154296875
161,0.0169830322265625,46.19346618652344
162,0.016265869140625,46.20973205566406
163,0.0161590576171875,46.22589111328125
164,0.01557159423828125,46.24146270751953
165,0.015289306640625,46.256752014160156
166,0.01470184326171875,46.271453857421875
167,0.014190673828125,46.28564453125
168,0.01364898681640625,46.299293518066406
169,0.0130615234375,46.312355041503906
170,0.01276397705078125,46.32511901855469
171,0.01238250732421875,46.337501525878906
172,0.01190948486328125,46.34941101074219
173,0.01157379150390625,46.360984802246094
174,0.01114654541015625,46.37213134765625
175,0.0107574462890625,46.38288879394531
176,0.0103912353515625,46.393280029296875
177,0.01006317138671875,46.403343200683594
178,0.0097198486328125,46.413063049316406
179,0.0094146728515625,46.42247772216797
180,0.00913238525390625,46.431610107421875
181,0.0088653564453125,46.44047546386719
182,0.008514404296875,46.44898986816406
183,0.00830078125,46.45729064941406
184,0.00807952880859375,46.465370178222656
185,0.00785064697265625,46.47322082519531
186,0.007617950439453125,46.480838775634766
187,0.00746917724609375,46.48830795288086
188,0.00724029541015625,46.495548248291016
189,0.0070953369140625,46.50264358520508
190,0.00693511962890625,46.509578704833984
191,0.006755828857421875,46.516334533691406
192,0.006561279296875,46.52289581298828
193,0.006443023681640625,46.52933883666992
194,0.006290435791015625,46.53562927246094
195,0.00618743896484375,46.54181671142578
196,0.00605010986328125,46.54786682128906
197,0.0059051513671875,46.55377197265625
198,0.00579071044921875,46.55956268310547
199,0.005664825439453125,46.56522750854492
200,0.005580902099609375,46.57080841064453
201,0.005435943603515625,46.57624435424805
202,0.005329132080078125,46.581573486328125
203,0.005229949951171875,46.5868034362793
204,0.005138397216796875,46.591941833496094
205,0.005023956298828125,46.59696578979492
206,0.004974365234375,46.6019401550293
207,0.0048980712890625,46.60683822631836
208,0.0048065185546875,46.61164474487305
209,0.004711151123046875,46.616355895996094
210,0.0046539306640625,46.621009826660156
211,0.004550933837890625,46.62556076049805
212,0.004489898681640625,46.63005065917969
213,0.0044403076171875,46.634490966796875
214,0.0043792724609375,46.63887023925781
215,0.00429534912109375,46.643165588378906
216,0.0042572021484375,46.647422790527344
217,0.004192352294921875,46.651615142822266
218,0.00412750244140625,46.65574264526367
219,0.00409698486328125,46.65983963012695
220,0.00399017333984375,46.6638298034668
221,0.003971099853515625,46.66780090332031
222,0.003940582275390625,46.6717414855957
223,0.0038776397705078125,46.67561912536621
224,0.0038471221923828125,46.679466247558594
225,0.0037994384765625,46.683265686035156
226,0.0037174224853515625,46.68698310852051
227,0.003673553466796875,46.690656661987305
228,0.0036716461181640625,46.69432830810547
229,0.0036163330078125,46.69794464111328
230,0.0035800933837890625,46.70152473449707
231,0.0035419464111328125,46.7050666809082
232,0.0034637451171875,46.70853042602539
233,0.0034046173095703125,46.71193504333496
234,0.003383636474609375,46.71531867980957
235,0.003353118896484375,46.718671798706055
236,0.0033092498779296875,46.721981048583984
237,0.003269195556640625,46.725250244140625
238,0.0032711029052734375,46.7285213470459
239,0.003208160400390625,46.73172950744629
240,0.003173828125,46.73490333557129
241,0.0031585693359375,46.73806190490723
242,0.003143310546875,46.7412052154541
243,0.003093719482421875,46.74429893493652
244,0.0030574798583984375,46.74735641479492
245,0.00305938720703125,46.75041580200195
246,0.0030040740966796875,46.75341987609863
247,0.0029850006103515625,46.756404876708984
248,0.0029659271240234375,46.75937080383301
249,0.00292205810546875,46.76229286193848
250,0.0029048919677734375,46.76519775390625
251,0.002864837646484375,46.768062591552734
252,0.0028514862060546875,46.77091407775879
253,0.002819061279296875,46.773733139038086
254,0.0027980804443359375,46.77653121948242
255,0.0027923583984375,46.77932357788086
256,0.0027561187744140625,46.78207969665527
257,0.0027179718017578125,46.78479766845703
258,0.00270843505859375,46.787506103515625
259,0.00267791748046875,46.790184020996094
260,0.002643585205078125,46.79282760620117
261,0.0026454925537109375,46.79547309875488
262,0.0026111602783203125,46.7980842590332
263,0.0025806427001953125,46.8006649017334
264,0.0025577545166015625,46.80322265625
265,0.00254058837890625,46.805763244628906
266,0.00254058837890625,46.80830383300781
267,0.0024890899658203125,46.81079292297363
268,0.0024929046630859375,46.81328582763672
269,0.0024738311767578125,46.81575965881348
270,0.0024623870849609375,46.81822204589844
271,0.0024394989013671875,46.820661544799805
272,0.0024166107177734375,46.82307815551758
273,0.00238800048828125,46.82546615600586
274,0.0023784637451171875,46.82784461975098
275,0.002368927001953125,46.83021354675293
276,0.0023555755615234375,46.83256912231445
277,0.0023345947265625,46.834903717041016
278,0.0023174285888671875,46.83722114562988
279,0.0022869110107421875,46.839508056640625
280,0.0022792816162109375,46.841787338256836
281,0.00225830078125,46.844045639038086
282,0.002227783203125,46.84627342224121
283,0.0022125244140625,46.84848594665527
284,0.0021915435791015625,46.850677490234375
285,0.0021991729736328125,46.85287666320801
286,0.0021762847900390625,46.85505294799805
287,0.0021572113037109375,46.85721015930176
288,0.00213623046875,46.85934638977051
289,0.002132415771484375,46.86147880554199
290,0.0021076202392578125,46.86358642578125
291,0.0021076202392578125,46.86569404602051
292,0.0020809173583984375,46.867774963378906
293,0.0020656585693359375,46.86984062194824
294,0.0020465850830078125,46.87188720703125
295,0.0020313262939453125,46.873918533325195
296,0.0020198822021484375,46.875938415527344
297,0.0020046234130859375,46.87794303894043
298,0.00199127197265625,46.879934310913086
299,0.00197601318359375,46.88191032409668
300,0.001972198486328125,46.88388252258301
301,0.0019683837890625,46.88585090637207
302,0.0019359588623046875,46.887786865234375
303,0.0019273757934570312,46.88971424102783
304,0.0019073486328125,46.891621589660645
305,0.0018949508666992188,46.893516540527344
306,0.0018749237060546875,46.8953914642334
307,0.0018672943115234375,46.89725875854492
308,0.0018520355224609375,46.89911079406738
309,0.0018463134765625,46.900957107543945
310,0.0018281936645507812,46.902785301208496
311,0.0018224716186523438,46.90460777282715
312,0.0018138885498046875,46.90642166137695
313,0.0018014907836914062,46.908223152160645
314,0.00177764892578125,46.910000801086426
315,0.0017747879028320312,46.91177558898926
316,0.0017671585083007812,46.91354274749756
317,0.001750946044921875,46.91529369354248
318,0.0017366409301757812,46.917030334472656
319,0.0017328262329101562,46.918763160705566
320,0.0017261505126953125,46.92048931121826
321,0.0017070770263671875,46.92219638824463
322,0.001689910888671875,46.9238862991333
323,0.00168609619140625,46.92557239532471
324,0.0016813278198242188,46.92725372314453
325,0.0016698837280273438,46.92892360687256
326,0.0016546249389648438,46.93057823181152
327,0.0016374588012695312,46.93221569061279
328,0.0016241073608398438,46.93383979797363
329,0.0016164779663085938,46.93545627593994
330,0.0015993118286132812,46.937055587768555
331,0.0015869140625,46.938642501831055
332,0.00159454345703125,46.940237045288086
333,0.0015735626220703125,46.941810607910156
334,0.001575469970703125,46.94338607788086
335,0.001556396484375,46.944942474365234
336,0.0015573501586914062,46.946499824523926
337,0.0015459060668945312,46.94804573059082
338,0.001537322998046875,46.94958305358887
339,0.0015192031860351562,46.9511022567749
340,0.001514434814453125,46.952616691589355
341,0.0015058517456054688,46.95412254333496
342,0.0015001296997070312,46.95562267303467
343,0.001483917236328125,46.957106590270996
344,0.0014886856079101562,46.958595275878906
345,0.001476287841796875,46.9600715637207
346,0.0014667510986328125,46.961538314819336
347,0.0014581680297851562,46.96299648284912
348,0.0014476776123046875,46.964444160461426
349,0.0014371871948242188,46.96588134765625
350,0.001438140869140625,46.96731948852539
351,0.0014295578002929688,46.968749046325684
352,0.0014295578002929688,46.97017860412598
353,0.0014219284057617188,46.97160053253174
354,0.001407623291015625,46.973008155822754
355,0.0013971328735351562,46.97440528869629
356,0.0013828277587890625,46.97578811645508
357,0.0013856887817382812,46.977173805236816
358,0.0013828277587890625,46.978556632995605
359,0.001373291015625,46.97992992401123
360,0.0013570785522460938,46.98128700256348
361,0.0013456344604492188,46.982632637023926
362,0.0013456344604492188,46.983978271484375
363,0.0013284683227539062,46.98530673980713
364,0.0013179779052734375,46.9866247177124
365,0.0013246536254882812,46.98794937133789
366,0.0013093948364257812,46.989258766174316
367,0.0013065338134765625,46.99056529998779
368,0.0012979507446289062,46.99186325073242
369,0.0012969970703125,46.993160247802734
370,0.0012788772583007812,46.994439125061035
371,0.0012798309326171875,46.99571895599365
372,0.0012769699096679688,46.99699592590332
373,0.0012798309326171875,46.99827575683594
374,0.0012693405151367188,46.999545097351074
375,0.0012540817260742188,47.00079917907715
376,0.0012483596801757812,47.002047538757324
377,0.0012617111206054688,47.00330924987793
378,0.0012302398681640625,47.004539489746094
379,0.0012378692626953125,47.00577735900879
380,0.0012302398681640625,47.00700759887695
381,0.0012178421020507812,47.008225440979004
382,0.001216888427734375,47.00944232940674
383,0.0012254714965820312,47.01066780090332
384,0.0012083053588867188,47.01187610626221
385,0.0012140274047851562,47.01309013366699
386,0.0011930465698242188,47.014283180236816
387,0.0011987686157226562,47.01548194885254
388,0.0011997222900390625,47.01668167114258
389,0.001186370849609375,47.01786804199219
390,0.0011692047119140625,47.0190372467041
391,0.0011701583862304688,47.02020740509033
392,0.00115203857421875,47.02135944366455
393,0.0011606216430664062,47.02252006530762
394,0.0011453628540039062,47.02366542816162
395,0.0011425018310546875,47.024807929992676
396,0.0011510848999023438,47.02595901489258
397,0.0011386871337890625,47.02709770202637
398,0.00113677978515625,47.02823448181152
399,0.0011234283447265625,47.02935791015625
400,0.0011196136474609375,47.03047752380371
401,0.0011320114135742188,47.031609535217285
402,0.0011205673217773438,47.03273010253906
403,0.0011186599731445312,47.03384876251221
404,0.0011119842529296875,47.03496074676514
405,0.0011034011840820312,47.03606414794922
406,0.0011005401611328125,47.03716468811035
407,0.00109100341796875,47.03825569152832
408,0.001087188720703125,47.03934288024902
409,0.00107574462890625,47.04041862487793
410,0.0010786056518554688,47.041497230529785
411,0.0010690689086914062,47.04256629943848
412,0.001064300537109375,47.043630599975586
413,0.0010547637939453125,47.04468536376953
414,0.0010509490966796875,47.04573631286621
415,0.001056671142578125,47.04679298400879
416,0.00106048583984375,47.04785346984863
417,0.001041412353515625,47.04889488220215
418,0.0010442733764648438,47.04993915557861
419,0.0010423660278320312,47.050981521606445
420,0.00102996826171875,47.052011489868164
421,0.0010242462158203125,47.053035736083984
422,0.0010280609130859375,47.05406379699707
423,0.0010213851928710938,47.05508518218994
424,0.0010242462158203125,47.05610942840576
425,0.0010099411010742188,47.057119369506836
426,0.001007080078125,47.05812644958496
427,0.0009984970092773438,47.05912494659424
