step,loss,cumulative_loss_sum
1,5.91796875,5.91796875
2,5.91796875,11.8359375
3,5.91796875,17.75390625
4,5.91796875,23.671875
5,5.91796875,29.58984375
6,5.91796875,35.5078125
7,5.91796875,41.42578125
8,5.91796875,47.34375
9,5.609375,52.953125
10,5.35546875,58.30859375
11,5.15625,63.46484375
12,4.984375,68.44921875
13,4.81640625,73.265625
14,4.67578125,77.94140625
15,4.58203125,82.5234375
16,4.47265625,86.99609375
17,4.3671875,91.36328125
18,4.28125,95.64453125
19,4.16796875,99.8125
20,4.08203125,103.89453125
21,3.966796875,107.861328125
22,3.884765625,111.74609375
23,3.7734375,115.51953125
24,3.693359375,119.212890625
25,3.583984375,122.796875
26,3.486328125,126.283203125
27,3.3828125,129.666015625
28,3.2890625,132.955078125
29,3.1796875,136.134765625
30,3.123046875,139.2578125
31,3.0234375,142.28125
32,2.98828125,145.26953125
33,2.875,148.14453125
34,2.7578125,150.90234375
35,2.70703125,153.609375
36,2.65234375,156.26171875
37,2.595703125,158.857421875
38,2.50390625,161.361328125
39,2.466796875,163.828125
40,2.384765625,166.212890625
41,2.349609375,168.5625
42,2.30859375,170.87109375
43,2.2734375,173.14453125
44,2.21484375,175.359375
45,2.17578125,177.53515625
46,2.123046875,179.658203125
47,2.046875,181.705078125
48,2.001953125,183.70703125
49,1.939453125,185.646484375
50,1.9228515625,187.5693359375
51,1.8994140625,189.46875
52,1.8544921875,191.3232421875
53,1.8310546875,193.154296875
54,1.775390625,194.9296875
55,1.7333984375,196.6630859375
56,1.7138671875,198.376953125
57,1.65234375,200.029296875
58,1.63671875,201.666015625
59,1.59375,203.259765625
60,1.5400390625,204.7998046875
61,1.5068359375,206.306640625
62,1.4775390625,207.7841796875
63,1.4365234375,209.220703125
64,1.4150390625,210.6357421875
65,1.3564453125,211.9921875
66,1.3642578125,213.3564453125
67,1.3017578125,214.658203125
68,1.3125,215.970703125
69,1.2421875,217.212890625
70,1.2421875,218.455078125
71,1.1962890625,219.6513671875
72,1.1904296875,220.841796875
73,1.146484375,221.98828125
74,1.125,223.11328125
75,1.1015625,224.21484375
76,1.0849609375,225.2998046875
77,1.0458984375,226.345703125
78,1.0234375,227.369140625
79,0.99169921875,228.36083984375
80,0.96484375,229.32568359375
81,0.93994140625,230.265625
82,0.9345703125,231.2001953125
83,0.90478515625,232.10498046875
84,0.89794921875,233.0029296875
85,0.857421875,233.8603515625
86,0.8564453125,234.716796875
87,0.81982421875,235.53662109375
88,0.8251953125,236.36181640625
89,0.7783203125,237.14013671875
90,0.7841796875,237.92431640625
91,0.74755859375,238.671875
92,0.7431640625,239.4150390625
93,0.7080078125,240.123046875
94,0.70263671875,240.82568359375
95,0.6796875,241.50537109375
96,0.6748046875,242.18017578125
97,0.64990234375,242.830078125
98,0.64697265625,243.47705078125
99,0.62109375,244.09814453125
100,0.62548828125,244.7236328125
101,0.6025390625,245.326171875
102,0.60791015625,245.93408203125
103,0.58642578125,246.5205078125
104,0.576171875,247.0966796875
105,0.5546875,247.6513671875
106,0.560546875,248.2119140625
107,0.54541015625,248.75732421875
108,0.5390625,249.29638671875
109,0.52978515625,249.826171875
110,0.5126953125,250.3388671875
111,0.51123046875,250.85009765625
112,0.497314453125,251.347412109375
113,0.49169921875,251.839111328125
114,0.475341796875,252.314453125
115,0.473876953125,252.788330078125
116,0.444091796875,253.232421875
117,0.43701171875,253.66943359375
118,0.416748046875,254.086181640625
119,0.403564453125,254.48974609375
120,0.390625,254.88037109375
121,0.37890625,255.25927734375
122,0.3642578125,255.62353515625
123,0.359375,255.98291015625
124,0.34619140625,256.3291015625
125,0.33837890625,256.66748046875
126,0.319091796875,256.986572265625
127,0.318359375,257.304931640625
128,0.304443359375,257.609375
129,0.286865234375,257.896240234375
130,0.278076171875,258.17431640625
131,0.26220703125,258.4365234375
132,0.255126953125,258.691650390625
133,0.240234375,258.931884765625
134,0.224853515625,259.15673828125
135,0.215576171875,259.372314453125
136,0.2044677734375,259.5767822265625
137,0.192138671875,259.7689208984375
138,0.1795654296875,259.948486328125
139,0.1685791015625,260.1170654296875
140,0.159423828125,260.2764892578125
141,0.14892578125,260.4254150390625
142,0.1412353515625,260.566650390625
143,0.12939453125,260.696044921875
144,0.12347412109375,260.81951904296875
145,0.11444091796875,260.9339599609375
146,0.1058349609375,261.039794921875
147,0.10296630859375,261.14276123046875
148,0.093505859375,261.23626708984375
149,0.089111328125,261.32537841796875
150,0.0849609375,261.41033935546875
151,0.07763671875,261.48797607421875
152,0.0732421875,261.56121826171875
153,0.06689453125,261.62811279296875
154,0.0626220703125,261.69073486328125
155,0.05767822265625,261.7484130859375
156,0.055999755859375,261.8044128417969
157,0.049713134765625,261.8541259765625
158,0.048309326171875,261.9024353027344
159,0.042510986328125,261.9449462890625
160,0.040924072265625,261.9858703613281
161,0.036590576171875,262.0224609375
162,0.03570556640625,262.05816650390625
163,0.0311279296875,262.08929443359375
164,0.0288848876953125,262.11817932128906
165,0.0283966064453125,262.1465759277344
166,0.0246429443359375,262.1712188720703
167,0.0225067138671875,262.1937255859375
168,0.0218963623046875,262.2156219482422
169,0.021148681640625,262.2367706298828
170,0.019287109375,262.2560577392578
171,0.0195465087890625,262.2756042480469
172,0.0173797607421875,262.29298400878906
173,0.0178680419921875,262.31085205078125
174,0.015716552734375,262.3265686035156
175,0.015838623046875,262.3424072265625
176,0.014495849609375,262.3569030761719
177,0.01450347900390625,262.3714065551758
178,0.01308441162109375,262.3844909667969
179,0.013336181640625,262.3978271484375
180,0.01187896728515625,262.40970611572266
181,0.01175689697265625,262.4214630126953
182,0.01065826416015625,262.43212127685547
183,0.0108642578125,262.44298553466797
184,0.009918212890625,262.4529037475586
185,0.00983428955078125,262.4627380371094
186,0.00899505615234375,262.4717330932617
187,0.00911712646484375,262.48085021972656
188,0.00843048095703125,262.4892807006836
189,0.00815582275390625,262.4974365234375
190,0.007778167724609375,262.5052146911621
191,0.007709503173828125,262.51292419433594
192,0.0074005126953125,262.52032470703125
193,0.007171630859375,262.5274963378906
194,0.007030487060546875,262.5345268249512
195,0.00664520263671875,262.5411720275879
196,0.006649017333984375,262.5478210449219
197,0.0062255859375,262.5540466308594
198,0.006282806396484375,262.56032943725586
199,0.005870819091796875,262.56620025634766
200,0.005680084228515625,262.5718803405762
201,0.005504608154296875,262.57738494873047
202,0.00513458251953125,262.58251953125
203,0.00493621826171875,262.5874557495117
204,0.004856109619140625,262.59231185913086
205,0.004627227783203125,262.59693908691406
206,0.004535675048828125,262.6014747619629
207,0.00441741943359375,262.6058921813965
208,0.004329681396484375,262.61022186279297
209,0.004138946533203125,262.6143608093262
210,0.00405120849609375,262.61841201782227
211,0.00397491455078125,262.62238693237305
212,0.003856658935546875,262.6262435913086
213,0.00376129150390625,262.6300048828125
214,0.0036563873291015625,262.6336612701416
215,0.0035800933837890625,262.6372413635254
216,0.0034809112548828125,262.6407222747803
217,0.003391265869140625,262.6441135406494
218,0.003345489501953125,262.64745903015137
219,0.00324249267578125,262.65070152282715
220,0.0032100677490234375,262.6539115905762
221,0.003154754638671875,262.65706634521484
222,0.0030803680419921875,262.66014671325684
223,0.003021240234375,262.6631679534912
224,0.0029850006103515625,262.66615295410156
225,0.0029201507568359375,262.6690731048584
226,0.00284576416015625,262.67191886901855
227,0.0028076171875,262.67472648620605
228,0.0027618408203125,262.67748832702637
229,0.002742767333984375,262.68023109436035
230,0.00267791748046875,262.6829090118408
231,0.0026397705078125,262.68554878234863
232,0.002593994140625,262.68814277648926
233,0.0025424957275390625,262.6906852722168
234,0.00252532958984375,262.69321060180664
235,0.002475738525390625,262.69568634033203
236,0.00244140625,262.69812774658203
237,0.0024127960205078125,262.70054054260254
238,0.002391815185546875,262.7029323577881
239,0.0023479461669921875,262.7052803039551
240,0.0023059844970703125,262.70758628845215
241,0.0022754669189453125,262.7098617553711
242,0.0022335052490234375,262.7120952606201
243,0.002197265625,262.7142925262451
244,0.0021724700927734375,262.7164649963379
245,0.00215911865234375,262.71862411499023
246,0.002155303955078125,262.7207794189453
247,0.0020923614501953125,262.7228717803955
248,0.0020904541015625,262.72496223449707
249,0.0020542144775390625,262.7270164489746
250,0.0020599365234375,262.72907638549805
251,0.0019893646240234375,262.73106575012207
252,0.001949310302734375,262.7330150604248
253,0.0019378662109375,262.73495292663574
254,0.0019273757934570312,262.7368803024292
255,0.0019207000732421875,262.73880100250244
256,0.001880645751953125,262.7406816482544
257,0.0018606185913085938,262.7425422668457
258,0.0018224716186523438,262.74436473846436
259,0.0018157958984375,262.7461805343628
260,0.0017871856689453125,262.74796772003174
261,0.0017919540405273438,262.74975967407227
262,0.0017652511596679688,262.75152492523193
263,0.0017414093017578125,262.7532663345337
264,0.0017309188842773438,262.75499725341797
265,0.001708984375,262.75670623779297
266,0.0016918182373046875,262.7583980560303
267,0.0016870498657226562,262.760085105896
268,0.0016689300537109375,262.7617540359497
269,0.0016546249389648438,262.7634086608887
270,0.0016260147094726562,262.76503467559814
271,0.0016145706176757812,262.7666492462158
272,0.0015935897827148438,262.76824283599854
273,0.0015811920166015625,262.76982402801514
274,0.001575469970703125,262.77139949798584
275,0.0015592575073242188,262.77295875549316
276,0.0015459060668945312,262.77450466156006
277,0.0015420913696289062,262.7760467529297
278,0.001522064208984375,262.7775688171387
279,0.0015172958374023438,262.7790861129761
280,0.0015010833740234375,262.7805871963501
281,0.0014801025390625,262.78206729888916
282,0.0014781951904296875,262.7835454940796
283,0.0014486312866210938,262.7849941253662
284,0.0014448165893554688,262.78643894195557
285,0.00142669677734375,262.7878656387329
286,0.0014295578002929688,262.7892951965332
287,0.0014162063598632812,262.79071140289307
288,0.0014009475708007812,262.79211235046387
289,0.001392364501953125,262.7935047149658
290,0.0013904571533203125,262.79489517211914
291,0.0013723373413085938,262.79626750946045
292,0.0013637542724609375,262.7976312637329
293,0.0013513565063476562,262.79898262023926
294,0.0013494491577148438,262.800332069397
295,0.0013284683227539062,262.8016605377197
296,0.0013284683227539062,262.8029890060425
297,0.0013179779052734375,262.80430698394775
298,0.0013017654418945312,262.80560874938965
299,0.0012865066528320312,262.8068952560425
300,0.0012760162353515625,262.80817127227783
301,0.0012750625610351562,262.80944633483887
302,0.0012607574462890625,262.81070709228516
303,0.0012502670288085938,262.81195735931396
304,0.0012445449829101562,262.8132019042969
305,0.0012407302856445312,262.8144426345825
306,0.0012350082397460938,262.81567764282227
307,0.0012264251708984375,262.81690406799316
308,0.0012159347534179688,262.8181200027466
309,0.00121307373046875,262.81933307647705
310,0.0012035369873046875,262.82053661346436
311,0.00119781494140625,262.82173442840576
312,0.0011873245239257812,262.8229217529297
313,0.0011663436889648438,262.82408809661865
314,0.0011587142944335938,262.8252468109131
315,0.00115966796875,262.82640647888184
316,0.0011539459228515625,262.8275604248047
317,0.001148223876953125,262.82870864868164
318,0.001140594482421875,262.82984924316406
319,0.0011358261108398438,262.8309850692749
320,0.0011320114135742188,262.8321170806885
321,0.0011186599731445312,262.8332357406616
322,0.0011157989501953125,262.8343515396118
323,0.001102447509765625,262.8354539871216
324,0.001094818115234375,262.8365488052368
325,0.0010852813720703125,262.8376340866089
326,0.0010766983032226562,262.8387107849121
327,0.0010728836059570312,262.83978366851807
328,0.0010652542114257812,262.8408489227295
329,0.0010576248168945312,262.8419065475464
330,0.0010519027709960938,262.8429584503174
331,0.0010461807250976562,262.8440046310425
332,0.0010309219360351562,262.8450355529785
333,0.0010280609130859375,262.8460636138916
334,0.0010175704956054688,262.8470811843872
335,0.0010194778442382812,262.84810066223145
336,0.001010894775390625,262.84911155700684
337,0.0010042190551757812,262.850115776062
338,0.0009984970092773438,262.8511142730713
