step,loss,cumulative_loss_sum
1,7.0390625,7.0390625
2,7.0390625,14.078125
3,7.0390625,21.1171875
4,7.0390625,28.15625
5,7.0390625,35.1953125
6,6.93359375,42.12890625
7,6.83984375,48.96875
8,6.7421875,55.7109375
9,6.66015625,62.37109375
10,6.5703125,68.94140625
11,6.48046875,75.421875
12,6.3984375,81.8203125
13,6.3203125,88.140625
14,6.2421875,94.3828125
15,6.1796875,100.5625
16,6.11328125,106.67578125
17,6.0625,112.73828125
18,5.984375,118.72265625
19,5.91015625,124.6328125
20,5.8359375,130.46875
21,5.75390625,136.22265625
22,5.66796875,141.890625
23,5.578125,147.46875
24,5.4921875,152.9609375
25,5.4140625,158.375
26,5.33203125,163.70703125
27,5.24609375,168.953125
28,5.16796875,174.12109375
29,5.08984375,179.2109375
30,5.00390625,184.21484375
31,4.9296875,189.14453125
32,4.83203125,193.9765625
33,4.75390625,198.73046875
34,4.6796875,203.41015625
35,4.58984375,208.0
36,4.5234375,212.5234375
37,4.44140625,216.96484375
38,4.3671875,221.33203125
39,4.29296875,225.625
40,4.22265625,229.84765625
41,4.16015625,234.0078125
42,4.0859375,238.09375
43,4.01953125,242.11328125
44,3.94921875,246.0625
45,3.88671875,249.94921875
46,3.814453125,253.763671875
47,3.74609375,257.509765625
48,3.67578125,261.185546875
49,3.615234375,264.80078125
50,3.548828125,268.349609375
51,3.5078125,271.857421875
52,3.458984375,275.31640625
53,3.40234375,278.71875
54,3.34765625,282.06640625
55,3.298828125,285.365234375
56,3.23046875,288.595703125
57,3.18359375,291.779296875
58,3.126953125,294.90625
59,3.06640625,297.97265625
60,2.998046875,300.970703125
61,2.94140625,303.912109375
62,2.8828125,306.794921875
63,2.830078125,309.625
64,2.779296875,312.404296875
65,2.73046875,315.134765625
66,2.681640625,317.81640625
67,2.630859375,320.447265625
68,2.564453125,323.01171875
69,2.5078125,325.51953125
70,2.458984375,327.978515625
71,2.404296875,330.3828125
72,2.357421875,332.740234375
73,2.302734375,335.04296875
74,2.248046875,337.291015625
75,2.1875,339.478515625
76,2.12109375,341.599609375
77,2.0546875,343.654296875
78,2.001953125,345.65625
79,1.935546875,347.591796875
80,1.880859375,349.47265625
81,1.80859375,351.28125
82,1.73828125,353.01953125
83,1.669921875,354.689453125
84,1.6044921875,356.2939453125
85,1.5537109375,357.84765625
86,1.474609375,359.322265625
87,1.40234375,360.724609375
88,1.3408203125,362.0654296875
89,1.2705078125,363.3359375
90,1.1845703125,364.5205078125
91,1.1845703125,365.705078125
92,1.1142578125,366.8193359375
93,1.0380859375,367.857421875
94,0.96630859375,368.82373046875
95,0.8876953125,369.71142578125
96,0.8203125,370.53173828125
97,0.75439453125,371.2861328125
98,0.703125,371.9892578125
99,0.64013671875,372.62939453125
100,0.587890625,373.21728515625
101,0.5400390625,373.75732421875
102,0.493408203125,374.250732421875
103,0.452880859375,374.70361328125
104,0.416748046875,375.120361328125
105,0.38232421875,375.502685546875
106,0.347900390625,375.8505859375
107,0.31982421875,376.17041015625
108,0.296142578125,376.466552734375
109,0.271728515625,376.73828125
110,0.248291015625,376.986572265625
111,0.22509765625,377.211669921875
112,0.2047119140625,377.4163818359375
113,0.1845703125,377.6009521484375
114,0.1678466796875,377.768798828125
115,0.1510009765625,377.9197998046875
116,0.138671875,378.0584716796875
117,0.129150390625,378.1876220703125
118,0.11865234375,378.3062744140625
119,0.109130859375,378.4154052734375
120,0.1015625,378.5169677734375
121,0.093994140625,378.6109619140625
122,0.08642578125,378.6973876953125
123,0.08050537109375,378.77789306640625
124,0.0743408203125,378.85223388671875
125,0.0687255859375,378.92095947265625
126,0.06427001953125,378.9852294921875
127,0.060546875,379.0457763671875
128,0.056854248046875,379.1026306152344
129,0.05224609375,379.1548767089844
130,0.04925537109375,379.2041320800781
131,0.046234130859375,379.2503662109375
132,0.042755126953125,379.2931213378906
133,0.0399169921875,379.3330383300781
134,0.037139892578125,379.37017822265625
135,0.03466796875,379.40484619140625
136,0.0323486328125,379.43719482421875
137,0.0303497314453125,379.46754455566406
138,0.02825927734375,379.4958038330078
139,0.026397705078125,379.52220153808594
140,0.0242462158203125,379.54644775390625
141,0.02264404296875,379.569091796875
142,0.0209197998046875,379.5900115966797
143,0.0193328857421875,379.6093444824219
144,0.0178985595703125,379.6272430419922
145,0.0164031982421875,379.6436462402344
146,0.0152740478515625,379.65892028808594
147,0.014129638671875,379.6730499267578
148,0.0134429931640625,379.6864929199219
149,0.012451171875,379.6989440917969
150,0.01207733154296875,379.71102142333984
151,0.01129913330078125,379.7223205566406
152,0.0107879638671875,379.7331085205078
153,0.010162353515625,379.74327087402344
154,0.0095367431640625,379.7528076171875
155,0.00908660888671875,379.7618942260742
156,0.00864410400390625,379.7705383300781
157,0.008148193359375,379.7786865234375
158,0.007778167724609375,379.7864646911621
159,0.007476806640625,379.79394149780273
160,0.007144927978515625,379.80108642578125
161,0.006908416748046875,379.8079948425293
162,0.006591796875,379.8145866394043
163,0.0064239501953125,379.8210105895996
164,0.006214141845703125,379.8272247314453
165,0.005954742431640625,379.83317947387695
166,0.00580596923828125,379.83898544311523
167,0.005565643310546875,379.8445510864258
168,0.0053863525390625,379.84993743896484
169,0.0052337646484375,379.8551712036133
170,0.00506591796875,379.86023712158203
171,0.004932403564453125,379.8651695251465
172,0.004863739013671875,379.87003326416016
173,0.00469970703125,379.8747329711914
174,0.004611968994140625,379.87934494018555
175,0.004459381103515625,379.88380432128906
176,0.004360198974609375,379.8881645202637
177,0.00429534912109375,379.89245986938477
178,0.00418853759765625,379.8966484069824
179,0.004093170166015625,379.90074157714844
180,0.004009246826171875,379.9047508239746
181,0.003910064697265625,379.9086608886719
182,0.0038318634033203125,379.9124927520752
183,0.0037288665771484375,379.91622161865234
184,0.003662109375,379.91988372802734
185,0.0035858154296875,379.92346954345703
186,0.0034961700439453125,379.926965713501
187,0.0034465789794921875,379.93041229248047
188,0.0033588409423828125,379.93377113342285
189,0.0033130645751953125,379.93708419799805
190,0.0032444000244140625,379.94032859802246
191,0.003208160400390625,379.94353675842285
192,0.003116607666015625,379.94665336608887
193,0.0030803680419921875,379.94973373413086
194,0.0030117034912109375,379.95274543762207
195,0.0029735565185546875,379.9557189941406
196,0.0029354095458984375,379.9586544036865
197,0.0028896331787109375,379.96154403686523
198,0.002841949462890625,379.9643859863281
199,0.00279998779296875,379.9671859741211
200,0.0027637481689453125,379.96994972229004
201,0.0027065277099609375,379.97265625
202,0.0026645660400390625,379.97532081604004
203,0.00263214111328125,379.9779529571533
204,0.0025959014892578125,379.9805488586426
205,0.0025424957275390625,379.9830913543701
206,0.0025081634521484375,379.98559951782227
207,0.00249481201171875,379.988094329834
208,0.002475738525390625,379.9905700683594
209,0.002422332763671875,379.99299240112305
210,0.002391815185546875,379.9953842163086
211,0.0023555755615234375,379.9977397918701
212,0.0023441314697265625,380.00008392333984
213,0.00231170654296875,380.0023956298828
214,0.00229644775390625,380.0046920776367
215,0.002262115478515625,380.00695419311523
216,0.002227783203125,380.00918197631836
217,0.002197265625,380.01137924194336
218,0.0021686553955078125,380.01354789733887
219,0.0021495819091796875,380.01569747924805
220,0.0021190643310546875,380.0178165435791
221,0.00208282470703125,380.01989936828613
222,0.002063751220703125,380.02196311950684
223,0.0020542144775390625,380.0240173339844
224,0.0020236968994140625,380.0260410308838
225,0.001995086669921875,380.0280361175537
226,0.001979827880859375,380.03001594543457
227,0.0019550323486328125,380.0319709777832
228,0.0019273757934570312,380.03389835357666
229,0.00191497802734375,380.035813331604
230,0.0018863677978515625,380.03769969940186
231,0.001888275146484375,380.03958797454834
232,0.0018682479858398438,380.0414562225342
233,0.0018405914306640625,380.04329681396484
234,0.00182342529296875,380.0451202392578
235,0.0018110275268554688,380.04693126678467
236,0.0017881393432617188,380.04871940612793
237,0.0017786026000976562,380.050498008728
238,0.001766204833984375,380.052264213562
239,0.0017414093017578125,380.05400562286377
240,0.00171661376953125,380.0557222366333
241,0.0016994476318359375,380.05742168426514
242,0.0016984939575195312,380.05912017822266
243,0.0016727447509765625,380.06079292297363
244,0.00165557861328125,380.0624485015869
245,0.0016489028930664062,380.06409740448
246,0.0016431808471679688,380.06574058532715
247,0.0016260147094726562,380.0673666000366
248,0.0016222000122070312,380.0689888000488
249,0.0016031265258789062,380.0705919265747
250,0.001590728759765625,380.0721826553345
251,0.001575469970703125,380.0737581253052
252,0.0015649795532226562,380.0753231048584
253,0.0015583038330078125,380.0768814086914
254,0.0015392303466796875,380.0784206390381
255,0.0015382766723632812,380.07995891571045
256,0.0015268325805664062,380.081485748291
257,0.001514434814453125,380.08300018310547
258,0.001495361328125,380.0844955444336
259,0.001495361328125,380.0859909057617
260,0.0014829635620117188,380.08747386932373
261,0.001483917236328125,380.08895778656006
262,0.00145721435546875,380.0904150009155
263,0.0014448165893554688,380.0918598175049
264,0.0014333724975585938,380.09329319000244
265,0.0014171600341796875,380.0947103500366
266,0.0014047622680664062,380.0961151123047
267,0.0014057159423828125,380.09752082824707
268,0.0013895034790039062,380.0989103317261
269,0.0013790130615234375,380.1002893447876
270,0.0013790130615234375,380.1016683578491
271,0.001369476318359375,380.1030378341675
272,0.001369476318359375,380.10440731048584
273,0.0013523101806640625,380.1057596206665
274,0.0013494491577148438,380.1071090698242
275,0.001338958740234375,380.10844802856445
276,0.001323699951171875,380.1097717285156
277,0.0013217926025390625,380.11109352111816
278,0.0013141632080078125,380.1124076843262
279,0.00130462646484375,380.113712310791
280,0.0012979507446289062,380.11501026153564
281,0.0012798309326171875,380.11629009246826
282,0.0012788772583007812,380.11756896972656
283,0.0012674331665039062,380.11883640289307
284,0.0012731552124023438,380.12010955810547
285,0.0012617111206054688,380.1213712692261
286,0.0012426376342773438,380.12261390686035
287,0.00124359130859375,380.12385749816895
288,0.0012331008911132812,380.12509059906006
289,0.0012187957763671875,380.1263093948364
290,0.0012111663818359375,380.12752056121826
291,0.0012102127075195312,380.1287307739258
292,0.001201629638671875,380.12993240356445
293,0.0011844635009765625,380.13111686706543
294,0.0011796951293945312,380.1322965621948
295,0.001178741455078125,380.1334753036499
296,0.001163482666015625,380.1346387863159
297,0.0011539459228515625,380.13579273223877
298,0.0011644363403320312,380.1369571685791
299,0.001155853271484375,380.1381130218506
300,0.001140594482421875,380.139253616333
301,0.0011386871337890625,380.1403923034668
302,0.001132965087890625,380.1415252685547
303,0.0011262893676757812,380.14265155792236
304,0.0011272430419921875,380.14377880096436
305,0.001117706298828125,380.1448965072632
306,0.0011186599731445312,380.1460151672363
307,0.0011119842529296875,380.14712715148926
308,0.001102447509765625,380.148229598999
309,0.0010957717895507812,380.1493253707886
310,0.0010938644409179688,380.1504192352295
311,0.0010814666748046875,380.1515007019043
312,0.0010805130004882812,380.1525812149048
313,0.0010814666748046875,380.1536626815796
314,0.0010738372802734375,380.15473651885986
315,0.0010662078857421875,380.1558027267456
316,0.00106048583984375,380.15686321258545
317,0.0010585784912109375,380.15792179107666
318,0.0010528564453125,380.158974647522
319,0.0010480880737304688,380.1600227355957
320,0.001041412353515625,380.1610641479492
321,0.001026153564453125,380.1620903015137
322,0.001026153564453125,380.1631164550781
323,0.0010194778442382812,380.16413593292236
324,0.0010089874267578125,380.1651449203491
325,0.0010156631469726562,380.1661605834961
326,0.0010051727294921875,380.1671657562256
327,0.0010013580322265625,380.1681671142578
328,0.0009927749633789062,380.1691598892212
