step,loss,cumulative_loss_sum
1,1.603515625,1.603515625
2,1.603515625,3.20703125
3,1.603515625,4.810546875
4,1.603515625,6.4140625
5,1.603515625,8.017578125
6,1.5263671875,9.5439453125
7,1.474609375,11.0185546875
8,1.42578125,12.4443359375
9,1.388671875,13.8330078125
10,1.35546875,15.1884765625
11,1.326171875,16.5146484375
12,1.29296875,17.8076171875
13,1.255859375,19.0634765625
14,1.2294921875,20.29296875
15,1.2060546875,21.4990234375
16,1.1884765625,22.6875
17,1.1591796875,23.8466796875
18,1.126953125,24.9736328125
19,1.099609375,26.0732421875
20,1.0791015625,27.15234375
21,1.05078125,28.203125
22,1.0322265625,29.2353515625
23,1.0048828125,30.240234375
24,0.98291015625,31.22314453125
25,0.96142578125,32.1845703125
26,0.94287109375,33.12744140625
27,0.9208984375,34.04833984375
28,0.90234375,34.95068359375
29,0.88916015625,35.83984375
30,0.86767578125,36.70751953125
31,0.85498046875,37.5625
32,0.83154296875,38.39404296875
33,0.814453125,39.20849609375
34,0.79833984375,40.0068359375
35,0.78173828125,40.78857421875
36,0.76806640625,41.556640625
37,0.75341796875,42.31005859375
38,0.740234375,43.05029296875
39,0.72509765625,43.775390625
40,0.71533203125,44.49072265625
41,0.69921875,45.18994140625
42,0.6845703125,45.87451171875
43,0.66943359375,46.5439453125
44,0.65673828125,47.20068359375
45,0.6455078125,47.84619140625
46,0.634765625,48.48095703125
47,0.61865234375,49.099609375
48,0.609375,49.708984375
49,0.6005859375,50.3095703125
50,0.58935546875,50.89892578125
51,0.580078125,51.47900390625
52,0.56884765625,52.0478515625
53,0.55908203125,52.60693359375
54,0.55078125,53.15771484375
55,0.53515625,53.69287109375
56,0.525390625,54.21826171875
57,0.5185546875,54.73681640625
58,0.50732421875,55.244140625
59,0.498046875,55.7421875
60,0.488037109375,56.230224609375
61,0.482177734375,56.71240234375
62,0.47412109375,57.1865234375
63,0.466796875,57.6533203125
64,0.45654296875,58.10986328125
65,0.451171875,58.56103515625
66,0.44189453125,59.0029296875
67,0.43310546875,59.43603515625
68,0.42431640625,59.8603515625
69,0.413818359375,60.274169921875
70,0.403564453125,60.677734375
71,0.390869140625,61.068603515625
72,0.3779296875,61.446533203125
73,0.366943359375,61.8134765625
74,0.357666015625,62.171142578125
75,0.349365234375,62.5205078125
76,0.342529296875,62.863037109375
77,0.337646484375,63.20068359375
78,0.33203125,63.53271484375
79,0.324462890625,63.857177734375
80,0.31982421875,64.177001953125
81,0.314208984375,64.4912109375
82,0.306640625,64.7978515625
83,0.3017578125,65.099609375
84,0.29931640625,65.39892578125
85,0.293701171875,65.692626953125
86,0.288330078125,65.98095703125
87,0.281982421875,66.262939453125
88,0.27734375,66.540283203125
89,0.271484375,66.811767578125
90,0.266357421875,67.078125
91,0.259765625,67.337890625
92,0.2568359375,67.5947265625
93,0.24951171875,67.84423828125
94,0.2484130859375,68.0926513671875
95,0.240966796875,68.3336181640625
96,0.2371826171875,68.57080078125
97,0.2313232421875,68.8021240234375
98,0.2281494140625,69.0302734375
99,0.22265625,69.2529296875
100,0.218505859375,69.471435546875
101,0.213623046875,69.68505859375
102,0.2109375,69.89599609375
103,0.206298828125,70.102294921875
104,0.2030029296875,70.3052978515625
105,0.1990966796875,70.50439453125
106,0.1973876953125,70.7017822265625
107,0.191650390625,70.8934326171875
108,0.1898193359375,71.083251953125
109,0.1861572265625,71.2694091796875
110,0.1834716796875,71.452880859375
111,0.1798095703125,71.6326904296875
112,0.178466796875,71.8111572265625
113,0.173828125,71.9849853515625
114,0.1724853515625,72.157470703125
115,0.168701171875,72.326171875
116,0.1656494140625,72.4918212890625
117,0.1634521484375,72.6552734375
118,0.1610107421875,72.8162841796875
119,0.15625,72.9725341796875
120,0.1551513671875,73.127685546875
121,0.1513671875,73.279052734375
122,0.149658203125,73.4287109375
123,0.145751953125,73.574462890625
124,0.1441650390625,73.7186279296875
125,0.1417236328125,73.8603515625
126,0.1396484375,74.0
127,0.136962890625,74.136962890625
128,0.1348876953125,74.2718505859375
129,0.1331787109375,74.405029296875
130,0.1317138671875,74.5367431640625
131,0.1280517578125,74.664794921875
132,0.1275634765625,74.7923583984375
133,0.125244140625,74.9176025390625
134,0.1240234375,75.0416259765625
135,0.1212158203125,75.162841796875
136,0.1199951171875,75.2828369140625
137,0.1181640625,75.4010009765625
138,0.1160888671875,75.51708984375
139,0.11328125,75.63037109375
140,0.11163330078125,75.74200439453125
141,0.10986328125,75.85186767578125
142,0.10748291015625,75.9593505859375
143,0.1064453125,76.0657958984375
144,0.10504150390625,76.17083740234375
145,0.1029052734375,76.27374267578125
146,0.10162353515625,76.3753662109375
147,0.09942626953125,76.47479248046875
148,0.0977783203125,76.57257080078125
149,0.0963134765625,76.66888427734375
150,0.09503173828125,76.763916015625
151,0.09283447265625,76.85675048828125
152,0.09161376953125,76.9483642578125
153,0.08953857421875,77.03790283203125
154,0.08856201171875,77.12646484375
155,0.08685302734375,77.21331787109375
156,0.08502197265625,77.29833984375
157,0.08331298828125,77.38165283203125
158,0.082275390625,77.46392822265625
159,0.0804443359375,77.54437255859375
160,0.07861328125,77.62298583984375
161,0.07672119140625,77.69970703125
162,0.075927734375,77.775634765625
163,0.07373046875,77.849365234375
164,0.072265625,77.921630859375
165,0.07025146484375,77.99188232421875
166,0.069580078125,78.06146240234375
167,0.067626953125,78.12908935546875
168,0.06640625,78.19549560546875
169,0.064697265625,78.26019287109375
170,0.063720703125,78.32391357421875
171,0.06243896484375,78.3863525390625
172,0.061431884765625,78.44778442382812
173,0.06024169921875,78.50802612304688
174,0.059112548828125,78.567138671875
175,0.057891845703125,78.62503051757812
176,0.057098388671875,78.68212890625
177,0.0562744140625,78.7384033203125
178,0.05523681640625,78.79364013671875
179,0.0543212890625,78.84796142578125
180,0.052764892578125,78.90072631835938
181,0.051910400390625,78.95263671875
182,0.051422119140625,79.00405883789062
183,0.050079345703125,79.05413818359375
184,0.049346923828125,79.10348510742188
185,0.048187255859375,79.15167236328125
186,0.04766845703125,79.1993408203125
187,0.046234130859375,79.24557495117188
188,0.0457763671875,79.29135131835938
189,0.044708251953125,79.3360595703125
190,0.04425048828125,79.38031005859375
191,0.043121337890625,79.42343139648438
192,0.04266357421875,79.46609497070312
193,0.0413818359375,79.50747680664062
194,0.0408935546875,79.54837036132812
195,0.039825439453125,79.58819580078125
196,0.03955078125,79.62774658203125
197,0.038482666015625,79.66622924804688
198,0.038299560546875,79.70452880859375
199,0.037261962890625,79.74179077148438
200,0.036773681640625,79.778564453125
201,0.03582763671875,79.81439208984375
202,0.03521728515625,79.849609375
203,0.034149169921875,79.88375854492188
204,0.033966064453125,79.917724609375
205,0.03289794921875,79.95062255859375
206,0.03271484375,79.98333740234375
207,0.03179931640625,80.01513671875
208,0.031402587890625,80.04653930664062
209,0.0306396484375,80.07717895507812
210,0.030181884765625,80.10736083984375
211,0.0295562744140625,80.13691711425781
212,0.029144287109375,80.16606140136719
213,0.028350830078125,80.19441223144531
214,0.0281829833984375,80.22259521484375
215,0.02734375,80.24993896484375
216,0.02716064453125,80.277099609375
217,0.0263824462890625,80.30348205566406
218,0.0261077880859375,80.32958984375
219,0.0253448486328125,80.35493469238281
220,0.024810791015625,80.37974548339844
221,0.02459716796875,80.40434265136719
222,0.0240325927734375,80.42837524414062
223,0.023345947265625,80.45172119140625
224,0.023101806640625,80.47482299804688
225,0.0226593017578125,80.49748229980469
226,0.022186279296875,80.51966857910156
227,0.0218658447265625,80.54153442382812
228,0.021484375,80.56301879882812
229,0.02105712890625,80.58407592773438
230,0.0206451416015625,80.60472106933594
231,0.020172119140625,80.62489318847656
232,0.019744873046875,80.64463806152344
233,0.0192718505859375,80.66390991210938
234,0.0189361572265625,80.68284606933594
235,0.0182952880859375,80.70114135742188
236,0.01806640625,80.71920776367188
237,0.017669677734375,80.73687744140625
238,0.0173797607421875,80.75425720214844
239,0.0169219970703125,80.77117919921875
240,0.0164947509765625,80.78767395019531
241,0.0162200927734375,80.80389404296875
242,0.015777587890625,80.81967163085938
243,0.01541900634765625,80.83509063720703
244,0.0151824951171875,80.85027313232422
245,0.01476287841796875,80.86503601074219
246,0.01459503173828125,80.87963104248047
247,0.01415252685546875,80.89378356933594
248,0.0139007568359375,80.90768432617188
249,0.01349639892578125,80.92118072509766
250,0.0132598876953125,80.93444061279297
251,0.01296234130859375,80.94740295410156
252,0.01263427734375,80.96003723144531
253,0.012359619140625,80.97239685058594
254,0.0121002197265625,80.9844970703125
255,0.01186370849609375,80.9963607788086
256,0.0117034912109375,81.00806427001953
257,0.0114593505859375,81.01952362060547
258,0.01126861572265625,81.03079223632812
259,0.01102447509765625,81.04181671142578
260,0.01084136962890625,81.05265808105469
261,0.01050567626953125,81.06316375732422
262,0.01032257080078125,81.073486328125
263,0.01004791259765625,81.08353424072266
264,0.00998687744140625,81.09352111816406
265,0.00965118408203125,81.1031723022461
266,0.0095367431640625,81.11270904541016
267,0.00926971435546875,81.12197875976562
268,0.00909423828125,81.13107299804688
269,0.00875091552734375,81.13982391357422
270,0.00865936279296875,81.14848327636719
271,0.0084686279296875,81.15695190429688
272,0.0082855224609375,81.16523742675781
273,0.0081024169921875,81.17333984375
274,0.00800323486328125,81.18134307861328
275,0.0077056884765625,81.18904876708984
276,0.0075836181640625,81.1966323852539
277,0.007442474365234375,81.20407485961914
278,0.007274627685546875,81.21134948730469
279,0.00714111328125,81.21849060058594
280,0.006927490234375,81.22541809082031
281,0.006786346435546875,81.23220443725586
282,0.006622314453125,81.23882675170898
283,0.006439208984375,81.24526596069336
284,0.00634002685546875,81.25160598754883
285,0.006153106689453125,81.25775909423828
286,0.00608062744140625,81.26383972167969
287,0.005962371826171875,81.26980209350586
288,0.005855560302734375,81.2756576538086
289,0.00574493408203125,81.28140258789062
290,0.005664825439453125,81.28706741333008
291,0.005527496337890625,81.29259490966797
292,0.005474090576171875,81.29806900024414
293,0.00537109375,81.30344009399414
294,0.005260467529296875,81.30870056152344
295,0.005161285400390625,81.31386184692383
296,0.00505828857421875,81.31892013549805
297,0.0050048828125,81.32392501831055
298,0.004924774169921875,81.32884979248047
299,0.004878997802734375,81.3337287902832
300,0.004810333251953125,81.33853912353516
301,0.004741668701171875,81.34328079223633
302,0.0046234130859375,81.34790420532227
303,0.0045623779296875,81.35246658325195
304,0.00452423095703125,81.35699081420898
305,0.00445556640625,81.36144638061523
306,0.00441741943359375,81.36586380004883
307,0.004314422607421875,81.37017822265625
308,0.004261016845703125,81.37443923950195
309,0.0041961669921875,81.37863540649414
310,0.00411224365234375,81.38274765014648
311,0.004100799560546875,81.38684844970703
312,0.004001617431640625,81.39085006713867
313,0.004001617431640625,81.39485168457031
314,0.00390625,81.39875793457031
315,0.003864288330078125,81.40262222290039
316,0.003849029541015625,81.4064712524414
317,0.003742218017578125,81.41021347045898
318,0.003711700439453125,81.41392517089844
319,0.0036869049072265625,81.41761207580566
320,0.00366973876953125,81.4212818145752
321,0.00360107421875,81.42488288879395
322,0.0035114288330078125,81.42839431762695
323,0.003513336181640625,81.4319076538086
324,0.0034580230712890625,81.43536567687988
325,0.003406524658203125,81.43877220153809
326,0.003391265869140625,81.44216346740723
327,0.003337860107421875,81.44550132751465
328,0.003299713134765625,81.44880104064941
329,0.0032501220703125,81.45205116271973
330,0.0032176971435546875,81.45526885986328
331,0.00318145751953125,81.45845031738281
332,0.0031795501708984375,81.46162986755371
333,0.0031337738037109375,81.46476364135742
334,0.0030841827392578125,81.46784782409668
335,0.0030574798583984375,81.47090530395508
336,0.00299835205078125,81.47390365600586
337,0.0030078887939453125,81.4769115447998
338,0.00295257568359375,81.4798641204834
339,0.002918243408203125,81.4827823638916
340,0.0028820037841796875,81.48566436767578
341,0.0028820037841796875,81.48854637145996
342,0.002826690673828125,81.49137306213379
343,0.0028057098388671875,81.49417877197266
344,0.00276947021484375,81.4969482421875
345,0.0027713775634765625,81.49971961975098
346,0.00274658203125,81.50246620178223
347,0.0026988983154296875,81.50516510009766
348,0.002685546875,81.50785064697266
349,0.00266265869140625,81.51051330566406
350,0.0026416778564453125,81.51315498352051
351,0.00260162353515625,81.51575660705566
352,0.0025806427001953125,81.51833724975586
353,0.00254058837890625,81.52087783813477
354,0.0025196075439453125,81.52339744567871
355,0.0025005340576171875,81.52589797973633
356,0.002498626708984375,81.52839660644531
357,0.0024814605712890625,81.5308780670166
358,0.002429962158203125,81.5333080291748
359,0.0024242401123046875,81.53573226928711
360,0.00240325927734375,81.53813552856445
361,0.0023670196533203125,81.54050254821777
362,0.0023555755615234375,81.5428581237793
363,0.0023212432861328125,81.54517936706543
364,0.0023193359375,81.54749870300293
365,0.0022830963134765625,81.5497817993164
366,0.002292633056640625,81.55207443237305
367,0.00225830078125,81.5543327331543
368,0.00225830078125,81.55659103393555
369,0.0022220611572265625,81.55881309509277
370,0.00218963623046875,81.56100273132324
371,0.0021877288818359375,81.56319046020508
372,0.0021877288818359375,81.56537818908691
373,0.0021457672119140625,81.56752395629883
374,0.00212860107421875,81.56965255737305
375,0.00211334228515625,81.5717658996582
376,0.0021114349365234375,81.57387733459473
377,0.0021038055419921875,81.57598114013672
378,0.002056121826171875,81.57803726196289
379,0.0020618438720703125,81.58009910583496
380,0.00203704833984375,81.5821361541748
381,0.00203704833984375,81.58417320251465
382,0.00200653076171875,81.58617973327637
383,0.0019969940185546875,81.58817672729492
384,0.0019969940185546875,81.59017372131348
385,0.001972198486328125,81.5921459197998
386,0.0019588470458984375,81.5941047668457
387,0.0019512176513671875,81.59605598449707
388,0.0019350051879882812,81.59799098968506
389,0.0019054412841796875,81.59989643096924
390,0.0018758773803710938,81.60177230834961
391,0.0018825531005859375,81.6036548614502
392,0.0018663406372070312,81.6055212020874
393,0.0018453598022460938,81.60736656188965
394,0.0018320083618164062,81.60919857025146
395,0.0018167495727539062,81.61101531982422
396,0.00182342529296875,81.61283874511719
397,0.0018024444580078125,81.6146411895752
398,0.0018024444580078125,81.6164436340332
399,0.0017881393432617188,81.61823177337646
400,0.0017604827880859375,81.61999225616455
401,0.001773834228515625,81.62176609039307
402,0.0017385482788085938,81.62350463867188
403,0.0017194747924804688,81.62522411346436
404,0.001712799072265625,81.62693691253662
405,0.0017061233520507812,81.62864303588867
406,0.00168609619140625,81.63032913208008
407,0.0016851425170898438,81.63201427459717
408,0.0016727447509765625,81.63368701934814
409,0.0016717910766601562,81.6353588104248
410,0.0016469955444335938,81.63700580596924
411,0.00164794921875,81.63865375518799
412,0.0016202926635742188,81.64027404785156
413,0.0016155242919921875,81.64188957214355
414,0.001621246337890625,81.64351081848145
415,0.0016078948974609375,81.6451187133789
416,0.001583099365234375,81.64670181274414
417,0.0015897750854492188,81.64829158782959
418,0.0015716552734375,81.64986324310303
419,0.0015592575073242188,81.65142250061035
420,0.0015459060668945312,81.65296840667725
421,0.0015592575073242188,81.65452766418457
422,0.0015420913696289062,81.6560697555542
423,0.0015230178833007812,81.6575927734375
424,0.0015230178833007812,81.6591157913208
425,0.0015230178833007812,81.6606388092041
426,0.001499176025390625,81.66213798522949
427,0.0014867782592773438,81.66362476348877
428,0.0015039443969726562,81.66512870788574
429,0.0014753341674804688,81.66660404205322
430,0.0014705657958984375,81.66807460784912
431,0.0014524459838867188,81.66952705383301
432,0.001453399658203125,81.67098045349121
433,0.0014352798461914062,81.6724157333374
434,0.0014410018920898438,81.67385673522949
435,0.0014371871948242188,81.67529392242432
436,0.0014238357543945312,81.67671775817871
437,0.001407623291015625,81.67812538146973
438,0.00139617919921875,81.67952156066895
439,0.0013856887817382812,81.68090724945068
440,0.00138092041015625,81.68228816986084
441,0.0013866424560546875,81.6836748123169
442,0.0013751983642578125,81.68505001068115
443,0.0013580322265625,81.68640804290771
444,0.0013580322265625,81.68776607513428
445,0.0013580322265625,81.68912410736084
446,0.0013427734375,81.69046688079834
447,0.0013418197631835938,81.69180870056152
448,0.0013265609741210938,81.69313526153564
449,0.0013227462768554688,81.6944580078125
450,0.001312255859375,81.69577026367188
451,0.0013065338134765625,81.69707679748535
452,0.001312255859375,81.69838905334473
453,0.0012998580932617188,81.69968891143799
454,0.00128173828125,81.70097064971924
455,0.001285552978515625,81.70225620269775
456,0.001285552978515625,81.70354175567627
457,0.0012712478637695312,81.70481300354004
458,0.001251220703125,81.70606422424316
459,0.0012598037719726562,81.70732402801514
460,0.0012464523315429688,81.70857048034668
461,0.0012311935424804688,81.70980167388916
462,0.0012369155883789062,81.71103858947754
463,0.001239776611328125,81.71227836608887
464,0.0012111663818359375,81.7134895324707
465,0.0012178421020507812,81.71470737457275
466,0.001216888427734375,81.71592426300049
467,0.0012063980102539062,81.71713066101074
468,0.001201629638671875,81.71833229064941
469,0.0011920928955078125,81.71952438354492
470,0.0011920928955078125,81.72071647644043
471,0.0011739730834960938,81.72189044952393
472,0.0011739730834960938,81.72306442260742
473,0.0011644363403320312,81.72422885894775
474,0.0011682510375976562,81.72539710998535
475,0.0011644363403320312,81.72656154632568
476,0.0011501312255859375,81.72771167755127
477,0.0011463165283203125,81.72885799407959
478,0.0011548995971679688,81.73001289367676
479,0.0011320114135742188,81.73114490509033
480,0.00113677978515625,81.73228168487549
481,0.0011196136474609375,81.73340129852295
482,0.0011196136474609375,81.73452091217041
483,0.0011234283447265625,81.73564434051514
484,0.00110626220703125,81.73675060272217
485,0.00110626220703125,81.7378568649292
486,0.0010967254638671875,81.73895359039307
487,0.0010938644409179688,81.74004745483398
488,0.0010938644409179688,81.7411413192749
489,0.0010805130004882812,81.74222183227539
490,0.0010843276977539062,81.74330615997314
491,0.0010852813720703125,81.74439144134521
492,0.0010709762573242188,81.74546241760254
493,0.001068115234375,81.74653053283691
494,0.0010547637939453125,81.74758529663086
495,0.0010519027709960938,81.74863719940186
496,0.0010547637939453125,81.7496919631958
497,0.0010595321655273438,81.75075149536133
498,0.0010509490966796875,81.75180244445801
499,0.0010385513305664062,81.75284099578857
500,0.0010347366333007812,81.75387573242188
501,0.0010347366333007812,81.75491046905518
502,0.001018524169921875,81.7559289932251
503,0.001018524169921875,81.75694751739502
504,0.0010223388671875,81.7579698562622
505,0.001007080078125,81.75897693634033
506,0.001010894775390625,81.75998783111572
507,0.0010099411010742188,81.7609977722168
508,0.0009984970092773438,81.76199626922607
