step,loss,cumulative_loss_sum
1,3.83203125,3.83203125
2,3.83203125,7.6640625
3,3.83203125,11.49609375
4,3.83203125,15.328125
5,3.83203125,19.16015625
6,3.83203125,22.9921875
7,3.83203125,26.82421875
8,3.6171875,30.44140625
9,3.40625,33.84765625
10,3.19140625,37.0390625
11,3.005859375,40.044921875
12,2.865234375,42.91015625
13,2.71875,45.62890625
14,2.58984375,48.21875
15,2.46875,50.6875
16,2.375,53.0625
17,2.275390625,55.337890625
18,2.181640625,57.51953125
19,2.083984375,59.603515625
20,1.982421875,61.5859375
21,1.892578125,63.478515625
22,1.8037109375,65.2822265625
23,1.7236328125,67.005859375
24,1.6396484375,68.6455078125
25,1.5615234375,70.20703125
26,1.484375,71.69140625
27,1.41015625,73.1015625
28,1.34375,74.4453125
29,1.275390625,75.720703125
30,1.2109375,76.931640625
31,1.1396484375,78.0712890625
32,1.072265625,79.1435546875
33,1.0029296875,80.146484375
34,0.92626953125,81.07275390625
35,0.8505859375,81.92333984375
36,0.76708984375,82.6904296875
37,0.71630859375,83.40673828125
38,0.67919921875,84.0859375
39,0.6328125,84.71875
40,0.59423828125,85.31298828125
41,0.5576171875,85.87060546875
42,0.5146484375,86.38525390625
43,0.47900390625,86.8642578125
44,0.44775390625,87.31201171875
45,0.419189453125,87.731201171875
46,0.3955078125,88.126708984375
47,0.3740234375,88.500732421875
48,0.354248046875,88.85498046875
49,0.33544921875,89.1904296875
50,0.3173828125,89.5078125
51,0.298095703125,89.805908203125
52,0.281494140625,90.08740234375
53,0.26416015625,90.3515625
54,0.250244140625,90.601806640625
55,0.2333984375,90.835205078125
56,0.2171630859375,91.0523681640625
57,0.2066650390625,91.259033203125
58,0.1943359375,91.453369140625
59,0.1832275390625,91.6365966796875
60,0.17431640625,91.8109130859375
61,0.1630859375,91.9739990234375
62,0.15234375,92.1263427734375
63,0.1424560546875,92.268798828125
64,0.1356201171875,92.4044189453125
65,0.127685546875,92.5321044921875
66,0.12066650390625,92.65277099609375
67,0.11187744140625,92.7646484375
68,0.10418701171875,92.86883544921875
69,0.0963134765625,92.96514892578125
70,0.090087890625,93.05523681640625
71,0.0843505859375,93.13958740234375
72,0.0802001953125,93.21978759765625
73,0.07562255859375,93.29541015625
74,0.07110595703125,93.36651611328125
75,0.06768798828125,93.4342041015625
76,0.0634765625,93.4976806640625
77,0.06036376953125,93.55804443359375
78,0.057159423828125,93.61520385742188
79,0.056182861328125,93.67138671875
80,0.055267333984375,93.72665405273438
81,0.05218505859375,93.77883911132812
82,0.049041748046875,93.827880859375
83,0.045928955078125,93.87380981445312
84,0.044403076171875,93.918212890625
85,0.04351806640625,93.96173095703125
86,0.0408935546875,94.00262451171875
87,0.03887939453125,94.04150390625
88,0.03643798828125,94.07794189453125
89,0.034515380859375,94.11245727539062
90,0.032745361328125,94.14520263671875
91,0.03875732421875,94.1839599609375
92,0.0311279296875,94.215087890625
93,0.0300140380859375,94.24510192871094
94,0.028289794921875,94.27339172363281
95,0.027099609375,94.30049133300781
96,0.0273590087890625,94.32785034179688
97,0.02764892578125,94.35549926757812
98,0.0253753662109375,94.38087463378906
99,0.02410888671875,94.40498352050781
100,0.0238037109375,94.42878723144531
101,0.0227203369140625,94.45150756835938
102,0.0217437744140625,94.47325134277344
103,0.0213470458984375,94.49459838867188
104,0.0208892822265625,94.51548767089844
105,0.0194854736328125,94.53497314453125
106,0.019134521484375,94.55410766601562
107,0.0175933837890625,94.57170104980469
108,0.01806640625,94.58976745605469
109,0.016754150390625,94.60652160644531
110,0.0162200927734375,94.62274169921875
111,0.01544189453125,94.63818359375
112,0.01479339599609375,94.6529769897461
113,0.01432037353515625,94.66729736328125
114,0.0139007568359375,94.68119812011719
115,0.013275146484375,94.69447326660156
116,0.012969970703125,94.70744323730469
117,0.01220703125,94.71965026855469
118,0.0139007568359375,94.73355102539062
119,0.011810302734375,94.745361328125
120,0.0113677978515625,94.75672912597656
121,0.01071929931640625,94.76744842529297
122,0.0125274658203125,94.77997589111328
123,0.01042938232421875,94.7904052734375
124,0.0100555419921875,94.80046081542969
125,0.0097808837890625,94.81024169921875
126,0.00930023193359375,94.81954193115234
127,0.00933074951171875,94.82887268066406
128,0.00888824462890625,94.83776092529297
129,0.0083160400390625,94.84607696533203
130,0.00957489013671875,94.85565185546875
131,0.00835418701171875,94.86400604248047
132,0.00795745849609375,94.87196350097656
133,0.007602691650390625,94.87956619262695
134,0.007183074951171875,94.88674926757812
135,0.00690460205078125,94.8936538696289
136,0.00890350341796875,94.90255737304688
137,0.006824493408203125,94.90938186645508
138,0.00847625732421875,94.9178581237793
139,0.006557464599609375,94.9244155883789
140,0.008148193359375,94.93256378173828
141,0.006366729736328125,94.93893051147461
142,0.00765228271484375,94.94658279418945
143,0.00616455078125,94.9527473449707
144,0.007354736328125,94.96010208129883
145,0.00601959228515625,94.96612167358398
146,0.007049560546875,94.97317123413086
147,0.005916595458984375,94.97908782958984
148,0.0068206787109375,94.98590850830078
149,0.005725860595703125,94.99163436889648
150,0.006622314453125,94.99825668334961
151,0.005611419677734375,95.00386810302734
152,0.006389617919921875,95.01025772094727
153,0.00536346435546875,95.01562118530273
154,0.006031036376953125,95.02165222167969
155,0.005207061767578125,95.02685928344727
156,0.005779266357421875,95.03263854980469
157,0.005077362060546875,95.03771591186523
158,0.00559234619140625,95.04330825805664
159,0.0048828125,95.04819107055664
160,0.0054473876953125,95.05363845825195
161,0.004756927490234375,95.05839538574219
162,0.005229949951171875,95.06362533569336
163,0.004535675048828125,95.06816101074219
164,0.00499725341796875,95.07315826416016
165,0.004436492919921875,95.07759475708008
166,0.004924774169921875,95.08251953125
167,0.004268646240234375,95.08678817749023
168,0.004695892333984375,95.09148406982422
169,0.004085540771484375,95.0955696105957
170,0.0045623779296875,95.10013198852539
171,0.0039005279541015625,95.10403251647949
172,0.00441741943359375,95.10844993591309
173,0.003772735595703125,95.11222267150879
174,0.0042266845703125,95.1164493560791
175,0.003662109375,95.1201114654541
176,0.004047393798828125,95.12415885925293
177,0.00357818603515625,95.12773704528809
178,0.00397491455078125,95.13171195983887
179,0.003509521484375,95.13522148132324
180,0.003871917724609375,95.13909339904785
181,0.0034046173095703125,95.14249801635742
182,0.0037689208984375,95.14626693725586
183,0.0033512115478515625,95.14961814880371
184,0.00365447998046875,95.15327262878418
185,0.0032100677490234375,95.1564826965332
186,0.00353240966796875,95.16001510620117
187,0.0031032562255859375,95.16311836242676
188,0.0033245086669921875,95.16644287109375
189,0.0029621124267578125,95.16940498352051
190,0.0029964447021484375,95.17240142822266
191,0.0033054351806640625,95.17570686340332
192,0.0028553009033203125,95.17856216430664
193,0.00281524658203125,95.18137741088867
194,0.002811431884765625,95.18418884277344
195,0.003143310546875,95.18733215332031
196,0.002716064453125,95.19004821777344
197,0.00273895263671875,95.19278717041016
198,0.003078460693359375,95.19586563110352
199,0.00283050537109375,95.19869613647461
200,0.002628326416015625,95.20132446289062
201,0.0027484893798828125,95.20407295227051
202,0.00258636474609375,95.2066593170166
203,0.0027484893798828125,95.20940780639648
204,0.00250244140625,95.21191024780273
205,0.0026397705078125,95.21455001831055
206,0.0024471282958984375,95.21699714660645
207,0.002635955810546875,95.21963310241699
208,0.0023651123046875,95.22199821472168
209,0.00234222412109375,95.22434043884277
210,0.0023517608642578125,95.22669219970703
211,0.0025272369384765625,95.22921943664551
212,0.002323150634765625,95.23154258728027
213,0.00244903564453125,95.2339916229248
214,0.0022125244140625,95.23620414733887
215,0.002307891845703125,95.23851203918457
216,0.0021915435791015625,95.24070358276367
217,0.00226593017578125,95.24296951293945
218,0.002132415771484375,95.24510192871094
219,0.00218963623046875,95.2472915649414
220,0.0022563934326171875,95.24954795837402
221,0.002346038818359375,95.25189399719238
222,0.002040863037109375,95.25393486022949
223,0.002017974853515625,95.25595283508301
224,0.0021114349365234375,95.25806427001953
225,0.001956939697265625,95.2600212097168
226,0.0019445419311523438,95.26196575164795
227,0.0020618438720703125,95.26402759552002
228,0.001941680908203125,95.26596927642822
229,0.00217437744140625,95.26814365386963
230,0.00217437744140625,95.27031803131104
231,0.0019483566284179688,95.27226638793945
232,0.0019283294677734375,95.27419471740723
233,0.00196075439453125,95.27615547180176
234,0.0018434524536132812,95.27799892425537
235,0.00205230712890625,95.28005123138428
236,0.002048492431640625,95.28209972381592
237,0.001857757568359375,95.28395748138428
238,0.0017719268798828125,95.28572940826416
239,0.0018177032470703125,95.28754711151123
240,0.001758575439453125,95.28930568695068
241,0.0018033981323242188,95.29110908508301
242,0.0017299652099609375,95.29283905029297
243,0.0017881393432617188,95.29462718963623
244,0.0017004013061523438,95.29632759094238
245,0.001678466796875,95.29800605773926
246,0.0017690658569335938,95.29977512359619
247,0.0018434524536132812,95.3016185760498
248,0.00165557861328125,95.30327415466309
249,0.00186920166015625,95.30514335632324
250,0.0018177032470703125,95.30696105957031
251,0.0016298294067382812,95.30859088897705
252,0.0016422271728515625,95.3102331161499
253,0.0016450881958007812,95.3118782043457
254,0.0015707015991210938,95.31344890594482
255,0.0015611648559570312,95.31501007080078
256,0.0015888214111328125,95.31659889221191
257,0.0015573501586914062,95.3181562423706
258,0.00160980224609375,95.3197660446167
259,0.0015392303466796875,95.32130527496338
260,0.001537322998046875,95.32284259796143
261,0.0015287399291992188,95.32437133789062
262,0.0014905929565429688,95.32586193084717
263,0.0015010833740234375,95.32736301422119
264,0.0014600753784179688,95.32882308959961
265,0.0014734268188476562,95.33029651641846
266,0.0014448165893554688,95.33174133300781
267,0.0014238357543945312,95.3331651687622
268,0.0014810562133789062,95.33464622497559
269,0.0014514923095703125,95.33609771728516
270,0.0014190673828125,95.33751678466797
271,0.001430511474609375,95.33894729614258
272,0.0013895034790039062,95.34033679962158
273,0.0014028549194335938,95.34173965454102
274,0.0013704299926757812,95.34311008453369
275,0.0013589859008789062,95.34446907043457
276,0.001373291015625,95.3458423614502
277,0.0014019012451171875,95.34724426269531
278,0.0013284683227539062,95.34857273101807
279,0.001331329345703125,95.34990406036377
280,0.001369476318359375,95.35127353668213
281,0.0013065338134765625,95.3525800704956
282,0.0013179779052734375,95.35389804840088
283,0.00133514404296875,95.35523319244385
284,0.00128936767578125,95.35652256011963
285,0.0012903213500976562,95.35781288146973
286,0.0013103485107421875,95.35912322998047
287,0.001255035400390625,95.36037826538086
288,0.0012493133544921875,95.36162757873535
289,0.0012464523315429688,95.3628740310669
290,0.0012378692626953125,95.36411190032959
291,0.00122833251953125,95.36534023284912
292,0.0012693405151367188,95.36660957336426
293,0.0012903213500976562,95.36789989471436
294,0.0012044906616210938,95.36910438537598
295,0.0012054443359375,95.37030982971191
296,0.0012273788452148438,95.37153720855713
297,0.001220703125,95.37275791168213
298,0.001251220703125,95.37400913238525
299,0.0011882781982421875,95.3751974105835
300,0.0011796951293945312,95.37637710571289
301,0.0012102127075195312,95.37758731842041
302,0.0011615753173828125,95.3787488937378
303,0.0011844635009765625,95.37993335723877
304,0.0011529922485351562,95.3810863494873
305,0.0011816024780273438,95.38226795196533
306,0.0011415481567382812,95.38340950012207
307,0.001125335693359375,95.38453483581543
308,0.0011196136474609375,95.38565444946289
309,0.0011119842529296875,95.38676643371582
310,0.0011472702026367188,95.38791370391846
311,0.0011224746704101562,95.38903617858887
312,0.0011453628540039062,95.39018154144287
313,0.0010995864868164062,95.39128112792969
314,0.0011196136474609375,95.39240074157715
315,0.0010843276977539062,95.3934850692749
316,0.0010805130004882812,95.39456558227539
317,0.0010747909545898438,95.39564037322998
318,0.0010843276977539062,95.39672470092773
319,0.0011148452758789062,95.39783954620361
320,0.0010728836059570312,95.39891242980957
321,0.0010814666748046875,95.39999389648438
322,0.0010519027709960938,95.40104579925537
323,0.0010738372802734375,95.40211963653564
324,0.0010442733764648438,95.40316390991211
325,0.0010633468627929688,95.4042272567749
326,0.0010385513305664062,95.40526580810547
327,0.0010519027709960938,95.40631771087646
328,0.001033782958984375,95.40735149383545
329,0.001041412353515625,95.40839290618896
330,0.0010251998901367188,95.4094181060791
331,0.0010356903076171875,95.41045379638672
332,0.0010042190551757812,95.4114580154419
333,0.00101470947265625,95.41247272491455
334,0.0010004043579101562,95.41347312927246
335,0.0010232925415039062,95.41449642181396
336,0.0009946823120117188,95.41549110412598
