step,loss,cumulative_loss_sum
1,1.5322265625,1.5322265625
2,1.5322265625,3.064453125
3,1.5322265625,4.5966796875
4,1.5322265625,6.12890625
5,1.5322265625,7.6611328125
6,1.3974609375,9.05859375
7,1.2841796875,10.3427734375
8,1.1748046875,11.517578125
9,1.0888671875,12.6064453125
10,1.0302734375,13.63671875
11,0.96484375,14.6015625
12,0.896484375,15.498046875
13,0.81640625,16.314453125
14,0.75537109375,17.06982421875
15,0.70654296875,17.7763671875
16,0.70458984375,18.48095703125
17,0.67919921875,19.16015625
18,0.681640625,19.841796875
19,0.64306640625,20.48486328125
20,0.64892578125,21.1337890625
21,0.62060546875,21.75439453125
22,0.62744140625,22.3818359375
23,0.59326171875,22.97509765625
24,0.6005859375,23.57568359375
25,0.56103515625,24.13671875
26,0.5751953125,24.7119140625
27,0.54150390625,25.25341796875
28,0.5498046875,25.80322265625
29,0.5244140625,26.32763671875
30,0.5302734375,26.85791015625
31,0.496337890625,27.354248046875
32,0.50927734375,27.863525390625
33,0.47119140625,28.334716796875
34,0.477294921875,28.81201171875
35,0.4560546875,29.26806640625
36,0.455810546875,29.723876953125
37,0.441650390625,30.16552734375
38,0.427001953125,30.592529296875
39,0.416259765625,31.0087890625
40,0.404541015625,31.413330078125
41,0.386474609375,31.7998046875
42,0.37744140625,32.17724609375
43,0.367919921875,32.545166015625
44,0.35498046875,32.900146484375
45,0.35009765625,33.250244140625
46,0.336181640625,33.58642578125
47,0.325439453125,33.911865234375
48,0.319091796875,34.23095703125
49,0.31298828125,34.5439453125
50,0.30224609375,34.84619140625
51,0.298095703125,35.144287109375
52,0.286865234375,35.43115234375
53,0.289306640625,35.720458984375
54,0.275390625,35.995849609375
55,0.279296875,36.275146484375
56,0.266357421875,36.54150390625
57,0.2666015625,36.80810546875
58,0.251953125,37.06005859375
59,0.254150390625,37.314208984375
60,0.2410888671875,37.5552978515625
61,0.24365234375,37.7989501953125
62,0.2314453125,38.0303955078125
63,0.2364501953125,38.266845703125
64,0.2239990234375,38.4908447265625
65,0.2291259765625,38.719970703125
66,0.2176513671875,38.9376220703125
67,0.2139892578125,39.151611328125
68,0.2152099609375,39.3668212890625
69,0.2064208984375,39.5732421875
70,0.205810546875,39.779052734375
71,0.198974609375,39.97802734375
72,0.19140625,40.16943359375
73,0.194091796875,40.363525390625
74,0.185546875,40.549072265625
75,0.18505859375,40.734130859375
76,0.1781005859375,40.9122314453125
77,0.1787109375,41.0909423828125
78,0.169921875,41.2608642578125
79,0.169677734375,41.4305419921875
80,0.1641845703125,41.5947265625
81,0.16064453125,41.75537109375
82,0.1571044921875,41.9124755859375
83,0.1544189453125,42.06689453125
84,0.151611328125,42.218505859375
85,0.1502685546875,42.3687744140625
86,0.1463623046875,42.51513671875
87,0.1446533203125,42.6597900390625
88,0.141845703125,42.8016357421875
89,0.14013671875,42.9417724609375
90,0.1387939453125,43.08056640625
91,0.1363525390625,43.2169189453125
92,0.1353759765625,43.352294921875
93,0.130859375,43.483154296875
94,0.1300048828125,43.6131591796875
95,0.127685546875,43.7408447265625
96,0.125732421875,43.8665771484375
97,0.1243896484375,43.990966796875
98,0.12255859375,44.113525390625
99,0.11968994140625,44.23321533203125
100,0.1190185546875,44.35223388671875
101,0.1156005859375,44.46783447265625
102,0.1141357421875,44.58197021484375
103,0.1131591796875,44.69512939453125
104,0.112060546875,44.80718994140625
105,0.10870361328125,44.9158935546875
106,0.10797119140625,45.02386474609375
107,0.10528564453125,45.129150390625
108,0.1058349609375,45.2349853515625
109,0.10247802734375,45.33746337890625
110,0.1026611328125,45.44012451171875
111,0.09991455078125,45.5400390625
112,0.09893798828125,45.63897705078125
113,0.0968017578125,45.73577880859375
114,0.09454345703125,45.830322265625
115,0.09423828125,45.924560546875
116,0.0908203125,46.015380859375
117,0.0914306640625,46.1068115234375
118,0.08935546875,46.1961669921875
119,0.08880615234375,46.28497314453125
120,0.085693359375,46.37066650390625
121,0.0860595703125,46.45672607421875
122,0.08282470703125,46.53955078125
123,0.08349609375,46.623046875
124,0.08013916015625,46.70318603515625
125,0.080322265625,46.78350830078125
126,0.0777587890625,46.86126708984375
127,0.0784912109375,46.93975830078125
128,0.074951171875,47.01470947265625
129,0.0765380859375,47.09124755859375
130,0.07275390625,47.16400146484375
131,0.07330322265625,47.2373046875
132,0.0709228515625,47.3082275390625
133,0.07159423828125,47.37982177734375
134,0.06866455078125,47.448486328125
135,0.0689697265625,47.5174560546875
136,0.06591796875,47.5833740234375
137,0.06707763671875,47.65045166015625
138,0.06304931640625,47.7135009765625
139,0.064697265625,47.7781982421875
140,0.061676025390625,47.839874267578125
141,0.06280517578125,47.902679443359375
142,0.059783935546875,47.96246337890625
143,0.060516357421875,48.022979736328125
144,0.056884765625,48.079864501953125
145,0.058349609375,48.138214111328125
146,0.054779052734375,48.1929931640625
147,0.056060791015625,48.249053955078125
148,0.05279541015625,48.301849365234375
149,0.05401611328125,48.355865478515625
150,0.051177978515625,48.40704345703125
151,0.05230712890625,48.4593505859375
152,0.04931640625,48.5086669921875
153,0.0501708984375,48.558837890625
154,0.0474853515625,48.6063232421875
155,0.048126220703125,48.654449462890625
156,0.045654296875,48.700103759765625
157,0.046600341796875,48.7467041015625
158,0.04376220703125,48.79046630859375
159,0.044189453125,48.83465576171875
160,0.042266845703125,48.876922607421875
161,0.04327392578125,48.920196533203125
162,0.04046630859375,48.960662841796875
163,0.04156494140625,49.002227783203125
164,0.039581298828125,49.04180908203125
165,0.04034423828125,49.0821533203125
166,0.038055419921875,49.120208740234375
167,0.03839111328125,49.158599853515625
168,0.036712646484375,49.1953125
169,0.03656005859375,49.23187255859375
170,0.0347900390625,49.26666259765625
171,0.03485107421875,49.301513671875
172,0.033538818359375,49.335052490234375
173,0.033477783203125,49.3685302734375
174,0.0321044921875,49.400634765625
175,0.031890869140625,49.432525634765625
176,0.0307769775390625,49.46330261230469
177,0.0305938720703125,49.493896484375
178,0.029449462890625,49.523345947265625
179,0.0294342041015625,49.55278015136719
180,0.0284576416015625,49.58123779296875
181,0.0280303955078125,49.60926818847656
182,0.0274658203125,49.63673400878906
183,0.0272369384765625,49.663970947265625
184,0.026214599609375,49.690185546875
185,0.0262451171875,49.7164306640625
186,0.0253143310546875,49.74174499511719
187,0.025299072265625,49.76704406738281
188,0.02471923828125,49.79176330566406
189,0.024169921875,49.81593322753906
190,0.0240020751953125,49.839935302734375
191,0.023529052734375,49.86346435546875
192,0.02313232421875,49.8865966796875
193,0.02264404296875,49.90924072265625
194,0.0222930908203125,49.93153381347656
195,0.0217437744140625,49.953277587890625
196,0.0215911865234375,49.97486877441406
197,0.021026611328125,49.99589538574219
198,0.0207366943359375,50.016632080078125
199,0.020263671875,50.036895751953125
200,0.02008056640625,50.056976318359375
201,0.0196990966796875,50.07667541503906
202,0.0193023681640625,50.095977783203125
203,0.0188446044921875,50.11482238769531
204,0.0186920166015625,50.133514404296875
205,0.0181732177734375,50.15168762207031
206,0.01806640625,50.16975402832031
207,0.017486572265625,50.18724060058594
208,0.0173797607421875,50.204620361328125
209,0.0169677734375,50.221588134765625
210,0.0167236328125,50.238311767578125
211,0.016448974609375,50.2547607421875
212,0.01617431640625,50.27093505859375
213,0.01568603515625,50.28662109375
214,0.01551055908203125,50.30213165283203
215,0.01513671875,50.31726837158203
216,0.01485443115234375,50.332122802734375
217,0.01459503173828125,50.346717834472656
218,0.0143890380859375,50.361106872558594
219,0.01401519775390625,50.3751220703125
220,0.01378631591796875,50.38890838623047
221,0.0135040283203125,50.40241241455078
222,0.01335906982421875,50.415771484375
223,0.012969970703125,50.428741455078125
224,0.01285552978515625,50.44159698486328
225,0.01256561279296875,50.45416259765625
226,0.01242828369140625,50.466590881347656
227,0.01216888427734375,50.478759765625
228,0.0118408203125,50.4906005859375
229,0.011383056640625,50.501983642578125
230,0.01143646240234375,50.51342010498047
231,0.0109710693359375,50.524391174316406
232,0.0109710693359375,50.535362243652344
233,0.0104217529296875,50.54578399658203
234,0.0104827880859375,50.55626678466797
235,0.01009368896484375,50.56636047363281
236,0.0097808837890625,50.576141357421875
237,0.00952911376953125,50.585670471191406
238,0.009185791015625,50.59485626220703
239,0.00920867919921875,50.60406494140625
240,0.0087738037109375,50.61283874511719
241,0.00890350341796875,50.621742248535156
242,0.00836181640625,50.630104064941406
243,0.00824737548828125,50.63835144042969
244,0.00820159912109375,50.64655303955078
245,0.00809478759765625,50.65464782714844
246,0.00794219970703125,50.66259002685547
247,0.00778961181640625,50.670379638671875
248,0.007671356201171875,50.67805099487305
249,0.007556915283203125,50.68560791015625
250,0.007297515869140625,50.69290542602539
251,0.007320404052734375,50.700225830078125
252,0.00701141357421875,50.707237243652344
253,0.007068634033203125,50.71430587768555
254,0.00678253173828125,50.72108840942383
255,0.006763458251953125,50.72785186767578
256,0.0064544677734375,50.73430633544922
257,0.006481170654296875,50.740787506103516
258,0.006275177001953125,50.74706268310547
259,0.00617218017578125,50.75323486328125
260,0.00606536865234375,50.759300231933594
261,0.006031036376953125,50.76533126831055
262,0.0058746337890625,50.77120590209961
263,0.00579071044921875,50.77699661254883
264,0.005657196044921875,50.78265380859375
265,0.005573272705078125,50.78822708129883
266,0.005458831787109375,50.79368591308594
267,0.0052032470703125,50.79888916015625
268,0.0050506591796875,50.80393981933594
269,0.004978179931640625,50.80891799926758
270,0.0048980712890625,50.81381607055664
271,0.004810333251953125,50.818626403808594
272,0.00484466552734375,50.82347106933594
273,0.004734039306640625,50.82820510864258
274,0.004642486572265625,50.832847595214844
275,0.004596710205078125,50.83744430541992
276,0.004467010498046875,50.84191131591797
277,0.004428863525390625,50.84634017944336
278,0.0042877197265625,50.85062789916992
279,0.00424957275390625,50.85487747192383
280,0.004169464111328125,50.859046936035156
281,0.004146575927734375,50.86319351196289
282,0.0041046142578125,50.8672981262207
283,0.0040435791015625,50.871341705322266
284,0.004001617431640625,50.875343322753906
285,0.00390625,50.879249572753906
286,0.0038852691650390625,50.883134841918945
287,0.0038433074951171875,50.88697814941406
288,0.0037841796875,50.89076232910156
289,0.0037212371826171875,50.89448356628418
290,0.0037021636962890625,50.89818572998047
291,0.0036258697509765625,50.901811599731445
292,0.0035991668701171875,50.90541076660156
293,0.0035533905029296875,50.90896415710449
294,0.003513336181640625,50.91247749328613
295,0.0034885406494140625,50.91596603393555
296,0.003448486328125,50.91941452026367
297,0.0034160614013671875,50.92283058166504
298,0.003383636474609375,50.92621421813965
299,0.0033397674560546875,50.9295539855957
300,0.0033111572265625,50.932865142822266
301,0.0032787322998046875,50.93614387512207
302,0.0032482147216796875,50.93939208984375
303,0.003246307373046875,50.9426383972168
304,0.0031757354736328125,50.94581413269043
305,0.0031585693359375,50.94897270202637
306,0.00308990478515625,50.95206260681152
307,0.0030460357666015625,50.955108642578125
308,0.0030384063720703125,50.958147048950195
309,0.00302886962890625,50.9611759185791
310,0.003017425537109375,50.96419334411621
311,0.0029735565185546875,50.967166900634766
312,0.0029697418212890625,50.970136642456055
313,0.00290679931640625,50.97304344177246
314,0.0028781890869140625,50.975921630859375
315,0.00284576416015625,50.97876739501953
316,0.0028133392333984375,50.98158073425293
317,0.0027790069580078125,50.98435974121094
318,0.0027790069580078125,50.987138748168945
319,0.0027561187744140625,50.98989486694336
320,0.0027217864990234375,50.99261665344238
321,0.0027065277099609375,50.995323181152344
322,0.00267791748046875,50.99800109863281
323,0.002635955810546875,51.00063705444336
324,0.0026264190673828125,51.00326347351074
325,0.0026111602783203125,51.00587463378906
326,0.0026035308837890625,51.00847816467285
327,0.0025653839111328125,51.011043548583984
328,0.00255584716796875,51.01359939575195
329,0.0025348663330078125,51.01613426208496
330,0.002513885498046875,51.01864814758301
331,0.0024890899658203125,51.02113723754883
332,0.002468109130859375,51.02360534667969
333,0.0024471282958984375,51.026052474975586
334,0.0024394989013671875,51.02849197387695
335,0.002422332763671875,51.030914306640625
336,0.002376556396484375,51.03329086303711
337,0.002376556396484375,51.035667419433594
338,0.002346038818359375,51.03801345825195
339,0.002346038818359375,51.04035949707031
340,0.0023097991943359375,51.04266929626465
341,0.002288818359375,51.04495811462402
342,0.0022830963134765625,51.0472412109375
343,0.0022754669189453125,51.049516677856445
344,0.00225830078125,51.051774978637695
345,0.002223968505859375,51.053998947143555
346,0.00220489501953125,51.056203842163086
347,0.002208709716796875,51.05841255187988
348,0.002178192138671875,51.060590744018555
349,0.00218963623046875,51.06278038024902
350,0.0021610260009765625,51.06494140625
351,0.002147674560546875,51.06708908081055
352,0.0021076202392578125,51.069196701049805
353,0.0021190643310546875,51.07131576538086
354,0.0020904541015625,51.07340621948242
355,0.0020885467529296875,51.07549476623535
356,0.0020599365234375,51.07755470275879
357,0.0020465850830078125,51.0796012878418
358,0.002044677734375,51.08164596557617
359,0.0020198822021484375,51.08366584777832
360,0.0019989013671875,51.08566474914551
361,0.002010345458984375,51.08767509460449
362,0.0020084381103515625,51.089683532714844
363,0.0019989013671875,51.09168243408203
364,0.00197601318359375,51.093658447265625
365,0.001956939697265625,51.09561538696289
366,0.00194549560546875,51.09756088256836
367,0.0019550323486328125,51.09951591491699
368,0.0019178390502929688,51.101433753967285
369,0.0019311904907226562,51.10336494445801
370,0.0018863677978515625,51.10525131225586
371,0.0018901824951171875,51.10714149475098
372,0.0018749237060546875,51.10901641845703
373,0.0018720626831054688,51.11088848114014
374,0.0018453598022460938,51.11273384094238
375,0.001842498779296875,51.11457633972168
376,0.0018157958984375,51.11639213562012
377,0.0018129348754882812,51.118205070495605
378,0.0018024444580078125,51.12000751495361
379,0.00179290771484375,51.12180042266846
380,0.0017919540405273438,51.123592376708984
381,0.001766204833984375,51.12535858154297
382,0.0017547607421875,51.127113342285156
383,0.0017566680908203125,51.12887001037598
384,0.0017423629760742188,51.13061237335205
385,0.0017232894897460938,51.1323356628418
386,0.0017328262329101562,51.13406848907471
387,0.001720428466796875,51.135788917541504
388,0.0017185211181640625,51.13750743865967
389,0.0016870498657226562,51.13919448852539
390,0.0016956329345703125,51.14089012145996
391,0.0016736984252929688,51.142563819885254
392,0.0016574859619140625,51.14422130584717
393,0.0016546249389648438,51.14587593078613
394,0.00164794921875,51.14752388000488
395,0.001644134521484375,51.14916801452637
396,0.0016355514526367188,51.150803565979004
397,0.0016269683837890625,51.15243053436279
398,0.0016088485717773438,51.15403938293457
399,0.001613616943359375,51.15565299987793
400,0.0015764236450195312,51.15722942352295
401,0.0015659332275390625,51.15879535675049
402,0.0015668869018554688,51.160362243652344
403,0.0015821456909179688,51.16194438934326
404,0.0015535354614257812,51.16349792480469
405,0.0015611648559570312,51.165059089660645
406,0.0015363693237304688,51.166595458984375
407,0.0015306472778320312,51.16812610626221
408,0.0015249252319335938,51.16965103149414
409,0.0015392303466796875,51.17119026184082
410,0.0015211105346679688,51.17271137237549
411,0.001506805419921875,51.17421817779541
412,0.0015039443969726562,51.17572212219238
413,0.001495361328125,51.17721748352051
414,0.0014944076538085938,51.178711891174316
415,0.001468658447265625,51.18018054962158
416,0.0014791488647460938,51.18165969848633
417,0.0014734268188476562,51.183133125305176
418,0.0014524459838867188,51.18458557128906
419,0.00144195556640625,51.18602752685547
420,0.0014591217041015625,51.18748664855957
421,0.0014362335205078125,51.18892288208008
422,0.001430511474609375,51.19035339355469
423,0.0014371871948242188,51.19179058074951
424,0.0014257431030273438,51.19321632385254
425,0.0014276504516601562,51.1946439743042
426,0.001407623291015625,51.196051597595215
427,0.00140380859375,51.197455406188965
428,0.0013990402221679688,51.19885444641113
429,0.0013990402221679688,51.2002534866333
430,0.0013933181762695312,51.20164680480957
431,0.0013895034790039062,51.203036308288574
432,0.001384735107421875,51.204421043395996
433,0.00136566162109375,51.20578670501709
434,0.0013685226440429688,51.20715522766113
435,0.0013685226440429688,51.208523750305176
436,0.0013484954833984375,51.209872245788574
437,0.0013427734375,51.211215019226074
438,0.0013294219970703125,51.212544441223145
439,0.0013284683227539062,51.2138729095459
440,0.00133514404296875,51.21520805358887
441,0.0013227462768554688,51.21653079986572
442,0.001316070556640625,51.21784687042236
443,0.0013065338134765625,51.21915340423584
444,0.0012969970703125,51.22045040130615
445,0.0013017654418945312,51.22175216674805
446,0.001293182373046875,51.223045349121094
447,0.0012884140014648438,51.22433376312256
448,0.001285552978515625,51.225619316101074
449,0.0012798309326171875,51.22689914703369
450,0.0012731552124023438,51.228172302246094
451,0.0012664794921875,51.22943878173828
452,0.00127410888671875,51.230712890625
453,0.001262664794921875,51.23197555541992
454,0.001255035400390625,51.23323059082031
455,0.0012521743774414062,51.234482765197754
456,0.0012416839599609375,51.235724449157715
457,0.0012483596801757812,51.23697280883789
458,0.0012388229370117188,51.2382116317749
459,0.0012359619140625,51.239447593688965
460,0.0012311935424804688,51.240678787231445
461,0.0012273788452148438,51.24190616607666
462,0.001220703125,51.24312686920166
463,0.0012025833129882812,51.24432945251465
464,0.0012111663818359375,51.245540618896484
465,0.0011920928955078125,51.24673271179199
466,0.0012054443359375,51.24793815612793
467,0.0012035369873046875,51.249141693115234
468,0.0011959075927734375,51.25033760070801
469,0.0011854171752929688,51.2515230178833
470,0.0011806488037109375,51.25270366668701
471,0.0011796951293945312,51.253883361816406
472,0.0011816024780273438,51.255064964294434
473,0.00115966796875,51.256224632263184
474,0.0011539459228515625,51.257378578186035
475,0.001163482666015625,51.25854206085205
476,0.0011606216430664062,51.25970268249512
477,0.0011539459228515625,51.26085662841797
478,0.0011348724365234375,51.26199150085449
479,0.0011415481567382812,51.26313304901123
480,0.0011281967163085938,51.26426124572754
481,0.0011386871337890625,51.26539993286133
482,0.0011243820190429688,51.26652431488037
483,0.0011196136474609375,51.26764392852783
484,0.0011196136474609375,51.26876354217529
485,0.0011205673217773438,51.26988410949707
486,0.001102447509765625,51.270986557006836
487,0.0011053085327148438,51.27209186553955
488,0.001102447509765625,51.273194313049316
489,0.0011034011840820312,51.2742977142334
490,0.001094818115234375,51.27539253234863
491,0.001094818115234375,51.27648735046387
492,0.0010747909545898438,51.27756214141846
493,0.0010833740234375,51.278645515441895
494,0.0010833740234375,51.27972888946533
495,0.0010824203491210938,51.28081130981445
496,0.001079559326171875,51.281890869140625
497,0.0010652542114257812,51.28295612335205
498,0.001071929931640625,51.28402805328369
499,0.0010690689086914062,51.28509712219238
500,0.0010538101196289062,51.28615093231201
501,0.0010528564453125,51.287203788757324
502,0.001049041748046875,51.28825283050537
503,0.001049041748046875,51.28930187225342
504,0.0010461807250976562,51.290348052978516
505,0.0010519027709960938,51.29139995574951
506,0.0010366439819335938,51.292436599731445
507,0.0010356903076171875,51.29347229003906
508,0.0010328292846679688,51.29450511932373
509,0.0010366439819335938,51.295541763305664
510,0.00102996826171875,51.29657173156738
511,0.0010232925415039062,51.29759502410889
512,0.00102996826171875,51.298624992370605
513,0.001026153564453125,51.29965114593506
514,0.0010166168212890625,51.30066776275635
515,0.0010175704956054688,51.30168533325195
516,0.0010128021240234375,51.30269813537598
517,0.0010128021240234375,51.3037109375
518,0.0010023117065429688,51.30471324920654
519,0.0010023117065429688,51.305715560913086
520,0.0010042190551757812,51.30671977996826
521,0.0009908676147460938,51.30771064758301
